scan	range	bearing	velocity
0	315.0194912922248	0.3065744858475005	4.565684515936652
0	466.8934665100396	0.15716607128130927	-6.109608926651885
0	176.1672980198132	1.0407936251896557	17.90964754302859
0	538.5441130769236	0.2947291418420982	4.1840926073202285
0	395.7230574106322	1.3027360780945954	3.1705910416968277

1	318.7484852005627	0.3425086306118189	5.4651272694630055
1	458.782277108468	0.3847163476640282	-6.023307589745593
1	198.47707009284318	1.0281895588695478	17.86070147109032
1	545.7185698103714	0.4372015633465751	4.66450280563722
1	397.26269216528624	1.3109261622789774	3.3676652487583776
1	858.9847983277833	1.2990348057925005	3.3676652487583776

2	326.3036180113507	0.2876301744400458	5.994441903269703
2	445.1415741174162	0.2448954204415843	-5.225850371422434
2	214.32206645401203	0.8887771538857184	18.24765411033592
2	552.3819632131622	0.2651889780845111	4.618919854751606
2	399.3456303457849	1.2683126861208633	3.823982482165063

3	331.8000900038207	0.49028094848799747	6.6393788036065855
3	444.18344755174815	0.26715753250818414	-4.440981331252884
3	231.37310750569242	0.8475956645629077	17.7424294600766
3	553.1297684394832	0.3443058376042185	5.118286450501813

4	338.7592239784671	0.4827875332510313	6.75899528167751
4	437.89215143909075	0.42922500782346207	-4.166782157817504
4	257.80874173141484	0.8478327561452648	17.925841378331047
4	559.6154862808984	0.5010722212101978	5.393824573127374
4	416.8996427308033	1.2396991450985257	5.396887533361152

5	347.8080431406658	0.5709929103541965	7.470520680126568
5	437.23538216027026	0.39469164905820675	-2.8892402907158337
5	266.6181325256304	0.98048992959388	17.838066491761552
5	570.475651356737	0.4795557141998462	6.099112518892881
5	418.9568304747119	1.20554112973995	5.551563133513434
5	1170.9024960254721	1.0025765460000884	5.551563133513434

6	350.50607552229684	0.46440785524366907	7.99884752723711
6	431.1721311816051	0.4425749958921363	-2.145860933557953
6	295.5742667386102	0.911525260101979	17.964082860998204
6	565.6161558492523	0.46301842407262117	6.202550603838802
6	424.0753261755388	1.0034962941566405	5.762118657805774

7	362.54352509892874	0.7412714841902919	8.233679591655887
7	433.6576204712035	0.2566253491213119	-1.716615295214066
7	575.2015255798271	0.38144101161620453	6.810305653036628
7	428.5387218586793	1.045292843637714	6.190646734728725
7	775.953563323558	1.7417120182467163	6.190646734728725

8	376.0214260110805	0.6614600315675212	8.839985453703441
8	429.6870158100457	0.5390024479651401	-1.0206325911026215
8	320.3137159498122	1.0630315031925675	17.834885538379766
8	580.3937389711293	0.5251312412327422	7.152542682175085
8	440.244972289879	1.0339254078036446	6.862584934546381
8	1054.9252164279335	1.6713863383523269	6.862584934546381
8	1183.0969165541942	0.7154373665656186	6.862584934546381

9	381.4216894684539	0.7268962563909667	9.065248154188176
9	428.1599616826666	0.5606429544356787	-0.15352195063699944
9	348.65071238878767	0.9459808934078561	18.22315960456829
9	591.1754523229092	0.4850754227956697	6.946847510441837
9	447.2523824515911	1.0315286590711212	7.056874355750687

10	387.64195389191764	0.6808016578438207	9.550605396050091
10	427.91696880680655	0.6636800259757492	0.504157966358672
10	361.85993038272477	0.9892993053526579	17.938920180137078
10	597.170100268925	0.40563109638318223	7.446884688548697
10	453.43083835801986	0.9658553658188506	7.337844926634618
10	234.59799056082318	-0.23669569182715824	7.337844926634618
10	490.8386257899037	1.8645785647221391	7.337844926634618
10	876.0570465319975	0.9045699248788341	7.337844926634618
10	265.1737846191122	0.643376870503414	7.337844926634618

11	404.0424317616778	0.6830765982834227	9.753790493855925
11	429.9168135958004	0.5904862361890336	1.3772816510206791
11	375.73134087081604	0.9204988285975519	17.81197767579069
11	608.3681489988309	0.4851664575598332	8.09327683175384
11	461.3854524333448	0.987215823480034	8.002653854154424

12	405.58384956747636	0.767721705383937	10.322857349326208
12	429.5267897178775	0.6742494942028501	1.8468043156143914
12	391.80085381428097	0.9471015350410557	18.464008752166013
12	615.2744010333635	0.5643726308449313	8.33503601199432
12	466.6971214222225	0.9739611881418622	8.403671231350874
12	745.1150477624019	1.0427763211945162	8.403671231350874
12	956.2168692604513	1.7452938751533655	8.403671231350874
12	828.9448490824262	0.08849857445649191	8.403671231350874

13	416.6755603458108	0.6722258685095861	10.824155217910945
13	441.42135670746063	0.8259295607194126	2.8708544572208305
13	420.4848508862249	0.9926353974530974	18.140844046289075
13	624.6002173684464	0.491090235249951	8.467504570804543
13	475.99579563464215	0.925812505377687	8.775665342873646

14	434.86216527259353	0.8844590064696304	10.826977380913076
14	443.74915131986364	0.7679827490199218	3.5776495665566173
14	428.95075152978603	0.9022441516382029	18.1311203207257
14	632.0110572103866	0.4891406385029684	8.53129692191497
14	483.6864918774652	0.9632505079722867	8.81185286850983
14	609.8048793260028	1.260843420642574	8.81185286850983

15	437.41265695832084	1.0276147178338548	11.095757897984617
15	438.7578902397592	0.8958359613172183	4.114388767847334
15	451.27122873941704	1.124918684982196	17.92229994830293
15	645.0993781018939	0.6981814257714023	8.662586920785188
15	493.7965258991344	0.8378233584194708	9.299849807114441

16	457.89992770299943	0.8561725718454974	11.151889608224499
16	445.14333686942916	0.9050299807214969	5.069481254902534
16	471.02023430034814	0.9181388217524091	17.960700623871745
16	651.1579644485809	0.6854573285380925	9.267503954668967
16	499.91649742267293	0.8487948575828783	9.439180335623329

17	464.1805693495643	0.9210472198791272	11.410719517339807
17	455.1498479018381	0.9266106278619303	5.554083158163883
17	483.55280886419956	0.9329298526291756	17.934194673246896
17	658.0995031473872	0.6937771555269122	9.362783441804167
17	511.44676245638044	0.8322869491295818	9.488494774759454

18	471.7771426649998	0.803127630323754	11.674421310526421
18	457.5956467343021	1.0279955455310605	6.1952563177116255
18	505.1446614050732	0.9382307458269709	17.937009721441882
18	670.7342368937009	0.6392113553581119	9.649001178471876
18	523.5624783946341	0.9204369939172944	9.959724220849772
18	949.9247325035079	0.7408203336078316	9.959724220849772
18	1257.2864668658242	0.8640535985785812	9.959724220849772

19	488.479125759314	0.9037267982491566	11.822590527232299
19	464.321385640809	1.0848770313145124	7.089115050011711
19	518.832983605491	0.9169901504505236	17.674884486096065
19	683.1842047662299	0.7304740373459625	9.749387688790792
19	531.8863679218401	0.7308048049855278	10.308209448847338
19	1242.6463170048194	0.6007656199981918	10.308209448847338

20	499.3910696970813	1.0024125799457195	12.11442918147235
20	542.6081600335859	1.1199716630396568	18.21115744334949
20	685.160279967663	0.7706556477400058	10.033945109223362
20	540.944293694664	0.9640622867570593	10.60075566161446
20	551.4252493327056	0.055660596919733865	10.60075566161446

21	513.8082808451431	0.855483790399223	12.34785445698866
21	476.62914931253323	1.140191562528465	8.158488645707807
21	557.7695888437576	0.9132522093277156	17.841060845003113
21	693.6093816168014	0.6483762733560391	10.168275069702087
21	555.0974396385462	0.9747864452697481	10.589516668889301
21	875.3817798328337	-0.18418471279246562	10.589516668889301
21	398.8848037124475	0.08556286497475526	10.589516668889301

22	525.3124370769141	1.1000193697492837	12.154480617166998
22	488.77230896012657	1.102425981743174	8.317834172096939
22	575.1005969273825	0.8908213218611778	17.6885627347916
22	702.1317211314981	0.8816558923563209	10.332476374306529
22	561.0947956786164	0.6579997431901011	11.003078468276742
22	967.0107390626093	0.7265865323190883	11.003078468276742
22	415.0196918891315	0.8325017025741933	11.003078468276742

23	534.0782827437508	0.9535793466354073	12.210645903769153
23	498.3228634071319	1.2082578271682298	8.860069150411388
23	597.5385971225533	0.9427319840178083	17.962139258184617
23	715.0738806406822	0.8153481055421755	10.421082576279499
23	579.0360023454879	0.9031741948172809	11.045523484678654

24	552.513974550168	0.8513068554922494	12.365159481038331
24	508.7339660445215	1.1756514610718252	9.69843033239048
24	615.434750168763	0.8767751010363447	18.130628607978018
24	725.806038689257	0.9548619406779135	10.65364172603754
24	587.5228632162136	0.7902897206881084	11.228138627443105
24	215.48150795152685	-3.1350767921164797	11.228138627443105

25	555.0660614315286	1.0126940596197995	12.53584240330029
25	512.4958775057938	1.2611247003236474	9.775725143146287
25	631.560353935748	1.0242989045485804	17.725226310414524
25	737.8412391344548	0.7787183560255301	10.376553269265873
25	601.2809742509314	0.5838738611741489	10.995726231812643

26	573.133033898595	1.0375808276557397	12.80348751471549
26	527.1506792854708	1.1675943568944054	10.419549400571494
26	651.1416459062266	0.9363033898070274	17.89439569176809
26	750.7570753281689	0.9732282404128929	10.811915674345299
26	615.6244401345464	0.7530608478974385	11.77594891434759
26	1436.1659281048426	0.8183266722899776	11.77594891434759
26	920.7509082304018	1.3168884570322401	11.77594891434759

27	583.6870994851733	0.9820994098213849	12.928717180821778
27	530.1967633234042	1.2598649864473772	10.4587058153069
27	664.9385797695272	1.0135931801556866	18.06728269055504
27	758.6789137620249	0.8066092378932942	11.059935742957117
27	618.2804454303035	0.6370841270796611	11.6037023041905

28	601.605856293879	1.1018308201661076	12.835240782263554
28	546.1839834704963	1.3972118333206909	11.258673025238961
28	687.4271400488245	0.9579395864709827	18.15469898168576
28	772.5236060847641	0.9071169064048408	11.123082545795347
28	630.1726999407159	0.6565919058915021	12.002542251958584
28	919.6194692070172	-0.05345305073263645	12.002542251958584

29	615.5688043655159	1.0469630157805803	12.852155974923473
29	560.5530771207078	1.3442110791223423	11.339872380837146
29	709.3343367016707	0.9422529658130899	18.153431741963438
29	782.099998847384	0.8993013947747686	11.123812217398726
29	641.3221405066048	0.6396882574649003	11.70196072058889
29	481.38480326051456	-0.04846071264736182	11.70196072058889

30	623.9640499383746	0.930606241019437	13.056755063375023
30	568.8610030712806	1.0343522248323191	11.798270733549879
30	715.271247506055	0.8801206080004027	18.258034680989095
30	793.8079207742494	0.7604366829221421	11.267659714088179
30	653.2205560603443	0.8534892325773553	11.864464038862977
30	1165.7030027595547	0.4069430858426961	11.864464038862977

31	634.5639548213545	1.0965742012122697	12.808083896852146
31	584.2471466982571	1.408106696651783	11.862108441535785
31	734.0468140935307	0.8757088179223275	17.851958934510346
31	805.9486937518741	1.0247263797616235	11.566054521034006
31	666.0877038293611	0.754242737640239	11.982732757309021

32	656.5258430570494	1.1501415210200105	13.565995775801404
32	596.7990876955707	1.3274359540225038	12.402652303435742
32	756.7938644638017	0.9633955482763269	17.945032440462374
32	817.3687615499118	0.8031709221389531	11.661028277506938
32	686.7969018651934	0.6454255515764283	12.777428863560917
32	547.867517535625	1.307644321736184	12.777428863560917

33	664.9699495416944	1.17452696537234	13.461165054689335
33	602.6148879869437	1.4198640107512825	12.770732707773984
33	775.0940783062808	1.0275857306443237	17.906969558051625
33	833.8911775854887	0.9571146328012133	11.757034100510907
33	698.2067263266194	0.6528275574003065	12.555998969454388
33	1033.5438662697425	1.8238254462172676	12.555998969454388

34	683.7892547862522	1.079286601771876	13.328654056385114
34	615.7583579579344	1.2831980481764553	13.103018630536324
34	795.146022818581	0.9791341507689688	18.404072837349112
34	839.8560157874033	0.7299121796583232	11.84648116022547

35	694.4664483495659	1.1403291578813883	13.110907149210867
35	640.1010225482457	1.413687225597098	13.379014069742336
35	811.8623588206636	0.9666858350262705	18.021030351103285
35	848.3640046471777	0.7343056302161532	12.028064798085014
35	718.2759097596977	0.5414444842137177	12.626513832038691
35	203.11178415314987	1.794811742498769	12.626513832038691
35	875.4136990626623	0.35017599404111166	12.626513832038691

36	705.9755644236011	1.1288965039164516	13.523920422758001
36	648.7086215794945	1.306237361847667	13.617215803195487
36	825.7048742681786	0.9497993229906653	17.661686776152536
36	867.7593875619481	0.7829572129509906	12.295768215456562
36	726.7836779344295	0.72196150999228	12.350426945822592
36	914.6845551644498	1.798048140951211	12.350426945822592

37	722.817322647892	1.2043520963376355	13.79612971135777
37	664.3904542180975	1.5881209099131093	13.687081208516789
37	848.3038709602023	1.0039889400937776	18.01193942050886
37	878.8510709389851	0.953306608367819	12.084270288206133
37	743.7588180394832	0.5094168782083904	13.00618485924187
37	721.8921010843184	0.5643661191579552	13.00618485924187

38	735.2296795019118	1.206815932215422	13.556676075491165
38	673.4265371578994	1.5573486431981907	13.889125854770569
38	866.1882868759019	0.9476172360918889	18.038526883284607
38	896.1437693405691	0.9960722955080956	12.458487097643276
38	757.4132249269643	0.44990614143489627	13.22799611636613
38	924.7018444972207	1.063927575022038	13.22799611636613

39	749.4072461399804	1.132983541818776	13.521602865467145
39	684.4159594178827	1.4596387415442085	14.171634853665118
39	885.451168009765	0.8570724249250217	17.929024066026024
39	897.1875104655271	0.9709338526591403	12.470438485972982
39	763.974958257627	0.49566939410901306	12.734842561912243
39	948.1194283435887	0.6599480932177588	12.734842561912243
39	701.3714254834092	0.9556667875791364	12.734842561912243

40	761.2171628641056	1.1427364658370154	14.181559097651252
40	699.5026040557718	1.5324962070533503	14.493820116359549
40	901.7718129672936	0.8794769354616475	18.172157610172867
40	909.9891844972414	0.8723530610679832	12.628984995999609
40	781.176210565079	0.537984597686591	12.600711087106486
40	732.2510777026525	1.1347692809990584	12.600711087106486

41	781.3987590330147	1.161726863675022	14.073061548901928
41	718.3239122746212	1.6133926441722328	14.447534448840274
41	910.1608967611492	1.0313420957768153	18.06161508691061
41	923.3666204773709	0.9640726589189847	12.437039934127908
41	793.1164284693866	0.4330349283384308	13.08731092351039
41	1052.5592067879077	0.9986671597354212	13.08731092351039
41	1041.0424333575322	1.1107744367993972	13.08731092351039
41	629.0067288018166	0.8250034132546672	13.08731092351039
41	1010.8573096824481	0.41499843850787066	13.08731092351039

42	785.3619406779071	1.2990763983589457	14.049553073562805
42	730.9909078374897	1.4588894914991235	14.648197971851095
42	937.3117269294708	1.0094762869862977	17.971068190599247
42	934.0802996231964	0.934768603049425	12.932639111554833
42	807.9203218621535	0.6328239682285118	12.984073789216387
42	1017.7877736315838	0.3381259955520492	12.984073789216387

43	803.6986825085394	1.3008283011143307	13.832348062093256
43	744.6174007626023	1.5488041318282537	14.879006730045628
43	951.3167113233663	1.0513082610484532	17.532750183869737
43	947.7188700780047	1.111030465160655	12.674922083675511
43	825.5841666183538	0.5611528535399332	13.21518576813976

44	819.4978736772277	1.34485341051343	13.894232597196135
44	764.5222975215847	1.5373712644003914	15.083889373487935
44	973.8339672223512	1.0130983055442295	17.79127781065908
44	961.7009514312155	0.9883395243279887	12.797939603021009
44	833.2822803050519	0.513686309774464	13.096265373532818
44	1121.1037342866891	1.206583183808991	13.096265373532818
44	142.20319554607397	-3.0095732953810277	13.096265373532818

45	829.9515530459392	1.1990489036399163	14.264238785348494
45	774.0286727987133	1.5884397760033941	15.051446354345686
45	993.691343965964	0.873754999949211	18.06813195806536
45	975.5812112585741	0.9312137942799608	12.64673108889327
45	848.6970185033142	0.4900087157611711	13.353369315395682

46	845.1990275838538	1.2973867172922864	14.183628714689114
46	792.5047155621489	1.6251685684270354	14.894391679581739
46	1008.4263283286662	0.9170764161029077	18.01155573876159
46	990.9356892751924	1.01643936367182	12.478099921767933
46	857.4500014757105	0.5489192497843072	13.26775239138173
46	1086.0662783683067	1.3861631185328107	13.26775239138173
46	1017.5699160984599	0.315529804846419	13.26775239138173

47	863.3511768780596	1.0647326150997019	14.119665115171971
47	1023.7768792381642	1.048571724572452	18.417368117412522
47	871.3688928234421	0.5421904068608723	13.274502437457764
47	1141.9091668044514	0.5206333731883516	13.274502437457764

48	876.8878248847448	1.1013115725555702	14.075726795027496
48	818.1691780913305	1.7185840970530366	15.367549545986682
48	1053.7676612538974	1.0347374464534007	17.917514485903776
48	1008.1022630477436	1.0276167589766585	12.730963215445682
48	884.4936364092991	0.37046707363175085	13.507735280689404
48	876.20145709025	1.7770083380253625	13.507735280689404

49	889.1291406646484	1.3226526832742531	13.980592118164202
49	836.1864010730486	1.686223019758913	15.59522721875306
49	1061.7997176820516	0.7882686794412171	17.84327864408838
49	1026.5294679493056	1.0794951164838518	12.597680293304844
49	901.9070875064295	0.3648196222652128	13.426191678391037
49	263.6177334010943	0.2795425206671114	13.426191678391037

