scan	range	bearing	velocity
0	319.89857608648117	0.2592419179059211	4.752514315725901
0	461.8229564395446	0.3838071781295446	-6.521423855382064
0	179.52766171726793	1.0841401618691364	18.143688094929868
0	539.6886773314037	0.298459081387907	4.026010452289807
0	391.4698824015181	1.3100534418181788	3.0582066701001107
0	517.5615848293007	0.3099853149218742	3.0582066701001107
0	685.8146844497644	0.5374180232117919	3.0582066701001107
0	541.4759591839436	1.6981460354222413	3.0582066701001107
0	801.7364326808076	-0.16223240062029332	3.0582066701001107
0	172.5498132076256	-0.41636997331403286	3.0582066701001107

1	323.0664671075776	0.2330650080504402	5.338518598852865
1	457.6772036926469	0.2302520416850013	-6.280230837310175
1	197.3654399661678	1.0524152113637064	17.849821216000453
1	398.78388527351586	1.3809229270819365	3.6104996273828864
1	533.1259064536332	1.6437908578197187	3.6104996273828864

2	330.6738556375935	0.5299937276954078	6.209102554276115
2	451.50088744827667	0.1381687409608552	-5.217147412062982
2	216.33567582057296	0.8470141489146402	17.84505120702509
2	545.3836001199217	0.24339704570068618	4.801369881663668
2	401.82030285519033	1.1990362758855686	4.390225663048781
2	1082.6736776615985	1.0584117475331185	4.390225663048781
2	1055.8965726581919	1.6530275103812857	4.390225663048781

3	335.7950613332589	0.4372471754584948	6.73447097581909
3	445.49903084391525	0.38806296359105635	-4.715603045361133
3	237.2857286475879	0.8849656470856959	18.262142407204003
3	548.6073913803963	0.5538988188777435	5.316520535942729
3	406.6233126000906	1.1797131083577639	4.646214978195781
3	639.3549948084589	0.413675181548224	4.646214978195781
3	324.54741345388464	2.123616843070684	4.646214978195781
3	745.1762347776058	0.760765385110901	4.646214978195781
3	62.61783524109081	0.11004211864779379	4.646214978195781
3	1015.2538139614952	1.6360059805931673	4.646214978195781
3	324.0829285661615	1.652244829884635	4.646214978195781
3	268.70114174323066	-0.2071424998846362	4.646214978195781
3	752.4214274823668	0.6193994505886531	4.646214978195781
3	795.4138433117191	0.7696991554254616	4.646214978195781
3	1065.662056311593	1.24398543907881	4.646214978195781

4	341.59795813308665	0.42948727229974903	7.575559555140623
4	434.76934654970745	0.35972858631201976	-3.7987116463851462
4	253.0878945546899	1.0020016151807634	18.04418217351705
4	560.1093155170364	0.41609021178245004	5.321590920873785
4	412.1595468771727	1.1618539899329343	4.939361528028054
4	604.4822578792046	1.3115698626004786	4.939361528028054
4	478.0797777063106	0.9751057089557882	4.939361528028054
4	253.3371709822976	2.653813275201085	4.939361528028054

5	348.46331460370743	0.6679237139508307	7.593613765341112
5	433.0711325093712	0.49155139786863566	-3.1056071382911354
5	277.3261511874682	1.0816405105122235	17.621329236096074
5	565.6313083977398	0.3314014183094004	5.945882526121134
5	413.3932908950844	1.2027392840339404	5.622188437932666
5	75.74965614669433	1.2833325033028637	5.622188437932666
5	696.9303741811486	1.2528886269440995	5.622188437932666
5	1039.8659986834177	1.1996567535094427	5.622188437932666

6	359.4746574303056	0.685475447339949	7.980807052578482
6	435.7571277827116	0.3839620773234248	-2.6034278912556075
6	282.5929968266455	1.0370596385731625	18.192153456745324
6	572.1029551275994	0.4133832923826101	6.0174107548635245
6	425.9247372292003	1.2831295391692017	6.0308536163223705
6	909.5486737324361	0.5638554360741788	6.0308536163223705
6	885.9398086283189	1.573750524934947	6.0308536163223705
6	598.9002907002066	0.8436361928153151	6.0308536163223705
6	903.5831892251135	-0.011998950275797962	6.0308536163223705
6	921.5556684433343	1.0955618941130885	6.0308536163223705
6	666.1069395436057	0.5144769299166423	6.0308536163223705
6	907.6257848724989	1.3481564418337364	6.0308536163223705
6	1145.500074960637	0.4534968675316593	6.0308536163223705

7	358.98686416692965	0.6423516858581602	8.222590871237381
7	434.1719006539283	0.4961399456536582	-1.7923367687677336
7	304.66561359373594	1.0061948681500439	18.105725785903385
7	581.4151822766675	0.4149622363032363	6.677460417977507
7	426.76419074132826	1.3326351450257414	6.652903890339795
7	394.02946448142444	1.9345654607150329	6.652903890339795
7	1309.5250914823087	0.6769007942482019	6.652903890339795
7	224.50604662261838	1.8171712412134589	6.652903890339795
7	929.3063353530292	1.7188354271477793	6.652903890339795
7	316.77364093398086	0.23283242956444336	6.652903890339795
7	728.1871075890585	1.5551849134440316	6.652903890339795

8	366.4180115889567	0.6444896510248027	8.865490595148671
8	431.0293234413062	0.41059784925251075	-1.0990563789842878
8	326.2827765818574	0.8600584935541284	17.8270738415903
8	590.4530801153309	0.48855986796122297	7.098225169929725
8	436.7299963204195	1.2551746038220304	6.752376335471069
8	151.1096887958164	-0.011460324906008124	6.752376335471069
8	301.1872262095746	2.0138183375813425	6.752376335471069
8	770.0064910971721	-0.09668905161478969	6.752376335471069
8	919.4668220171432	-0.0566818995991875	6.752376335471069
8	70.69680921791641	-1.5886524966987952	6.752376335471069
8	972.9867300173197	0.2469576210165264	6.752376335471069
8	858.4607096883122	1.7019953788667248	6.752376335471069
8	466.1232148789313	0.44136335975680624	6.752376335471069

9	379.4399009110125	0.6226353812903823	9.22052087088751
9	425.9277607876442	0.6369165710953004	-0.024539662144777097
9	336.69699001038776	0.8997304871460035	18.466615723325425
9	597.1096977007306	0.4430520394971698	7.2928547653258855
9	442.072999368435	0.971100366531791	7.0389261217005
9	830.8916389476162	1.8304295369883838	7.0389261217005
9	933.4993925605896	0.5673199312341315	7.0389261217005
9	1135.849677275123	0.6132437553600688	7.0389261217005
9	1147.1762381252258	0.9263586795901355	7.0389261217005
9	383.28815719335864	1.0741824758222627	7.0389261217005

10	391.57389898855496	0.7617006707280811	10.001483142949152
10	424.7814499917457	0.6550694081029845	0.7446589224046177
10	358.57624675305	0.9862687270678572	18.168569385606897
10	598.5131416943661	0.5334901880225236	7.467378157925953
10	449.78423123817043	0.8899156138589038	7.734849354824831
10	324.15434949208986	0.8416270982499514	7.734849354824831
10	749.0548162047443	0.7119681709422133	7.734849354824831
10	576.7672565317935	1.1295014414571858	7.734849354824831
10	762.2504498016652	1.5509579900795074	7.734849354824831

11	395.0218695371059	0.5701681688988945	10.029090695362298
11	428.91565140551444	0.6822400390326812	1.4176811343068163
11	374.9093000460488	1.0238684161016618	18.18835886943332
11	609.7370694370456	0.5191234057084814	7.942932708633162
11	461.3477806682122	1.0301807942759733	8.038803994005658
11	172.95994258605586	2.8669237141236343	8.038803994005658
11	172.92219143901073	1.6190188370549614	8.038803994005658
11	707.8107760927834	1.2002648263796116	8.038803994005658
11	888.930162841945	0.00483677188573183	8.038803994005658
11	196.07717774386123	0.5698964799093634	8.038803994005658
11	46.55956924670163	1.0065538210865606	8.038803994005658
11	501.8796613019872	1.9082833433142707	8.038803994005658
11	288.2051685792944	-0.16109733189798522	8.038803994005658
11	878.8842251577078	1.1324090822462942	8.038803994005658
11	631.2977598412721	-0.057510445334296	8.038803994005658

12	407.94810351959967	0.8996434984244981	10.219032546879262
12	430.76932939023123	0.716980526006859	2.1014027108098543
12	613.5929288259815	0.7608088985735709	7.780564286971657
12	462.1465057968512	0.944627273510308	7.972269885600375
12	638.9555817084083	0.6166055550106221	7.972269885600375
12	699.2796271780388	1.8569829808366072	7.972269885600375
12	277.86948216353164	0.8788022860825424	7.972269885600375
12	1133.6598050560378	0.6945869887787741	7.972269885600375
12	956.8014240664937	0.3619819590357003	7.972269885600375
12	825.3351978936357	1.5874011957672598	7.972269885600375
12	1116.7219415090026	0.716995331386	7.972269885600375
12	691.6070659317071	0.006572543425212303	7.972269885600375

13	436.48076655982766	0.7552230354964559	3.0699855433266743
13	419.31348900928737	0.84258839720183	17.812034914112516
13	478.13484827461036	0.9466894494450661	8.498823086396031
13	549.1544545113989	0.8021843499165134	8.498823086396031
13	1017.162382356613	0.6535900416679161	8.498823086396031
13	380.0024178993705	1.5044245691390625	8.498823086396031
13	483.7781356019475	2.084657844163813	8.498823086396031
13	241.4022634350824	-0.2846470791686441	8.498823086396031
13	882.0740067286519	0.6358538150515958	8.498823086396031

14	431.0029448736673	0.7642035890217773	10.774838996062723
14	435.16372056495794	0.9822724011572084	3.92928767694505
14	432.1220041012406	0.7712354684839602	17.956951683268116
14	634.6878676777118	0.6384018791042702	8.258810863457958
14	477.9655463377652	0.9544756194990168	8.648868072687137
14	763.5213670425259	0.2698274028908089	8.648868072687137
14	438.0509457466374	1.7460516911629573	8.648868072687137
14	235.81859801081606	-2.9433784465147856	8.648868072687137
14	534.7255152570041	1.2889887694140905	8.648868072687137
14	647.088150232336	0.12939942198003465	8.648868072687137
14	1159.961689930752	0.6402624705091341	8.648868072687137
14	260.2836594115159	2.1892934266272137	8.648868072687137

15	441.3077804106388	0.7466335885269795	11.208714443441874
15	447.3477137837317	0.8701876474621856	4.549757520050373
15	443.0803165386278	0.8546289626952014	18.402637901322954
15	645.6453091689908	0.5454008417208602	8.797820481856824
15	498.0671399509054	0.8571392185030274	9.371258544472017
15	264.6092054997005	-0.17393982182956708	9.371258544472017
15	1077.4371110306022	0.3886499005448009	9.371258544472017
15	780.4182594535007	1.3355676593090628	9.371258544472017

16	450.51798794270167	0.8087258248939055	11.163082404870277
16	444.1405471301631	0.7822139441347901	4.921356583308043
16	465.74047924774294	0.9754562627588476	18.12585335065361
16	650.0525846682943	0.7040086460048959	8.819262514730578
16	502.11380129530585	0.7748355259610529	9.874041994002036
16	519.1658755037938	1.2941504313120058	9.874041994002036
16	1072.1931699021452	1.6370312547570538	9.874041994002036
16	922.4003173377587	0.8418935713660691	9.874041994002036
16	716.2035423355101	1.3360987040257428	9.874041994002036
16	1013.1448757687178	0.38038355200650525	9.874041994002036

17	465.62542464620356	0.8637798320059148	11.507771444647213
17	449.12835070282347	0.7761590127495264	5.4805310626428145
17	483.15743964300754	0.9859640403568938	18.17069128264361
17	653.2008771014018	0.6463518616530796	8.936460669564006
17	509.58106085361385	0.8727065717618164	9.83794236229708
17	723.0703443765539	0.09682480953550925	9.83794236229708
17	416.93592427314263	1.6106393348414774	9.83794236229708
17	1212.8905667089664	0.6455408849666022	9.83794236229708
17	325.36852384916125	-0.13668816668952347	9.83794236229708

18	485.73878242225624	0.8935284911336324	11.382416329864228
18	453.99021307304434	0.9637902040182478	6.012845492658852
18	505.86154969365055	0.9825520641636032	17.91796033131672
18	663.9976376432799	0.7880323830877369	9.365017584314028
18	521.0827033730724	0.729490314346965	9.981264135980572
18	372.1715683172151	2.2115777019956004	9.981264135980572
18	979.4153974220347	1.0521959709571698	9.981264135980572
18	1000.9351376225827	1.1147221400336542	9.981264135980572
18	819.3085284007493	1.5714235465301183	9.981264135980572
18	624.7096100515477	0.3925246605216952	9.981264135980572
18	660.5334721307602	1.132109685870683	9.981264135980572
18	589.4359545731559	0.5749384433367133	9.981264135980572

19	491.60225263564195	0.9529636818159933	11.887427067297386
19	461.2024112061715	0.9187568059096028	6.8415601905014345
19	520.1270871141498	1.0261349271801643	18.085775089573197
19	677.1094461319104	0.6502459074990796	9.78240999862567
19	535.281405771422	0.6101747946456398	10.701956051945128
19	1052.49607428642	1.641803759894064	10.701956051945128
19	756.7496645072255	0.0702551671143905	10.701956051945128
19	733.1530804392825	0.976436082781854	10.701956051945128
19	452.26467360617	-0.21104374828433267	10.701956051945128
19	49.451024398103975	-1.4671779362542143	10.701956051945128
19	906.6107255438741	0.21439403742999946	10.701956051945128
19	415.00767058745464	0.57373896673133	10.701956051945128
19	1076.3235143793115	0.47284685576792684	10.701956051945128

20	504.36049141996267	1.0098232146875017	11.685494165760248
20	473.2074603886155	0.8920453986546372	7.647685601683357
20	546.9007915888535	0.9548300902629288	18.058982460252082
20	686.0630868435572	0.8201003538668464	9.698987868417243
20	546.4983641228922	0.7547540470963291	10.467179345003048
20	684.5878758559861	1.3991801631408523	10.467179345003048
20	245.26249452282792	2.7519552763460733	10.467179345003048
20	578.6206971110533	0.2861452078763902	10.467179345003048
20	820.7180594330046	0.3256381783383402	10.467179345003048
20	524.9929714463053	1.8866060801394715	10.467179345003048
20	693.2529253010339	-0.20092113513336857	10.467179345003048

21	512.8946298615102	0.9404059412110954	12.203921802519083
21	478.9859842585043	0.9087503997754975	7.959245152733579
21	556.3815197298694	0.9683321399394672	17.690139238915712
21	697.8055606258647	0.7619334352314047	10.08203501441139
21	556.2364894354612	0.8395316871089846	10.703406006101908
21	743.4334703391761	0.4155331034247902	10.703406006101908
21	564.1676342814011	1.653389821226099	10.703406006101908

22	517.8643322869865	1.1004327217593044	12.346666274093076
22	487.81943101446825	1.1966181157302422	8.506763470477033
22	575.6971229189166	1.1140836785447408	18.21596717330269
22	707.7851593099444	0.8358918558193944	10.519661557050993
22	564.8493850026279	0.7012428560294284	10.92029593811741
22	581.9591009078393	1.5084562857703647	10.92029593811741
22	775.3630384533399	0.08688462224392215	10.92029593811741
22	1031.254802790606	1.5900466118810053	10.92029593811741
22	557.0396682251413	1.7526272801241385	10.92029593811741
22	677.2978992734367	-0.12411441860584699	10.92029593811741
22	555.4019461661694	0.5775568319594238	10.92029593811741
22	822.8647408561982	0.4803984400031245	10.92029593811741
22	186.51228953147572	2.3762925059237925	10.92029593811741
22	893.0865452375575	0.6258027560094521	10.92029593811741
22	224.3087520285568	1.402756223417458	10.92029593811741
22	160.649448083743	2.404483741617072	10.92029593811741

23	538.7848436118835	1.056781376550761	12.210578622061869
23	496.0562696258179	0.9937662379556996	8.764369403865375
23	593.213237068843	0.8115898786489791	17.81021267243627
23	716.2606109397468	0.705450439831065	10.569752686074775
23	578.546660630632	0.8190289135710358	11.101208300881876
23	1154.2310749596431	0.9511225100167443	11.101208300881876
23	209.87985388524095	2.026657392761204	11.101208300881876
23	669.1642331098033	0.3665732287966807	11.101208300881876
23	121.87248906995318	1.6152965530947898	11.101208300881876
23	1181.2483941950989	1.0813170457152952	11.101208300881876

24	544.2244818352456	1.0267473970380259	12.441287328065997
24	511.95080498950733	1.1916606929113458	9.603961881967908
24	611.3033795546445	0.9258809601161951	17.728145265660494
24	728.098928572593	0.7167536407112802	10.50827565338286
24	587.1947222139443	0.6683814897240032	11.280127729623263
24	140.82759615383114	1.2672654834985928	11.280127729623263
24	986.4888689936892	0.08077653851309022	11.280127729623263
24	7.276251328500351	1.8311900885744181	11.280127729623263
24	801.275002431631	0.7866680683634544	11.280127729623263
24	899.0930287647	1.2621219206739027	11.280127729623263
24	987.9040396661369	0.849023819087804	11.280127729623263
24	1216.319922182794	0.9898140710981871	11.280127729623263

25	563.3485503010412	0.9687745863950973	12.520164893268461
25	512.8519499053494	1.0514373153415226	9.908216934756483
25	632.8106942050889	1.0282806779952534	18.43441907976136
25	743.0791251524004	0.7535336195513407	10.93290438086469
25	601.5373496767683	0.6673448601494602	11.477960451834285
25	755.9388442755093	-0.29185850820750253	11.477960451834285
25	256.5577741499924	2.0201029118629488	11.477960451834285
25	321.05040234173646	1.4624050193943772	11.477960451834285
25	755.362444080754	1.6201164185948227	11.477960451834285
25	615.0736148755589	1.023869137066851	11.477960451834285
25	235.7569383828712	2.6809178026124765	11.477960451834285

26	573.4589614377246	0.9909782753681872	12.50704955938581
26	521.8176479942466	1.2574581442268513	10.11874723888491
26	652.0766353209364	0.9143637515854357	18.27851124780842
26	750.6492810298996	0.6911131451978867	10.823239103381962
26	604.9550515514242	0.7115247551013336	11.710805457518472
26	805.6653778735223	0.15263691150509584	11.710805457518472
26	1198.4241697349664	0.7214243735707642	11.710805457518472
26	947.0706459445369	1.5822906130856418	11.710805457518472
26	105.45526855664549	1.1943524298649737	11.710805457518472

27	592.7034470422001	0.9755172709097863	12.763331617200475
27	671.9188405294534	1.0087184570615737	18.12107356285938
27	759.953927365246	0.8636795570603957	11.212250826062817
27	619.7395892012587	0.5784343176372666	11.972011624000798
27	233.98437680715892	-0.1916854219282129	11.972011624000798
27	901.2481134956994	0.7700408669939346	11.972011624000798

28	544.9821661642147	1.3039395916259602	10.948623078574435
28	686.810087297686	1.0668510868261942	17.768678981312956
28	770.0762385986718	0.9059892042975741	11.01186092198906
28	633.5804356225831	0.7275990182424599	11.447080198649358
28	225.58394707598038	0.09192568108968102	11.447080198649358
28	160.10293934119298	1.4886432548447	11.447080198649358
28	1027.8912038569053	0.7841199946157493	11.447080198649358
28	749.7747884840389	0.9562022711059647	11.447080198649358
28	248.789607822884	0.39646674884360267	11.447080198649358

29	611.173690207866	0.9568408707493588	13.077385362085463
29	704.0886829933628	0.9210904429603083	17.947586448454334
29	777.9597520340355	0.993525579116224	10.99950480356874
29	646.1995773921134	0.6939264744025874	11.600064259843172
29	797.8796866951267	0.24744419809267526	11.600064259843172
29	904.6770699945143	0.9973716876298193	11.600064259843172

30	627.2381887187471	0.9047883289983994	13.14664080356935
30	574.3144050443382	1.3580122512985713	11.73325214021423
30	715.8798790404819	1.0097163907885298	17.868857788404135
30	794.575164920322	0.7715185582708859	11.545864936051853
30	654.9539301683806	0.5359606120844127	12.096016535449014
30	1010.345937191116	-0.08680400178722782	12.096016535449014
30	1207.0425007561719	0.8291239910548864	12.096016535449014
30	1061.3260873113331	0.8684563545909596	12.096016535449014
30	991.8905386827724	1.2332405041160606	12.096016535449014
30	732.4649552010467	0.6274588068610615	12.096016535449014
30	748.3112311051199	0.5230975086704545	12.096016535449014

31	638.3255476241136	1.1939731387775554	13.301192597899107
31	589.1368367933981	1.3500010725070066	12.19906300642251
31	740.4769189327536	1.0141289586791389	18.03567463359172
31	807.1072776998183	0.8888920769089851	11.57305941958358
31	668.386241430729	0.6221114083706767	12.192522153177224
31	670.1315364312157	1.6215987394080502	12.192522153177224
31	1046.6573600041952	1.2815538453649649	12.192522153177224

32	656.3296254630709	1.1288170808146094	13.111476895979296
32	594.4042675123496	1.2410364880643003	12.582913825197629
32	817.1133945995674	0.9465322138029195	11.396843756398988
32	676.2920811634245	0.6383113610954599	12.366062599603902
32	1287.4460186051479	0.9310274247463521	12.366062599603902
32	629.1607313827759	1.2046100352081117	12.366062599603902
32	799.8873097596615	0.4908118244699714	12.366062599603902
32	926.7507428143801	0.5464438654804932	12.366062599603902
32	779.1111584666926	0.14085140982112077	12.366062599603902
32	1148.3421594394188	0.9907627211043323	12.366062599603902
32	847.6358997506567	0.523040612990787	12.366062599603902
32	178.09701655327908	-3.159208391503734	12.366062599603902
32	1118.9564942411669	0.5044127372979734	12.366062599603902
32	628.6073267891602	0.3742528364938843	12.366062599603902
32	109.09908731638686	0.5081471821526933	12.366062599603902
32	676.7642043081264	1.590062784075229	12.366062599603902

33	669.5382485779436	1.1397059921647732	13.324649267626532
33	606.087200800385	1.3423371025890398	13.192514158112884
33	776.9511584958556	0.9384656514558891	18.003396463258053
33	828.1598411748322	0.9565811140289264	12.026784085777505
33	694.3868890347959	0.5824445474332967	12.269924513319268
33	714.8407394440733	0.24661987192819412	12.269924513319268
33	694.1652718208862	1.0676770660376667	12.269924513319268
33	114.78924877624172	1.1601693684752268	12.269924513319268
33	750.2306112096375	0.055311099651091405	12.269924513319268
33	1127.0060548875742	0.9039234729339027	12.269924513319268

34	681.8522281010721	1.0274246370367601	13.199553874982929
34	617.729367269956	1.506343636836486	13.024665329468265
34	791.7621253194188	1.047387689778039	17.890600934679085
34	841.2698554269139	0.8352665037489884	11.600378902156095
34	704.0559766034427	0.5892771288807666	12.510905235811077
34	384.83546750203925	0.41436108746085487	12.510905235811077
34	277.83318103988125	-0.004960247216229771	12.510905235811077
34	981.0117537156087	1.7030957120111174	12.510905235811077

35	689.5905631616191	1.1858148877162913	13.388849248471791
35	634.8619428507851	1.4826825628546125	13.006840185182096
35	814.7712834527048	0.9983631715812791	17.916883151178094
35	853.7388156604487	1.0559298245856454	11.916667782357298
35	713.609487239368	0.5994624700578854	12.614438901969239
35	543.2263582801626	1.4157253147357727	12.614438901969239
35	982.2249948295988	0.15102725519269636	12.614438901969239
35	1173.1400444578217	0.8698754173427373	12.614438901969239

36	707.2713203906841	1.129714613430788	13.371541206696113
36	647.6872165748679	1.4648881717835953	13.302870562620177
36	826.8520473347312	0.9613971222028136	18.06788531708451
36	863.4984310954684	0.9255945133400875	12.248971999355634
36	731.9092253412255	0.47547644906950615	12.784861152126995
36	1116.210304506289	1.0424610184346994	12.784861152126995
36	812.2261481147991	0.5423002474577402	12.784861152126995
36	1100.692146486504	0.48377498583564027	12.784861152126995

37	722.8076653512608	1.17529951282556	14.010761735669421
37	657.5119343707794	1.3635695241111074	13.401732684795945
37	849.5438996482249	1.1900213398810484	18.226919361700983
37	745.631580196888	0.5399893717337415	12.793689264179633
37	1048.294421055735	1.079316062319288	12.793689264179633
37	590.4446564865922	0.09199698140178546	12.793689264179633
37	787.8219943050821	0.944160113037256	12.793689264179633
37	777.9028593142726	1.3710756926018068	12.793689264179633
37	505.0303511184456	1.4359768990043942	12.793689264179633
37	309.2957105987509	-0.09447536283231289	12.793689264179633
37	817.3028084675315	1.7184919454604042	12.793689264179633
37	933.0716240253757	0.7602726475477566	12.793689264179633
37	1007.2987396024557	0.4187932411063898	12.793689264179633

38	738.1951368964142	1.0848706318848051	13.413714007488512
38	672.5551030131729	1.3320297934284995	14.065287403700971
38	863.4395488509027	0.9871701649290971	17.936833417899688
38	885.9126654352353	0.9366382009045627	12.214824651249339
38	753.6500716173539	0.6162767161316027	12.876580371548698
38	939.4080660248092	1.2678764077050744	12.876580371548698
38	522.1046251311312	0.13722485891155897	12.876580371548698

39	743.0274261229738	1.190088874490816	13.798541863424523
39	690.626003304613	1.449151014235051	14.030788392460344
39	882.046454005031	0.838936710635887	18.20767390736025
39	900.5400790058965	0.9116441311397332	12.070040339330795
39	773.0704823431903	0.5003357210858055	13.006127484683736
39	785.5095921923654	1.5326983063608342	13.006127484683736
39	704.1522888005326	-0.19064982400956126	13.006127484683736
39	1109.4297536720876	1.1770189655626422	13.006127484683736
39	495.41832826885184	1.4941412119815725	13.006127484683736

40	762.2387201072976	1.1738667972763877	13.4666762129186
40	699.2841564596247	1.4355438105715117	14.396617774841294
40	903.3493699426417	0.9877513278455822	18.090530857370563
40	906.3048848603854	1.1781679512120178	12.006582068465685
40	781.4170502233821	0.48390083167984577	13.193358635876843
40	496.4534401605446	1.8824628978097966	13.193358635876843
40	930.1436348639717	0.27190266229431487	13.193358635876843
40	876.7310756956841	1.031399869215114	13.193358635876843
40	729.542825474072	1.9375895180299525	13.193358635876843
40	1001.915622869446	0.4373113943193313	13.193358635876843
40	1046.2897941070112	0.9765792225281849	13.193358635876843
40	796.1221064051589	0.4218812208005249	13.193358635876843

41	773.0159183973434	1.1676452975637999	13.790848479460443
41	718.7374339766852	1.457214811768623	14.420637097032055
41	918.4786669356201	0.8891724848914178	18.172255396444267
41	924.4358740687056	1.1177583561031375	12.166783128075377
41	791.0281734524247	0.3762223650980642	13.321198606943621
41	1135.2789291208533	0.6503579309976115	13.321198606943621
41	923.2954329376938	1.8512951549052414	13.321198606943621
41	1086.788388701294	1.8235319839599224	13.321198606943621

42	785.8240083727179	1.2202666459636151	13.59608743527736
42	734.4596155762433	1.50517370832684	14.26431604770508
42	934.1666549051109	0.8881022612971664	17.724293302755527
42	943.3528565531758	0.9684978018888506	12.19862197977351
42	811.1097163248498	0.5398045102866581	13.649401969887736
42	975.4274053417857	0.30190210870155115	13.649401969887736
42	610.2196712374345	0.07112669082666964	13.649401969887736
42	1110.266181792913	0.7176921301710928	13.649401969887736
42	158.65798140379343	3.1249260255513054	13.649401969887736
42	348.74791111047966	1.261574983244023	13.649401969887736

43	802.2868051046748	1.2148750029285773	13.790395778479876
43	751.3272165237787	1.5653597002422712	14.729598751975264
43	952.1670118091739	1.031186773813451	17.87961310924609
43	946.9142992412217	1.0460398572452652	12.019660608578285
43	821.1427035193897	0.45866881962866435	13.13273837895478
43	466.907060876477	0.7303943188480212	13.13273837895478
43	1224.5208126374284	0.7431088329185797	13.13273837895478

44	813.5635687494802	1.020663541814645	14.165668058022005
44	765.6647775240125	1.5735384137016204	14.550825988544448
44	977.8804364665936	0.8529188635226344	18.04532160039545
44	958.5633220752652	0.9681283807719795	12.743487521695474
44	828.0889139468109	0.39678020653016155	13.033368352376622
44	1086.599986355302	1.1295577107718142	13.033368352376622
44	202.0238725758418	1.8453468249020961	13.033368352376622
44	426.64884160631834	-0.14031361301072187	13.033368352376622
44	244.60849032061483	1.1327630966592666	13.033368352376622
44	709.2955595136001	-0.10777886167735878	13.033368352376622

45	832.0164769537728	1.1297437275166062	13.70110606992268
45	773.6522710024301	1.5654949396158584	15.149569834453764
45	990.4191856768671	0.995126925184874	18.09007278743054
45	970.6854016426938	0.9746920698651376	12.62684735680376
45	845.9944660994405	0.42314610522159	13.312873255569608
45	844.3739316206115	0.9954625511502327	13.312873255569608
45	732.8701979540133	0.7424553896021815	13.312873255569608
45	463.5876870669075	-0.0951827820999916	13.312873255569608
45	312.41902500756436	0.8448801882227864	13.312873255569608
45	102.86168981840227	1.399396294630696	13.312873255569608
45	1125.2985821449427	1.0157167958070634	13.312873255569608
45	661.4949780226052	-0.06440131549447486	13.312873255569608

46	844.31856273677	1.2823636012760593	13.395935248864653
46	788.5661759051984	1.6239428517578571	14.912702879209748
46	989.1656652448369	1.198513087636762	12.646038768922992
46	858.2428573840008	0.4922213155426883	13.604648894830998
46	936.2466947948683	1.4740549992343814	13.604648894830998
46	737.4622546625282	1.7111870612789213	13.604648894830998
46	1071.7669992951098	0.917939327929158	13.604648894830998

47	866.9903096780864	1.1530775832649613	14.397888638300167
47	803.333092569616	1.6989238076408886	15.111913461740421
47	1022.3946276697881	1.0249749689342815	18.40991584090431
47	1000.899049052044	0.9566706824609965	12.706497710675714
47	874.896058750958	0.45819230280867945	13.198450831437444
47	1003.5903645930492	1.1576023207372317	13.198450831437444
47	335.5666783355519	1.3529627637649455	13.198450831437444
47	764.2761843456366	0.5122246338722115	13.198450831437444
47	896.3159608516183	-0.16197123361418708	13.198450831437444
47	432.9138689707961	1.8393665021619532	13.198450831437444
47	567.8368123350606	1.7996348724962106	13.198450831437444
47	819.0875625801226	1.6501980154055658	13.198450831437444

48	871.8168817233345	1.243574852218333	14.040170176725493
48	822.8723683454049	1.692064009413175	15.566409274865944
48	1042.0731376918634	1.0213658198245108	18.317725195585474
48	1014.3322389502869	1.1437707478352506	12.896861762852451
48	658.3000338103069	0.8910930686868661	12.896861762852451
48	440.54550635669204	0.5492748575063435	12.896861762852451
48	1080.5357357521334	1.7691127604221666	12.896861762852451
48	1015.7208169297737	0.3805212720244029	12.896861762852451
48	516.3563868329582	0.06065469413165081	12.896861762852451
48	362.7979538374724	1.839265650913321	12.896861762852451

49	838.349370984607	1.6256275188262446	15.505990686913682
49	1066.670160121606	0.9967669179416253	17.898796872689452
49	1029.3337463050486	1.0742860865643118	12.983022157066506
49	909.2907445141508	0.5599592231056402	13.701348764893822
49	587.1580532293675	0.6917689975269068	13.701348764893822
49	145.83377316551508	1.833907783008835	13.701348764893822
49	915.836032796251	1.5226191417398858	13.701348764893822

