scan	range	bearing	velocity
0	314.7301675141983	0.2618559726635334	4.249813446078627
0	458.45353258649686	0.09269711814415912	-6.212525901594265
0	184.5461706340252	0.8882983772019806	18.168901443633157
0	537.9779896504236	0.2287549028076146	4.156278367049715
0	396.2923624602613	1.3588210734446942	3.1529454209366556
0	829.8811861687378	0.6605440005222709	3.1529454209366556
0	1140.3350083320302	1.135762693596222	3.1529454209366556
0	990.4947660645428	1.804902374466311	3.1529454209366556
0	1151.925513767574	1.1772475263122566	3.1529454209366556
0	1210.4149090364674	1.1668326195755452	3.1529454209366556
0	884.1807807028215	1.447016187042708	3.1529454209366556
0	425.5819514558277	1.6012211193866839	3.1529454209366556
0	615.0970893750817	-0.08877519904026226	3.1529454209366556
0	142.05852401070834	-2.7516260765403384	3.1529454209366556
0	554.6570911995653	1.4130500981113483	3.1529454209366556
0	165.8912936984731	-2.6361814461328716	3.1529454209366556
0	1002.8910963781874	-0.015965018839398437	3.1529454209366556

1	322.6122976645763	0.3630463564539781	5.71968337184858
1	457.9217240848653	0.3487157298117802	-6.479178731679815
1	197.36964887443858	1.1497223314548695	17.72299218675599
1	549.7395002155	0.3403054503877186	4.441189004288881
1	399.964679347729	1.41002347767427	3.0663346651447987
1	986.6132406369577	0.47783324350062917	3.0663346651447987
1	887.1197957907024	1.5222817770459054	3.0663346651447987
1	19.1857682764964	-1.8218992318803429	3.0663346651447987
1	559.2399325223955	1.2110679126407353	3.0663346651447987
1	871.3691557361609	0.7943545850709218	3.0663346651447987
1	323.5800843950916	1.3375103642228883	3.0663346651447987
1	1248.9961398196929	0.9735626793527248	3.0663346651447987
1	759.9694496072658	0.35863546960388193	3.0663346651447987
1	71.61587755979703	1.0202920700326716	3.0663346651447987
1	1326.8283821645414	0.8649803396268229	3.0663346651447987
1	283.4438934710664	2.364670069837397	3.0663346651447987
1	1086.1304033822994	1.6012714114882889	3.0663346651447987
1	608.0371557573671	0.3203887060523206	3.0663346651447987
1	638.5680183098655	1.2047282622597522	3.0663346651447987

2	329.25736307497027	0.40666316395070295	6.130248665138215
2	451.92450704341366	0.21080339121960184	-5.402783237143771
2	207.5299025152588	0.94998601535536	18.14773524836237
2	550.9189347420511	0.37615223072098364	5.205452285045952
2	397.08420660609016	1.3352899916183043	3.952024073040246
2	1085.0775719798555	0.6873059735887693	3.952024073040246
2	321.4984908579794	-0.06472583641047414	3.952024073040246
2	731.8513192856086	0.6294745074075402	3.952024073040246
2	1334.32431103282	0.6096029873076214	3.952024073040246
2	1012.5229675122253	0.5722889854736652	3.952024073040246
2	1018.4580365436645	1.109898281728934	3.952024073040246

3	328.9833286997053	0.5086398239031485	6.2869145026919675
3	442.4790810217485	0.2257748928841462	-4.535517886185565
3	228.17673830142095	0.9647663669393562	17.7038788717849
3	555.0940573013625	0.4667244293263607	5.4119303252459385
3	401.42579709966833	1.3004619613317525	4.5179793883191355
3	498.5954322473857	1.3454901395503054	4.5179793883191355
3	819.1038343979834	1.3456326737783366	4.5179793883191355
3	1287.9614532037615	1.0640384963038065	4.5179793883191355
3	90.52161800154086	-0.2822011069438202	4.5179793883191355
3	1089.1945708113349	1.718577473412547	4.5179793883191355
3	1182.798728146962	0.7990029378865547	4.5179793883191355
3	960.0090741406397	0.6940774015892897	4.5179793883191355
3	1225.8056500167554	0.9124573092261322	4.5179793883191355
3	1292.7813789657487	0.7139782595508423	4.5179793883191355
3	1042.7216742270286	1.0848282564200933	4.5179793883191355
3	948.6778263942502	1.589834188924037	4.5179793883191355
3	174.02884925951736	0.3242768867483224	4.5179793883191355
3	408.1317265242865	1.4187935350352516	4.5179793883191355

4	340.91208569626167	0.38760179610610435	6.87452394511187
4	441.06633274546175	0.4453149581919239	-3.662642792821348
4	248.81530723626568	0.8309129390236762	18.08274885567736
4	561.3826806671814	0.42777096205418885	5.376909852805094
4	413.9321571020764	1.2282413819951636	5.0145152610961965
4	1280.6562837151703	0.8739941073816142	5.0145152610961965
4	1146.4656488936362	0.8758103351243918	5.0145152610961965
4	1023.0427852855225	1.0753560667338176	5.0145152610961965
4	619.505236923042	1.4187443106507238	5.0145152610961965
4	502.16208346871525	1.5043431999744794	5.0145152610961965
4	358.37415392284504	2.1603083018509013	5.0145152610961965
4	663.52622452043	-0.05929140800244927	5.0145152610961965
4	869.0410937143042	0.14661836261442568	5.0145152610961965
4	205.71135696815313	0.17893276417032725	5.0145152610961965
4	985.7402660419792	0.9029035028989025	5.0145152610961965

5	343.927561940874	0.5671661708470215	7.416211420505043
5	443.93264580226355	0.46006708457736445	-2.8982558040932886
5	276.29911220405677	1.0367042754979652	17.76023298579836
5	567.9936317543132	0.33511794457174554	6.323650134371143
5	416.87834823899084	1.1696293298334257	5.437625866455885
5	605.7827232729258	1.514505019496489	5.437625866455885
5	424.26657533818326	1.8723876494844127	5.437625866455885
5	16.61586451176923	-0.32461187693176957	5.437625866455885
5	903.6279092349758	1.6153450888117515	5.437625866455885
5	56.34600599432063	-2.8491493015065825	5.437625866455885
5	1017.9006435269416	0.5710575116869786	5.437625866455885
5	275.32023789820425	2.4376422087575715	5.437625866455885
5	193.6263711923802	1.5001174403981963	5.437625866455885
5	935.3357400144118	1.8133102546859678	5.437625866455885
5	760.6977856274519	1.584383655144344	5.437625866455885
5	1191.9692842718812	0.6036452787296169	5.437625866455885

6	356.27542722620535	0.6370419123549907	7.911558055790332
6	430.64886351538746	0.4098850905864828	-2.4920054113046586
6	283.5837999502313	1.070889618492073	17.996825521185784
6	571.0232297154639	0.3304755416768228	6.442608068249348
6	424.7767127639422	1.1466158490533687	6.208143839431226
6	868.5614070106673	0.11892583919503683	6.208143839431226
6	619.1332450535342	1.7767084843963783	6.208143839431226
6	213.40438732828864	2.4451133132453715	6.208143839431226
6	655.5792255084112	0.6259520735394073	6.208143839431226
6	751.1714029618022	0.732695325041091	6.208143839431226
6	1050.9875832817308	1.3391430203778207	6.208143839431226
6	956.185243101379	0.4778928333660631	6.208143839431226
6	683.4098916079897	0.8863684331048741	6.208143839431226
6	567.21811499826	0.581838476273471	6.208143839431226
6	742.7837660095353	0.8732849273385833	6.208143839431226
6	989.1252441075991	1.1821350665065211	6.208143839431226
6	584.108711925729	-0.07718120959123245	6.208143839431226
6	314.1774952173154	2.146019981329145	6.208143839431226
6	809.1393628027157	0.11508653127715138	6.208143839431226
6	778.8458533612313	1.3716809056678663	6.208143839431226
6	259.62571921408204	1.9550669046851568	6.208143839431226
6	648.3674742379417	0.8609555304117096	6.208143839431226

7	366.118664055333	0.5718606923357513	8.677207472855622
7	430.0303548098683	0.5551941356645904	-1.6645599285135038
7	306.4142867740163	1.0629008360688563	18.081417161413317
7	579.19288332789	0.587425917371226	6.675065896816714
7	431.3202599700336	1.210117271052348	6.387796272127569
7	751.423720607305	1.4851443805120714	6.387796272127569
7	1104.845143697303	0.5863045071402861	6.387796272127569
7	964.283300095598	0.6437292397903336	6.387796272127569
7	880.0103410459761	0.9367985458957112	6.387796272127569
7	1224.517618907694	0.834559715666112	6.387796272127569
7	447.4187667395411	0.9839855894161069	6.387796272127569
7	873.3981739175175	0.16699751352304804	6.387796272127569
7	984.7734985158118	1.120021132407083	6.387796272127569
7	845.8491370329573	0.08368952968219079	6.387796272127569
7	1002.6787912562515	0.07398343426072904	6.387796272127569
7	608.8579423123977	-0.03186678586729928	6.387796272127569
7	660.8787886956758	1.4921113134517126	6.387796272127569
7	909.0219403091013	1.1378909692198989	6.387796272127569
7	1115.3564931169005	1.2535232290809042	6.387796272127569

8	375.332249852974	0.6474203088497866	9.07429314037382
8	434.6936871240495	0.5004271687545346	-1.0130082433476204
8	324.96947571361414	0.9537008260205012	18.227462923798633
8	592.1206077856615	0.5518119880716523	7.327725303538358
8	439.11383587777516	1.0627763108443427	6.686252460975302
8	710.5602685280436	0.6489779680065447	6.686252460975302
8	1061.527545874817	1.4870814615154955	6.686252460975302
8	831.7037415758706	1.4432269127507176	6.686252460975302
8	718.5429669827996	1.5643294207438698	6.686252460975302
8	851.7068185809142	0.3871462125728779	6.686252460975302
8	75.41950601905168	2.253828929247471	6.686252460975302
8	1039.7097392388944	1.3097388884647816	6.686252460975302
8	1074.4974285866188	1.2044329624669885	6.686252460975302
8	783.4992293144261	-0.131853870754025	6.686252460975302
8	919.9100748822088	0.08558895323862412	6.686252460975302
8	601.598113409339	0.6245857239638899	6.686252460975302

9	384.7545337379702	0.4956367352775437	9.624766749971824
9	428.6228570041564	0.7122190955978951	-0.1346877328676151
9	343.2642550481755	0.8700531537942582	18.06594584943841
9	592.4263354302306	0.6213442965475505	7.257051058939337
9	442.54766302575126	1.06919469002206	7.246739076674998
9	142.55073553836147	1.9921391338303858	7.246739076674998
9	355.25840757743504	1.2411258018026292	7.246739076674998
9	682.1188070936505	0.554118545504018	7.246739076674998
9	94.28505355719417	-0.06854201883689245	7.246739076674998
9	665.3534770260586	1.4097563770799988	7.246739076674998
9	665.7173669196775	0.8016984765164741	7.246739076674998
9	255.59949414640226	2.06975285418516	7.246739076674998
9	1016.1329241076115	0.5240409654328787	7.246739076674998
9	916.877612228606	1.579495577110273	7.246739076674998
9	359.4999820285609	0.5547035182111175	7.246739076674998

10	391.291486104942	0.5883489076224062	9.595360855555834
10	429.98507819610336	0.6563347379255906	0.2723066640230427
10	357.7680531158516	0.9851104736969799	18.181159826308853
10	596.6825137305876	0.6716736324596406	7.31460008781533
10	451.62756280475	0.8509356384515894	7.8620930919149545
10	904.9022566240079	-0.14190856770930282	7.8620930919149545
10	925.7732631703303	1.416328053788983	7.8620930919149545
10	1292.0761496924154	0.6919593434063425	7.8620930919149545
10	910.0371642985432	1.5941578444861513	7.8620930919149545
10	1190.2843002517918	0.7944183247706131	7.8620930919149545
10	466.2533676432473	1.9736308889271355	7.8620930919149545
10	1410.5293851932267	0.8765655000879241	7.8620930919149545
10	815.1818742480311	0.8127761819170172	7.8620930919149545
10	601.1418956243904	0.2690256902712537	7.8620930919149545
10	556.0486220571579	0.3435885193219985	7.8620930919149545
10	1269.4832428463226	0.6761116459049655	7.8620930919149545

11	401.7567276011831	0.7594873025589878	10.059960376788533
11	428.79755388147925	0.8009375876900847	1.872618193021717
11	374.87174877677177	1.0601835709714145	18.043870636232217
11	604.9297585296823	0.5613761209868228	7.527339441768045
11	458.42228163849893	1.0051729076462923	7.99182257567914
11	744.010732057353	0.6330317299979517	7.99182257567914
11	823.8755307155956	0.47128950427752936	7.99182257567914
11	228.16643476272657	0.30668185248743574	7.99182257567914
11	636.832469593805	1.3236512214407166	7.99182257567914
11	1174.2980690112424	0.6520475044902395	7.99182257567914
11	724.5872618319918	0.7594826782798051	7.99182257567914
11	927.4456567939933	1.2322611089783084	7.99182257567914
11	621.9331187259746	0.6752988898293019	7.99182257567914
11	962.3627411717655	1.1898459931102068	7.99182257567914
11	801.0061833948082	1.62196025608029	7.99182257567914
11	1138.6718223323815	0.6262832644878549	7.99182257567914
11	274.00689216003695	0.3950689961781005	7.99182257567914
11	1067.239944447203	1.4107708889022943	7.99182257567914

12	417.58553427987283	0.6248168370394293	10.286715640645909
12	431.9260538493936	0.6514477295370896	2.0283813273179487
12	393.75649955028797	1.0884188679506897	18.080930129213286
12	616.2257332557816	0.5333983288616213	8.087228410514475
12	467.9166458514147	0.9202858260207918	8.069029261198688
12	646.2597640137006	1.5322643009222074	8.069029261198688
12	751.2291782065819	1.6421564582179455	8.069029261198688
12	1140.3772837619615	1.140283347761291	8.069029261198688
12	443.91544739788145	1.8666324620734724	8.069029261198688
12	1312.0695823335698	0.7769295610387199	8.069029261198688
12	673.6427942612539	0.7600637752032994	8.069029261198688
12	694.6732172455637	1.2180506483517832	8.069029261198688

13	421.8624314297067	0.8259641295660686	10.300174342570113
13	435.24774320866123	0.7850989310991636	3.0312861066160184
13	413.9166115209619	1.1380747864450202	18.080115304622712
13	617.7855529904737	0.5635145798944177	8.215871447659081
13	472.0936116408747	1.0127649642743684	8.621963990147952
13	570.2391193623417	0.42241902609595294	8.621963990147952
13	446.23431192116686	0.4222785633098467	8.621963990147952
13	1065.6523918631274	0.9179793041233744	8.621963990147952
13	1079.502112509998	1.061531079184354	8.621963990147952
13	1154.7039041203204	0.7211555821855054	8.621963990147952
13	84.68675136521678	-2.582533136472569	8.621963990147952
13	801.6425873845367	0.8469474524113758	8.621963990147952
13	152.69162140237023	-2.448115075161173	8.621963990147952
13	1095.9689607643188	0.8417808944113583	8.621963990147952

14	434.1934989766882	0.7731301732722065	10.60205165426392
14	442.74987309365946	0.862704982280338	3.349988967588741
14	433.8296292654033	0.8963448525888039	18.127792303762014
14	630.2691303917238	0.5378532368852817	8.31699653689462
14	483.37828390325757	1.0138741956587796	9.399154012613236
14	931.8781078953283	1.052720347607722	9.399154012613236
14	52.80535292780737	-0.48646880598642084	9.399154012613236
14	539.6353484234575	1.206181713775513	9.399154012613236
14	768.5787338814123	1.5548926439568287	9.399154012613236
14	1351.294649043655	0.9678365857928549	9.399154012613236
14	1008.1352210067312	1.4055654506491442	9.399154012613236
14	660.7935932411731	1.2080877495597881	9.399154012613236
14	1069.7410899785802	1.1863169387740684	9.399154012613236
14	963.3590093126505	1.0893734638061283	9.399154012613236
14	147.83946826670206	2.352150855510243	9.399154012613236
14	472.73196204794584	0.9668976850447847	9.399154012613236
14	887.0312379385101	0.4964616246234972	9.399154012613236
14	452.26320256603753	1.681981799460749	9.399154012613236
14	970.8299688686423	1.0952770748510732	9.399154012613236

15	440.68427225518974	0.8516040591928318	11.279558759067974
15	443.81932144913577	0.8416494515718356	18.085322859283117
15	643.5968333518205	0.5190621965117913	8.790201680073773
15	496.98643641337617	0.8053580932619405	9.00990792464784
15	974.4234876419746	-0.1393723411757571	9.00990792464784
15	677.8119476621595	0.2604021771905993	9.00990792464784
15	1036.779206388673	1.473028867707435	9.00990792464784
15	1075.790868549089	0.9347046596346464	9.00990792464784
15	906.6899088065779	0.9821354483067937	9.00990792464784
15	1038.7568887976245	1.7152110387309212	9.00990792464784
15	318.20036737076725	-0.11606075028378049	9.00990792464784
15	637.4845796942478	0.039196430588393394	9.00990792464784
15	788.0754605907243	-0.10415188197578029	9.00990792464784
15	385.8448115219895	0.529744229521067	9.00990792464784
15	1011.3171604446517	1.583003166339606	9.00990792464784

16	455.17903467454363	0.8626814372392235	11.263001039355487
16	446.6170825354879	0.8173916813514019	5.099636788433915
16	468.2284411372617	1.0090333980867658	17.801518689015147
16	654.1268864730112	0.47083475914846473	8.788732884794767
16	885.1915992369134	0.8216407546922498	8.788732884794767
16	744.8979307525248	1.588209790747019	8.788732884794767
16	905.0107578606804	0.04214774867553489	8.788732884794767
16	531.9635823420506	2.0001868493637303	8.788732884794767
16	1029.0426671159014	1.2940805829930637	8.788732884794767
16	777.3783636398807	1.5116671414990377	8.788732884794767
16	926.0502979050933	0.7136397876528486	8.788732884794767
16	997.9786200873465	1.3196256459635103	8.788732884794767
16	281.3007545413107	1.9978586044392437	8.788732884794767
16	1284.1813898122873	1.0299288426733602	8.788732884794767
16	951.0006853012698	1.3340968888103901	8.788732884794767
16	474.1085934519544	-0.2269856841211052	8.788732884794767
16	1193.151406090355	0.8041916112551105	8.788732884794767
16	144.2137900255268	2.197640684392534	8.788732884794767

17	469.23970193843905	0.865597873439906	11.057624036198456
17	451.610296185787	0.8817474636269456	5.402740857726796
17	483.20580371557855	0.9737127838280316	18.161113849746286
17	654.9361635313724	0.7688959308629141	9.21849836819128
17	508.4654110160576	0.9866057675824259	9.963162897546985
17	921.4662968040042	0.44401470547355426	9.963162897546985
17	224.80671540463197	1.9766328489273106	9.963162897546985
17	906.4545291167067	-0.015884410918201308	9.963162897546985
17	1051.8813692265867	0.5358732782502732	9.963162897546985
17	572.6597191305245	0.9895630478565131	9.963162897546985
17	965.9551615469753	0.11990508327050858	9.963162897546985
17	511.84232647440535	1.412083873943415	9.963162897546985
17	173.43522234108002	-0.09706106210782858	9.963162897546985
17	453.660337916072	-0.13720319132854164	9.963162897546985

18	475.3228891146688	0.7707395217172016	12.079428716588605
18	457.8464463293794	0.8948773740392708	6.101700187207553
18	500.3134351069151	1.0510442673422087	18.008672969950002
18	668.5822972061959	0.748822930251266	9.706973740157828
18	519.726779537215	0.8928970737568885	10.222025286655843
18	1061.3213343295056	1.2674830809926234	10.222025286655843
18	1013.3165068277531	0.5940001097228093	10.222025286655843
18	749.0731294545106	1.8377997787294242	10.222025286655843
18	525.7057782858667	0.3232383274310713	10.222025286655843
18	614.2502367979914	0.8999384335671753	10.222025286655843
18	209.46818567163814	-2.974187343263352	10.222025286655843
18	754.5750942763258	1.6037761581503385	10.222025286655843
18	564.061566390476	1.0470404067671826	10.222025286655843
18	1004.2963169577808	0.4664593642110225	10.222025286655843
18	905.4694139914544	0.36566458215881725	10.222025286655843
18	1179.792780849261	1.1101085766455157	10.222025286655843
18	409.20956819553516	1.3394224832545987	10.222025286655843
18	819.3015236362215	0.39047662373811565	10.222025286655843
18	104.79890313987403	0.37145953693594186	10.222025286655843
18	731.2281951789978	0.38603246480764714	10.222025286655843

19	490.23183158121356	0.9059426153845889	12.090427359708807
19	468.58296985288894	1.131065155621636	6.699476486533333
19	523.6887176730929	1.0844779437811571	17.80781762354022
19	673.8673939842039	0.7227649774694831	9.7182819682448
19	530.9492516259326	0.976633203729521	10.666453492496899
19	823.1810562184083	1.9217372076959087	10.666453492496899
19	1025.0950986698397	0.8469899273315656	10.666453492496899
19	346.0779203014179	1.6767144950987625	10.666453492496899
19	463.34522859010656	1.3451294481532232	10.666453492496899
19	1043.0411926847	1.1918100084375325	10.666453492496899
19	1144.8246559130525	0.7083608575323896	10.666453492496899
19	1309.670321533577	0.8850034377067449	10.666453492496899
19	76.89507584169161	-2.77610760840856	10.666453492496899

20	496.8551121841244	0.8454683810043592	12.134607523486581
20	474.1839603227671	1.0224022981978194	7.22162460263882
20	538.2618175801915	0.9698786213492987	18.34093423807501
20	689.8909259899779	0.8363623046712939	9.881358603742912
20	536.9769038607136	0.8807382839198035	10.363509422072916
20	210.0581295950651	-2.6633890471996273	10.363509422072916
20	868.7850477909852	1.3735655175735935	10.363509422072916
20	1062.289300812154	0.6225202597142571	10.363509422072916
20	299.93705216655263	1.706914841256796	10.363509422072916
20	401.3860853910628	2.060625919697225	10.363509422072916
20	454.1956715572488	0.44769155142022576	10.363509422072916
20	971.061031976237	1.351268715700223	10.363509422072916

21	512.8968764140373	0.9779712912732076	11.706359743995082
21	483.7463391153585	1.1613242508454409	7.932368945432903
21	556.7789813969481	1.0511451009350994	17.99715452383222
21	695.8549460703756	0.8337082535651079	9.793752434320321
21	551.4997691028993	0.7447920754245104	10.901910475943964
21	1101.5492592290916	1.0749870874096599	10.901910475943964
21	1033.8608209456056	0.6087369599628831	10.901910475943964
21	934.4030558607677	0.2494434461448887	10.901910475943964
21	1125.3309072424697	1.1410196795601202	10.901910475943964
21	1079.6121609832617	0.5739912937589962	10.901910475943964
21	447.7861563107554	0.1990435169748552	10.901910475943964
21	747.867400272186	0.7665514960148474	10.901910475943964
21	705.1427225167009	0.07452217829275905	10.901910475943964
21	1009.5568852660153	1.3453290187184366	10.901910475943964

22	520.435679645381	0.9396987279428669	12.082353798010276
22	483.79543596003987	1.2281009694721476	8.432490781924182
22	572.6439616019474	1.0341303662881236	18.239967852539028
22	711.460995782671	0.7303364603684871	10.481821692673993
22	557.8369907952098	0.7301032131119046	11.174546747409707
22	711.5800307004179	0.24515000313021013	11.174546747409707
22	787.0969543855775	1.6888653775990663	11.174546747409707
22	300.9039004059899	0.2762174498470205	11.174546747409707
22	433.10690762736056	1.1517769602422658	11.174546747409707
22	562.3224404566236	1.5587704883067353	11.174546747409707
22	1227.2282085047534	0.9246325791305208	11.174546747409707

23	536.4949286328992	0.9988035028386578	12.454938576841904
23	495.3523473673711	1.2176769786501496	8.93136117211196
23	596.0600580735437	0.9091599660833525	18.12874726999708
23	720.151600608383	0.9124009606444459	10.799756403431712
23	578.7360708435202	0.7746728170146768	11.10926895989044
23	132.55067034821434	2.6196168017289585	11.10926895989044
23	1049.3916134310537	0.7099541996779425	11.10926895989044
23	977.0677471119536	1.5644832069160595	11.10926895989044
23	812.7718445468996	-0.06491734306085037	11.10926895989044
23	467.4785315646572	0.5085209873140016	11.10926895989044
23	1009.0669603440372	1.778047425994928	11.10926895989044
23	350.3490019420882	1.6070699349976982	11.10926895989044
23	599.6837332352959	0.22465122185437597	11.10926895989044
23	1142.525844956369	0.5605482549197501	11.10926895989044
23	269.82059428513077	0.046735504443094454	11.10926895989044
23	152.9777840420785	0.41822620122134185	11.10926895989044
23	482.76268298612223	0.9343762531769482	11.10926895989044
23	985.272290881613	0.6918486352858065	11.10926895989044
23	962.1157491809221	0.7278367346106225	11.10926895989044

24	551.8770673716972	0.9679359701342913	12.347500659822284
24	505.33923638065636	1.2642387924570728	9.360406113669356
24	614.6580205825936	1.0251688511771608	17.73331425081697
24	728.5526836457775	0.7800980825685746	10.750190595707625
24	588.2519534978153	0.8293916960230852	10.928450684723552
24	796.0281252724568	0.9263453709476223	10.928450684723552
24	560.5594365037671	1.9714107330156494	10.928450684723552
24	1070.5012017181157	1.1500607826454257	10.928450684723552
24	873.7753670556885	0.7132858631692962	10.928450684723552
24	1243.0230500684424	0.8565846517542167	10.928450684723552
24	951.736825331282	0.32848731207404624	10.928450684723552
24	981.3734172738144	-0.15896912290449272	10.928450684723552
24	824.4860969286756	1.670326842475657	10.928450684723552
24	549.2643926570148	0.47054376480875126	10.928450684723552
24	987.949427282047	0.9127876809349074	10.928450684723552

25	561.7161438948445	1.0591339748568922	12.821713967221783
25	632.5084805900211	0.8321966424439574	17.749071368121427
25	737.2764590063301	0.914218008532152	10.841428087763159
25	601.7289579635761	0.6405496886993095	11.621655082080993
25	640.5109252355163	0.49746095164840065	11.621655082080993
25	721.4975413237636	0.9762484927108885	11.621655082080993
25	217.78959874810735	2.8057744969904284	11.621655082080993
25	974.9370940939771	1.6580289891896223	11.621655082080993
25	607.6687482527335	1.479640909645852	11.621655082080993
25	748.2081495778066	0.10765966000525463	11.621655082080993
25	1053.6458005403726	0.5716129818902634	11.621655082080993
25	1155.5879841583883	0.8233938970264021	11.621655082080993
25	385.82518452040887	0.05221262260255846	11.621655082080993
25	59.093191634144645	-0.851640923675126	11.621655082080993

26	574.9248755554995	1.0492376029226729	12.795747586688668
26	525.8359569648848	1.269311667719586	10.492516390920713
26	645.5771290454139	0.8845968232227729	18.045566671989487
26	752.4981065556665	0.7261397751578341	10.59578997802561
26	607.0610542675729	0.7336682452858149	11.633256880439866
26	410.7948811634738	1.2726982768737651	11.633256880439866
26	984.3373602225503	0.8553211163740613	11.633256880439866
26	789.981974208031	0.4800083361398947	11.633256880439866
26	1226.068015717015	0.8348174979330877	11.633256880439866
26	1012.8556247855485	0.6595871172962079	11.633256880439866
26	150.88924566294568	2.002980506496836	11.633256880439866
26	752.1080899201132	0.5653447923398576	11.633256880439866
26	989.2276420994109	0.8108235539737856	11.633256880439866

27	588.2488247520537	1.0139402779665998	12.862844257686506
27	533.5274130067854	1.3746526923913838	10.941278823069242
27	673.9161900054852	0.9767660618030075	17.584633571518534
27	759.3543283437173	0.8221818602381938	10.994726485252597
27	619.4478417997492	0.6807476683641014	11.877248813476486
27	1303.2826720634332	0.5054645290774944	11.877248813476486
27	712.3788496315633	1.5238133255773685	11.877248813476486
27	863.6295914545173	1.327771745491072	11.877248813476486
27	216.86918322256247	-3.0470488956553297	11.877248813476486

28	603.4066294809127	1.0955079887617236	13.208470012933432
28	676.3990322211374	0.9937809938172139	17.978684653574202
28	775.7370032625719	0.8905339077364948	11.185108401537052
28	634.0249246401225	0.6518626348258597	12.022585864198467
28	802.027058531629	-0.0861265681838625	12.022585864198467
28	665.0160576579581	0.9579508495361356	12.022585864198467
28	836.5442940957184	0.6858807088986455	12.022585864198467
28	712.1518998440343	0.7300847039064293	12.022585864198467
28	816.9265107186962	0.5197629316326953	12.022585864198467
28	856.5043470884123	0.4041736840484618	12.022585864198467
28	971.9250595996127	1.1874346501587054	12.022585864198467
28	494.98496555464556	0.4374036821728273	12.022585864198467
28	840.1125875171325	0.89127103385897	12.022585864198467
28	674.0735867217078	0.9609474917149499	12.022585864198467
28	946.3176533714575	1.4246899917329792	12.022585864198467
28	963.0455174747606	0.5233995913479628	12.022585864198467
28	1049.311347550668	0.9482030200603634	12.022585864198467

29	614.3070241411347	1.1655653955505467	12.758343701800369
29	562.1320978042464	1.3171398881467773	11.177485966343927
29	701.1312975935894	1.0398922869951757	17.850627700442153
29	783.8017693503318	0.7089557336070808	10.836687009059565
29	647.5103459062307	0.6581363264014193	12.427835533596387
29	553.1142034454525	0.42748425803822565	12.427835533596387
29	776.1007353416535	1.7259961803779553	12.427835533596387
29	526.0859758461777	0.649502173325964	12.427835533596387
29	192.32435371929907	0.13733581578623455	12.427835533596387
29	828.0176127337514	-0.05300302691570113	12.427835533596387
29	184.7337781501334	-0.31151130149563105	12.427835533596387
29	713.6348319450165	0.4291354737830213	12.427835533596387
29	1178.9199986483666	0.6547836249490975	12.427835533596387
29	522.9603097188167	1.6962110650326105	12.427835533596387
29	652.2516901165128	-0.06341567869440806	12.427835533596387
29	1105.623175143831	0.9924285569513475	12.427835533596387
29	870.5376819921854	0.372484416546247	12.427835533596387

30	572.2678382006432	1.1916806428720124	11.950941338580684
30	718.86961297759	1.204920506892278	17.765411586919697
30	791.1965129189833	0.6988439899593122	11.431021727546778
30	659.9278741862046	0.6524964000452881	12.062423873433161
30	1468.1699533233989	0.7361684827180718	12.062423873433161
30	956.1196873512121	0.9833838236864385	12.062423873433161
30	651.8643286913652	0.14983429966399991	12.062423873433161
30	909.5026410938473	0.17572082108464807	12.062423873433161
30	1264.8080577795877	0.6911806717745713	12.062423873433161
30	338.9872959006971	1.8967104258987302	12.062423873433161
30	394.6464546629715	-0.20487170674115263	12.062423873433161
30	286.85948104569667	0.21024754918240565	12.062423873433161
30	1249.9950863911104	0.8658259621918196	12.062423873433161
30	1247.922850411776	0.8462039172133556	12.062423873433161
30	315.55961826763155	0.5753542777808194	12.062423873433161
30	998.9065629993682	1.594735437531009	12.062423873433161
30	395.2757369619979	0.04720357700307616	12.062423873433161
30	240.0984680702363	1.516346958344076	12.062423873433161
30	959.201784925891	1.4289358636967588	12.062423873433161
30	863.6473056303591	1.8306226280634483	12.062423873433161

31	638.8466353615095	1.1369385080555794	13.345971343451817
31	581.7380297320847	1.2280042235903226	12.374792286575776
31	739.2065105896492	0.9654678142550424	17.96914446121148
31	808.6608676037683	0.791723044415365	11.416856282811928
31	673.4616412665447	0.6341311455051758	11.898318112129651
31	443.725269217817	0.7496036256768414	11.898318112129651
31	365.9724299628815	0.016471871418825584	11.898318112129651

32	649.2295315156247	1.081099199451614	13.252554179820066
32	592.9346952630377	1.485881421918899	12.274911312783303
32	752.7663506788427	1.0042259888714267	18.15592636496725
32	812.5715330773726	0.7020483490712982	11.651794453071789
32	683.2903192157406	0.7298048785902901	12.615527979713665
32	718.7852553196237	-0.013513615665129354	12.615527979713665
32	533.8121955564267	0.13912065266476567	12.615527979713665
32	916.0689836866336	0.7393499789216355	12.615527979713665
32	112.63119729909374	-0.18068648670270485	12.615527979713665
32	736.5724142965452	1.3955588308663989	12.615527979713665
32	963.6784201419271	1.1002940649901323	12.615527979713665
32	267.27621135465046	0.6710913888643262	12.615527979713665
32	836.5554670930187	0.779430654048979	12.615527979713665

33	659.5907728539064	1.1276521785728337	13.531111490440903
33	606.2823470641284	1.3433470524229143	12.551973170957684
33	779.2795544264357	0.9860141388952416	18.572939571763214
33	828.5976452439012	0.9889760536761039	11.77095478753699
33	691.1009250627125	0.7382608916534283	12.404822718457435
33	531.3851489812079	1.9276681248798813	12.404822718457435
33	550.0265112714335	0.10037731604013815	12.404822718457435
33	664.8078169225869	-0.17360140905722438	12.404822718457435
33	511.78168091191213	1.0943259121767943	12.404822718457435
33	633.0160966143135	1.7678065584399971	12.404822718457435
33	790.7429141021231	0.1630145075645375	12.404822718457435
33	913.6882839593264	0.2805282080320297	12.404822718457435
33	1280.831709590669	0.6303165795258309	12.404822718457435
33	986.5665405875261	0.25090010494506293	12.404822718457435
33	752.8288463670503	1.363972416203428	12.404822718457435

34	684.4550918313886	1.131910266514129	13.44800092814527
34	618.0739520911628	1.4480052737046074	13.095438388632028
34	794.1457145002281	0.9970463098803284	17.92985339167253
34	711.2262759188569	0.5140569590399927	12.362996335502242
34	425.8397856999278	1.3316761718554093	12.362996335502242
34	547.4891590405626	1.6177427618062865	12.362996335502242
34	1001.0226616816877	0.8038357708623937	12.362996335502242
34	775.4498404078745	1.068324276847591	12.362996335502242
34	998.5220584450044	1.3695952026408476	12.362996335502242

35	692.3211628030455	1.1074917189077045	13.831494784674213
35	635.6651903108509	1.4981500103257706	13.208944338672861
35	809.8093551894955	0.8943486739636414	17.825537967646643
35	851.6190753154489	0.9282740286580488	11.613671740262323
35	721.7266176811605	0.6206782406280823	12.821754178758507
35	1360.0874484709996	0.8039916188434416	12.821754178758507
35	698.3477135009589	1.276738588703571	12.821754178758507
35	561.8505994289435	0.034548444353220215	12.821754178758507
35	225.336713131211	1.159145471056401	12.821754178758507
35	1027.4997119016805	1.630284040563641	12.821754178758507
35	1268.6584339392748	0.6708075595799595	12.821754178758507
35	534.2165000803706	1.8449632240427216	12.821754178758507
35	1013.2136243497971	0.48445777671167506	12.821754178758507
35	305.48782585642385	2.2568992766879012	12.821754178758507

36	705.552032487802	1.1983284999636266	13.53629256423401
36	646.5545827094662	1.3340898489827895	13.672591036475445
36	828.298867444792	1.0673827205351591	18.32994885025617
36	870.3622739676581	0.8044967803096266	11.946296503493295
36	729.37733568175	0.624846421868622	12.601497741055585
36	449.46840683864315	0.12169236732021688	12.601497741055585
36	638.9018074554424	0.9643661927849411	12.601497741055585
36	273.0696409553643	0.9030842250471277	12.601497741055585
36	572.0000240996068	1.9271499849011546	12.601497741055585
36	1106.0644858218905	1.37645493069115	12.601497741055585
36	979.7997230292757	1.2782831366936278	12.601497741055585
36	937.2402918138736	1.520104342280283	12.601497741055585
36	701.9171966005022	0.2464085801652041	12.601497741055585
36	566.1956263033619	1.5676155788884856	12.601497741055585

37	720.2260786221971	1.1137519829440814	13.694152200053452
37	665.2237545842876	1.4132644164026589	13.774906124203161
37	842.1895148010187	0.9423936870269821	18.30456459551256
37	877.7915975534155	0.9436822351302446	11.473330794711567
37	744.8436029007358	0.5932741511309811	13.03172384332722
37	408.77015566414025	-0.04588736052708158	13.03172384332722
37	929.3486395933633	0.8107505655283438	13.03172384332722
37	812.3458181228909	1.416870103819893	13.03172384332722
37	892.8934712570874	0.14229467201771231	13.03172384332722
37	809.615357804116	1.1080482519207735	13.03172384332722
37	1045.7424344452659	0.6571240024293429	13.03172384332722
37	714.1190184462553	-0.11205358835972445	13.03172384332722
37	182.71651764359072	-2.5377289448436433	13.03172384332722
37	814.754720413373	1.6659438850748183	13.03172384332722
37	743.5290538315272	0.9968560666731303	13.03172384332722
37	911.0028670421094	1.619781858126258	13.03172384332722
37	324.2544287606057	0.37020784688528724	13.03172384332722
37	238.67025869855624	3.13217722886132	13.03172384332722
37	353.94756032721665	0.7246502106633913	13.03172384332722
37	1372.2668860476808	0.7179959760711921	13.03172384332722
37	933.0399858761735	0.1156678604658805	13.03172384332722
37	873.8918917250525	0.17782094394769465	13.03172384332722
37	467.6803047873637	-0.11545852719508998	13.03172384332722

38	737.1365503933397	1.2310945733327487	13.70795731455457
38	676.4389865872927	1.5260920977517296	13.675828503172914
38	871.2254745100662	0.930463450985901	17.630528121374624
38	884.7190931857564	0.8890914607993081	12.407792003214041
38	762.0611411371508	0.6611501760680478	13.027142852888197
38	513.7201191626856	0.17363695697843612	13.027142852888197
38	947.6372661102982	0.9445235746116859	13.027142852888197
38	402.6633770932891	0.8021242400106346	13.027142852888197
38	1076.5392809361842	1.172837290721803	13.027142852888197
38	777.473526423062	-0.03948998533462449	13.027142852888197
38	964.1091179810453	1.1214767343783418	13.027142852888197
38	928.8797942034344	0.9976539977101704	13.027142852888197
38	1168.6907598557575	1.3308271701780514	13.027142852888197

39	747.6210146445144	1.221535139012461	13.706935506126936
39	687.0014367652069	1.4344452972503925	14.312486044139531
39	887.1200488183532	1.032686189094631	17.774629495239548
39	902.2484292739188	1.0106200510058296	12.181971996038255
39	768.3846691820374	0.5915526852179586	12.633113208759244
39	538.1901702518655	0.19253084981704374	12.633113208759244
39	1028.7576442541929	1.6145956878617793	12.633113208759244
39	513.2314352270147	1.1448659387745608	12.633113208759244
39	243.186038065754	1.4446199802904622	12.633113208759244
39	1101.3294893837844	0.30821607282998464	12.633113208759244
39	232.90097696320294	-0.02488911208647894	12.633113208759244
39	546.9889156050959	0.8274362161231934	12.633113208759244
39	1229.916982579314	0.6123602979446143	12.633113208759244
39	973.2168180567469	0.34434591553041827	12.633113208759244
39	1230.2139664361275	0.820702581105763	12.633113208759244

40	758.6134430359937	1.0808909104256912	13.857431568143596
40	697.3951067871392	1.5258288593623262	14.03677904951324
40	902.2818535536078	0.9238311807264568	18.208295858014072
40	913.371163979015	0.9826940872853424	12.168376928469872
40	785.1715236509498	0.47698973223396296	13.316602840806388
40	811.5589319544715	0.8574363966857986	13.316602840806388
40	1203.0041380449832	1.0557504153647712	13.316602840806388
40	851.2021390503695	-0.051775310816445146	13.316602840806388
40	489.3716555119703	1.1347032603621598	13.316602840806388
40	452.13535434237474	1.5203839857658104	13.316602840806388
40	766.5192949286527	1.3330910825023914	13.316602840806388
40	393.81713750828374	1.7516721487770117	13.316602840806388
40	609.037307574402	1.5389415289531092	13.316602840806388
40	980.7866184910968	1.000717310307954	13.316602840806388
40	984.1956911949961	1.4197768872457321	13.316602840806388
40	958.9299904772151	0.9760066315700103	13.316602840806388
40	1162.1045894978815	0.7902072013652923	13.316602840806388

41	775.6480430353431	1.065012798063898	13.823204218696448
41	713.799725984607	1.5596533426109584	14.463989358787545
41	921.5309179063773	0.9921447904342179	17.90394653180863
41	926.5005924906118	1.1964846276385206	12.376048857402624
41	794.869244414721	0.653169536337434	12.849217309084018
41	120.89667688159136	2.6514465584582254	12.849217309084018
41	742.309760485667	1.4265111157214405	12.849217309084018
41	990.8321281765495	0.7477362110669492	12.849217309084018
41	316.5496502060954	1.3118962230291158	12.849217309084018
41	224.80127482478412	1.5338489207210517	12.849217309084018
41	945.0469598419435	-0.03506701393812835	12.849217309084018
41	444.9556504249594	1.7853881739321105	12.849217309084018
41	465.7698715778085	-0.2598855050297786	12.849217309084018
41	994.1191554849968	1.7714394078313322	12.849217309084018
41	1076.110847797555	1.6754382555829659	12.849217309084018
41	1095.5131315561193	0.9032081145830971	12.849217309084018
41	788.0218611772053	1.4443654290864212	12.849217309084018
41	1404.9593368690641	0.7474205555173582	12.849217309084018

42	788.8604309926467	0.9842259293633826	13.73730834519579
42	732.7528900221985	1.4293816824366947	14.958254487128563
42	936.1474081617121	0.971865755035315	18.216069638237023
42	808.0295369797402	0.4037201403814506	13.462234720147404
42	221.6909353884522	0.7901369595724436	13.462234720147404
42	386.4144540048481	1.5415413475324766	13.462234720147404
42	1035.9676212230818	1.111676670611691	13.462234720147404
42	1081.7900020700124	0.5629542461347067	13.462234720147404
42	1088.6250198622747	1.0007356108974659	13.462234720147404
42	1157.666881945881	1.3865454768890846	13.462234720147404
42	500.46097997998913	1.2329894964944512	13.462234720147404
42	915.326976558988	0.39441356838733455	13.462234720147404
42	1052.301263695685	1.2378317212344796	13.462234720147404
42	462.61533995485803	1.7861574397130457	13.462234720147404
42	97.17807677712203	-0.09236342684183108	13.462234720147404
42	518.7468718110521	2.122227708411977	13.462234720147404
42	635.3027844527537	1.5310717602555952	13.462234720147404
42	1146.5861026156965	1.1177773579216899	13.462234720147404

43	805.90124635384	1.1943784706494698	13.99854356124771
43	749.6912361646288	1.6173284791846891	14.737267691339015
43	954.8314093090175	0.9983621489139127	18.03850777598925
43	948.0292841824139	0.8789273676826288	12.349222630667668
43	822.8124859910912	0.6671680052552535	13.069572468533824
43	1094.5222205398077	1.2677580468607916	13.069572468533824
43	502.35817690460294	0.7017702008899839	13.069572468533824
43	1107.6772418759986	1.0233165296835556	13.069572468533824
43	1003.0550266060466	0.8252052692888678	13.069572468533824
43	1040.8862299770246	0.3426788586046793	13.069572468533824
43	1192.0967439797898	0.8265880255596587	13.069572468533824
43	1049.5563934180202	0.4021293416715675	13.069572468533824
43	272.5895149773242	1.035560238831792	13.069572468533824
43	1073.0762213888124	0.7602213839252212	13.069572468533824

44	817.7527586566301	1.2385506157766875	13.994209791280333
44	760.3577315782101	1.6119408678535545	14.769444871338555
44	974.7037128944139	0.7869240167630432	17.918513144135144
44	956.9084927659201	0.6980761252687749	12.287971749871696
44	832.4451874406635	0.411815035926906	13.416316918096463
44	1302.1487383211913	0.7759136993226933	13.416316918096463
44	987.4039554992809	0.17329601166284822	13.416316918096463
44	302.75379240394483	1.7609929169944887	13.416316918096463
44	1004.43303413227	0.0407658547762252	13.416316918096463
44	1030.6767913355889	0.7411857153544199	13.416316918096463
44	961.6524577205103	0.5372168224928757	13.416316918096463
44	542.2926140230539	0.2941124784403413	13.416316918096463
44	1143.3984385034971	1.1370575853293594	13.416316918096463
44	639.1531413569193	1.4316172067175859	13.416316918096463
44	1215.2489719302434	0.8641605300979996	13.416316918096463

45	830.4458251003501	1.2702696229528434	14.17725926731889
45	778.7444851808142	1.500961028672585	14.995279808628984
45	991.0720804714643	0.9707731042832736	18.01862133106194
45	980.938657439139	1.0430009360110002	12.757830055636262
45	850.2672029164536	0.4743099204002476	13.416985064743022
45	552.7702523995243	0.32589413988725147	13.416985064743022
45	319.2974374919333	1.4525731349401994	13.416985064743022
45	1163.8704193571054	0.764149111175126	13.416985064743022
45	201.15373197392807	-0.06387506997344436	13.416985064743022
45	1390.5491872128282	0.790450355900415	13.416985064743022
45	958.7957760749586	1.1719141044357992	13.416985064743022
45	940.3689213420696	0.634195918892817	13.416985064743022
45	460.28017067160016	-0.140536004313218	13.416985064743022
45	829.9923882664998	1.428741315877918	13.416985064743022
45	1052.6977291474273	0.2531397830726397	13.416985064743022
45	214.9927473664011	3.0171434574945937	13.416985064743022
45	791.8717551625539	0.07801377654243695	13.416985064743022
45	920.1808299719344	0.931094653365652	13.416985064743022

46	786.2950646688888	1.5512625006498255	14.822158800108513
46	1008.6706619416201	1.0682368394110942	17.87280169260737
46	988.9702261212814	1.0964910625106759	12.703079454343914
46	860.9364291289913	0.4479784540757767	13.36069124092439
46	1064.291011485852	0.44982399394050354	13.36069124092439
46	62.298771634698696	2.155707600030738	13.36069124092439
46	754.9474917288206	0.9605497230088444	13.36069124092439
46	949.8404387202528	0.6658884301825113	13.36069124092439
46	1346.8807737593602	0.9386243736227308	13.36069124092439
46	307.9481372773363	1.3543092956647627	13.36069124092439
46	126.52139766359235	-0.3099469416539657	13.36069124092439
46	491.84905309657535	1.7650047625901044	13.36069124092439
46	1205.7535939736993	0.8747233671895414	13.36069124092439
46	400.346500268636	1.1420385790293555	13.36069124092439
46	898.8541135997314	1.7651357471179903	13.36069124092439

47	856.8455374684831	1.238216774902954	13.920490957114968
47	801.6485659240526	1.5395418294337646	15.382538790282057
47	1030.9652935888905	0.8732434589337509	18.305680686828588
47	1000.0566317225486	1.1300298328434526	12.80052025495316
47	875.4033477400567	0.49296814517781906	13.317766134130201
47	914.6849988184848	0.6511233779668436	13.317766134130201
47	197.1902970844663	-0.3655118317679809	13.317766134130201
47	1310.3435026130385	0.6057783467529619	13.317766134130201
47	378.47648423248603	1.8266928863280416	13.317766134130201
47	177.22162866545548	1.2118947003635268	13.317766134130201
47	703.3830864053369	1.426799846978898	13.317766134130201
47	800.970228461749	0.7443050756223727	13.317766134130201
47	726.9736674821856	0.7690465929984851	13.317766134130201
47	885.2890259346683	0.2102119341713799	13.317766134130201
47	1129.2072569354418	1.1022412413650355	13.317766134130201
47	848.080007672269	0.23631434292640993	13.317766134130201
47	1190.1191343912874	0.6543504978090406	13.317766134130201

48	870.1462049897879	1.2622881669973525	14.220935243093539
48	820.1500625152629	1.5137868790743922	15.428561810635017
48	1043.236149802963	0.8275516999075205	17.96815346854695
48	1012.7468427019465	0.9503914019122423	12.860893400272502
48	885.1444475335728	0.5746355178186792	13.153822449198772
48	1154.2161245315365	1.1781379890645636	13.153822449198772
48	1096.499698532221	0.4805987954149781	13.153822449198772
48	1140.5027786915846	0.6354222147656305	13.153822449198772
48	196.0097645993116	0.16849732876394602	13.153822449198772
48	560.9196039786517	0.4901148174061502	13.153822449198772
48	747.895877766008	0.6963754673781813	13.153822449198772
48	96.25173478797612	1.138617456356171	13.153822449198772

49	892.9061086664456	1.0713647859523816	14.44636737954884
49	841.6511730482819	1.5710698870621342	15.661659187996245
49	1067.8069265683512	1.0587773526103148	17.84851131621688
49	1027.570786656004	0.9253712271874103	12.971792480330423
49	899.4887097645208	0.4687686934326294	13.823560064749847
49	361.40126080109724	1.5851439278629782	13.823560064749847
49	681.0248122905061	0.7776658586615692	13.823560064749847
49	816.3409116243654	1.4442219282569606	13.823560064749847
49	1003.8641143387433	0.3635607935311514	13.823560064749847
49	937.9373052183946	1.0071181499060635	13.823560064749847
49	996.2535159843386	0.2318333367365426	13.823560064749847
49	615.0767331725679	0.42379580765933716	13.823560064749847
49	1331.4708753349196	0.7290218918903879	13.823560064749847
49	719.0000083990543	1.2605945809143393	13.823560064749847

