scan	range	bearing	velocity
0	314.903494363146	0.19561128610717368	4.918040800406798
0	464.3505409106852	0.15162770770943695	-6.632045374681106
0	179.73192165209556	0.8831168407423863	18.05698273881706
0	542.0595805031344	0.26183914356264937	3.96012065582359
0	392.89792509263407	1.4134204795437026	3.188761225314254
0	1040.5818034352067	1.4021186391550697	3.188761225314254
0	508.3872857063554	0.41321425325345373	3.188761225314254
0	998.7789716441165	0.8330416055213801	3.188761225314254
0	1193.8992219788768	0.743916871653344	3.188761225314254
0	901.3938546337909	1.7764532394340384	3.188761225314254
0	1120.4009394433544	0.956148726924014	3.188761225314254
0	1432.093703281739	0.7216227602547102	3.188761225314254
0	491.91361377894344	0.34153162694540307	3.188761225314254

1	316.8565650347916	0.26273435445572035	5.056890764817729
1	451.4676235153047	0.3056468099152663	-5.8668236390354815
1	202.82975460801725	1.1199177172767645	18.221393075249146
1	548.8796869511991	0.36293253178431545	4.716203832035971
1	398.1247991804697	1.3105093531405758	3.5468754532412285
1	683.674766979671	1.2312156075578642	3.5468754532412285
1	830.385080464702	0.23594530174598735	3.5468754532412285
1	539.554114057721	1.3802312476807668	3.5468754532412285
1	1049.2957903125334	0.28568147684237366	3.5468754532412285
1	165.9271078195498	1.6632196425462287	3.5468754532412285
1	41.21802794949976	-0.05459938380283447	3.5468754532412285
1	563.7168862890493	0.9953357431350864	3.5468754532412285
1	823.5302395871158	0.6230864859968311	3.5468754532412285
1	784.3025409672867	0.9705214902302263	3.5468754532412285
1	273.59552292363594	-0.24384824442694444	3.5468754532412285

2	325.09729205250335	0.4514758461652584	5.825304554286186
2	446.70016851440033	0.28777635906144156	-5.36480096250305
2	217.89674421991654	0.7976906907430542	17.979319451143958
2	553.1828635751715	0.3938699014652848	5.150723499863554
2	770.5592593037617	-0.057303168940143534	5.150723499863554
2	861.2275278008641	-0.0784527603103083	5.150723499863554
2	779.9870692534901	0.8058225449534945	5.150723499863554
2	720.1346453181666	0.49784556444739453	5.150723499863554
2	781.9169902732272	0.5040331857525231	5.150723499863554
2	1087.0135786424833	1.8041620933345393	5.150723499863554
2	944.4058750497062	1.0770698962874519	5.150723499863554
2	759.1592806716399	0.5862713379310404	5.150723499863554
2	557.8095408306697	0.7059437456831483	5.150723499863554
2	219.7113514203364	2.4732178099177617	5.150723499863554
2	815.6937806675984	0.6760383709533394	5.150723499863554
2	1037.548091901527	1.4470420007909146	5.150723499863554
2	662.397879824419	0.5973200851069843	5.150723499863554
2	660.5129032177904	1.3688919125437817	5.150723499863554
2	781.747243087241	1.6013599547709616	5.150723499863554

3	333.59307975078093	0.4681204178938325	6.633714999926341
3	440.7323841384064	0.24419850166015078	-4.345404003292341
3	236.08619014700278	0.933136453811572	18.10039014872078
3	551.5711335922799	0.4844135190434321	5.022506587059879
3	407.09930236062525	1.249099543484475	4.632389437672012
3	990.5236717824407	1.433669438799861	4.632389437672012
3	1051.4231315165566	1.2641396998456542	4.632389437672012
3	746.9932209753682	-0.015015205386017264	4.632389437672012
3	895.3556755232983	1.5045773078904994	4.632389437672012
3	1336.9229062127824	0.8018232177194665	4.632389437672012
3	595.2677318477167	0.949154008639264	4.632389437672012
3	49.10235585550691	-1.1981659826761817	4.632389437672012
3	604.7442355226559	1.7443583623940386	4.632389437672012
3	199.74956775045342	2.6166136585674784	4.632389437672012

4	344.5643873572408	0.34990376394333444	7.072334999509228
4	251.46843016374112	0.9552961667781863	17.92464317672605
4	560.0569425422391	0.3858192443681425	5.500515561970039
4	417.010937382617	1.074692491593806	4.993153758058519
4	1171.8882869751953	0.671388740104002	4.993153758058519
4	1396.7156967500475	0.8220325180518449	4.993153758058519
4	989.8662807540019	0.29005528240904144	4.993153758058519
4	966.3008514541015	1.2094570729675413	4.993153758058519
4	308.9735737945648	-0.027825253493618283	4.993153758058519
4	499.33469756975063	1.2707008835383846	4.993153758058519
4	283.99177866597	-0.3640356378774362	4.993153758058519
4	463.640439490095	0.8601500302995728	4.993153758058519
4	385.6165021066431	-0.318461394154875	4.993153758058519
4	1354.3361584665083	0.6978537216262747	4.993153758058519
4	490.55834306024195	1.1723402229266244	4.993153758058519
4	643.1015827291872	0.7641613174262317	4.993153758058519

5	347.67995387820173	0.4856440761176954	7.663166720054301
5	438.57670665414355	0.35342263676859836	-2.903882318030948
5	272.66003045069476	1.08372370813922	17.91600319391161
5	570.8106316870769	0.2850820609358765	5.609019116827286
5	416.8971484220117	1.223896530703232	5.476566795355785
5	196.4911880898848	2.095631191285394	5.476566795355785
5	941.6848241770728	0.4157234023657518	5.476566795355785
5	377.55975324648404	1.1777475566681606	5.476566795355785
5	546.1961495385852	1.9253480573777568	5.476566795355785
5	297.74739318655804	0.4455347091957001	5.476566795355785
5	717.3749267702049	0.15447605300471579	5.476566795355785
5	812.1981384867636	1.2953161026975895	5.476566795355785
5	411.3263509002559	1.151190163100289	5.476566795355785
5	996.6204371976415	0.9676182546300065	5.476566795355785
5	843.9926169631118	0.0025947246848537775	5.476566795355785

6	358.4355770717655	0.5696873950598678	7.768821190135592
6	433.64664717650976	0.45280775582420313	-2.3293107464930927
6	285.0488101989176	1.1041716135993453	18.28039802804108
6	574.8362398071891	0.36839241753523	6.47475169587175
6	425.1163255897451	1.1864594456862672	5.903538666003251
6	946.9399893806537	1.4090703613455473	5.903538666003251
6	1155.4788043337292	0.5641785591029441	5.903538666003251
6	275.7489299297801	1.9928911988048505	5.903538666003251
6	999.9634148361101	0.884972167232674	5.903538666003251
6	516.5615737079225	0.003990266758600855	5.903538666003251
6	1036.1494433990563	0.558457354373617	5.903538666003251
6	164.92908644611035	0.9435035751597681	5.903538666003251
6	1051.5540637644535	1.468899765388675	5.903538666003251

7	365.0815992524452	0.5097231269848866	8.279415084352099
7	432.1830244988526	0.5453003991675631	-1.6161970923725524
7	309.9002886129781	0.8804991304067291	18.108499502093277
7	575.7707387092366	0.5212469024199103	6.7925862237005115
7	427.4578172983958	1.215937287390753	6.465890244265561
7	1214.6207534230753	0.7579346048340565	6.465890244265561
7	134.84301544792459	2.4261443096154824	6.465890244265561
7	581.4158545161426	1.6561597711755274	6.465890244265561
7	1015.6417852565492	1.1251235723247814	6.465890244265561
7	243.03017506127085	0.028347882175925918	6.465890244265561
7	274.0683398213583	1.156345651015051	6.465890244265561
7	782.2856119759506	1.528488047240109	6.465890244265561

8	373.2724800690791	0.5585316023141857	8.872807077325886
8	427.4842257472815	0.6626309603182021	-0.6625039705674092
8	324.04157559198967	0.987613367395619	18.170542317855876
8	584.7541935110086	0.5004597934291934	6.977844726510742
8	433.6741489905869	1.0279756270940295	7.062084824268258
8	983.1732728094087	0.37088760210472316	7.062084824268258
8	876.9053739045902	0.9673205544912578	7.062084824268258
8	62.03796955718136	1.1764632706744738	7.062084824268258
8	969.0378079625506	0.6849537730162814	7.062084824268258
8	163.6120179241784	0.5781936678083417	7.062084824268258
8	682.3689127708872	-0.11338618959368561	7.062084824268258
8	1049.6560675686796	1.7475381339649936	7.062084824268258
8	1220.2111253169387	0.826265909400258	7.062084824268258
8	978.7927591079039	0.12163935631110881	7.062084824268258
8	904.3373350768984	0.09597078371846046	7.062084824268258
8	469.15330584504574	1.718285492577704	7.062084824268258

9	377.1253771465272	0.5553916601413169	9.177615742024487
9	432.19376977126814	0.7169387884943466	-0.17251242355679067
9	342.62463419094195	0.9542768732654255	17.60281984910966
9	592.6123815552695	0.5835049048024101	7.0642028330295865
9	446.3728077279284	1.0397702010172514	6.867653785486134
9	381.1972215926346	0.09616916070872653	6.867653785486134
9	202.93246427466647	1.4691148004348151	6.867653785486134
9	642.7771951115725	1.9368643483638543	6.867653785486134
9	622.9947583247209	0.667504846404961	6.867653785486134
9	725.3623942690301	1.778944758205285	6.867653785486134
9	1049.231024929661	0.9486314196811135	6.867653785486134

10	392.1041057364513	0.9289542040670049	9.447508356245063
10	429.9840323247707	0.5608024557537	0.25466300778141276
10	363.25991414565124	0.9439750679664783	18.30645210916264
10	601.3261150060582	0.5381218335974367	7.442000686831299
10	450.56034904820655	0.9666609230684997	7.687788799225687
10	690.4574699108498	1.7514531792153694	7.687788799225687
10	882.3655610846075	1.6682045433201542	7.687788799225687
10	786.790700765154	0.3986661394358302	7.687788799225687
10	1291.6947375897846	0.7814650718896267	7.687788799225687
10	645.6782782628081	0.14590152759428715	7.687788799225687
10	713.4812531689568	0.194148808392865	7.687788799225687
10	1040.863464319119	0.5324664206834485	7.687788799225687
10	534.3624863354656	0.2376524856668934	7.687788799225687
10	296.22452041171	2.344576624868134	7.687788799225687
10	524.6551608663636	1.554208097519381	7.687788799225687
10	455.8704420639243	-0.10225416927643258	7.687788799225687
10	709.0137347556785	0.6411328306722697	7.687788799225687
10	193.93774265943054	-3.0449793797874385	7.687788799225687

11	403.3115750128443	0.7493721863871129	10.019844349591843
11	427.752056953925	0.809752865146045	0.918266440858968
11	377.7975658346324	1.0015788711258997	18.17336318961183
11	608.7773770335937	0.5645803883708229	8.17705682303592
11	458.21465171901326	1.0363006932877583	7.776068975649471
11	1007.2262867800821	0.9578050612233695	7.776068975649471
11	1006.9975835390503	0.7054400903063184	7.776068975649471
11	273.07285057165006	1.4518218123739082	7.776068975649471
11	1355.4361940905194	0.7881594325090123	7.776068975649471
11	601.6284236587062	0.95883499467815	7.776068975649471
11	1184.5356036455578	0.7354628543014223	7.776068975649471
11	402.5759699462284	1.4645740503065903	7.776068975649471
11	1158.9107609804514	0.9271443848018934	7.776068975649471
11	716.6970099412703	0.6178480196090311	7.776068975649471
11	637.3393598191769	-0.04385410146899179	7.776068975649471
11	645.7172008918008	1.0791420959699596	7.776068975649471
11	957.145737794114	0.9379348731335353	7.776068975649471
11	1107.659109664028	0.7610710801330843	7.776068975649471

12	406.9649310021179	0.7673050824380917	10.0731088730952
12	431.36401928257686	0.8434293438606458	1.9049986707317859
12	394.9994776600045	1.0315228587966496	17.674439910559222
12	614.102143122031	0.6189151148606967	8.308508414354597
12	461.0666627314023	1.0013769793835003	8.379164323249988
12	103.39891232432538	-1.482839235942724	8.379164323249988
12	606.5415596116628	1.4099271861830895	8.379164323249988
12	328.85489701581804	1.8385263022345524	8.379164323249988
12	566.6247284819664	-0.08322980638840344	8.379164323249988
12	1270.997649074448	0.7116066011185701	8.379164323249988
12	549.9442175728478	0.739774437335431	8.379164323249988
12	360.9517523317974	1.653882453827827	8.379164323249988
12	939.7591903436158	-0.04594153590808328	8.379164323249988
12	973.6337404480246	0.3410267909875748	8.379164323249988
12	210.89692011161324	-0.4989993469453535	8.379164323249988
12	461.69603338537235	0.44435242999742947	8.379164323249988
12	325.91746899467864	1.2701951337715365	8.379164323249988

13	420.0612609178559	0.7572207233525587	10.517652710178433
13	435.1847573385723	0.7371242695431491	2.896379592342717
13	410.6902346402919	0.9695353881833553	17.70467231001581
13	622.5981157501069	0.6483041100904224	8.31869953119686
13	473.90695657120136	0.8513556400001654	8.683241087723342
13	750.0950009238487	-0.017126009423727023	8.683241087723342
13	687.0064050948346	1.4808643532550747	8.683241087723342
13	903.0307963375559	1.6205963651066746	8.683241087723342
13	1154.8747388245295	0.47538215891306	8.683241087723342
13	736.8116470242676	0.9121390978530107	8.683241087723342
13	1106.781550196952	0.615050847934999	8.683241087723342
13	918.3555757799089	1.5108884574589987	8.683241087723342
13	457.9739975890846	0.25264781174834555	8.683241087723342
13	841.6559354119207	1.2692762427207092	8.683241087723342
13	840.9573775007207	0.19820547438880695	8.683241087723342
13	956.9917487218305	0.1152388831700256	8.683241087723342
13	607.9687211085974	1.5403936799486333	8.683241087723342
13	939.4458058752159	1.5566250009195512	8.683241087723342
13	1107.62678626746	0.989631043344915	8.683241087723342
13	331.714341804806	-0.3956211272225013	8.683241087723342
13	456.0699079042368	0.8771072940016217	8.683241087723342

14	431.62330901155855	0.8651189660873232	10.972081718729326
14	441.38824945047804	0.7821532163924296	3.3628648414329585
14	632.215089465119	0.599589095053997	8.718583894566883
14	481.1254276754529	0.8895201262129718	9.091163742329897
14	1159.5233885884954	0.740948582040633	9.091163742329897
14	660.6963587561885	1.586457827480526	9.091163742329897
14	821.6647122676542	1.9405692414046567	9.091163742329897
14	870.8515446748958	1.117338276493935	9.091163742329897
14	989.5620869265318	1.0051655853386756	9.091163742329897
14	1005.0450382810608	1.0802799069045734	9.091163742329897
14	792.6587295846372	1.8177021893686383	9.091163742329897

15	442.21407932915463	0.7253225512320326	11.103272326192515
15	441.0940186883438	0.8018575365290004	4.378038140093589
15	444.85646996419155	0.9323216726446238	18.22894995240682
15	643.9050299639237	0.5129540117443563	8.881732014306902
15	492.47480428335155	0.8861724184372981	9.197971133830626
15	422.419438867934	0.14360461296194402	9.197971133830626
15	855.9703725933432	1.892766341033986	9.197971133830626
15	270.49167901980553	1.5632730109234794	9.197971133830626
15	1179.4853285216584	0.49976187345352263	9.197971133830626
15	821.7405926607471	0.6831938559625007	9.197971133830626
15	911.371516047483	0.6642007393096553	9.197971133830626
15	853.7277534621337	1.0824879959575624	9.197971133830626
15	840.2900919475203	1.309250488367711	9.197971133830626
15	53.502705438500996	2.2508445282638356	9.197971133830626
15	1259.01509992452	0.972574935489815	9.197971133830626
15	561.344510863415	1.5997343011523781	9.197971133830626
15	507.62536231788937	0.4104568980601849	9.197971133830626

16	453.8154802049761	0.9703786281378225	10.85535841005089
16	447.0595101811346	0.7602613619508505	4.7231440743527555
16	466.16983957821157	0.9001538699805133	17.550082071426583
16	647.9930900616912	0.5847127248509537	9.060446045172242
16	498.6221584252547	1.0067975681086412	9.689952193605933
16	346.94643640664697	1.7776115890038438	9.689952193605933
16	1009.0257129521252	1.3283433952058097	9.689952193605933
16	618.8657166693739	0.582140015176822	9.689952193605933
16	245.65945089784321	-2.815823510502797	9.689952193605933
16	606.7372706045613	1.0561382284693341	9.689952193605933
16	982.8983363883754	0.4808052979209058	9.689952193605933
16	958.3172228199567	0.3923474115865716	9.689952193605933
16	504.60214422929056	-0.07100771439280415	9.689952193605933
16	826.1973191876539	0.16258150816409006	9.689952193605933
16	592.5169800305626	0.07256986275405916	9.689952193605933

17	463.8892305382128	0.8798709321272996	11.642062224070726
17	484.2539230947494	0.9590647144938972	18.006762791614328
17	514.4161442084699	0.9893903240997619	9.543640552379456
17	1424.1259632395554	0.930494755031536	9.543640552379456
17	566.3039960628728	1.1823648225667491	9.543640552379456
17	1088.1134471727798	1.666414612376659	9.543640552379456
17	530.1939461467703	0.05295407724081208	9.543640552379456
17	356.6181571022251	1.7612064112908141	9.543640552379456
17	926.3698683894058	1.4613529610312341	9.543640552379456

18	453.0926947474209	0.8730792523981481	6.133372048786329
18	503.8257740643812	1.0612783278211797	17.953661622372817
18	668.0234554536092	0.8742740017244077	9.114085575662555
18	523.527710681505	0.864158392957381	10.091006739200955
18	390.0013888323512	1.8732942852868324	10.091006739200955
18	1132.2814619634507	1.2147770009058234	10.091006739200955
18	1067.74663520054	1.1583934423543307	10.091006739200955
18	764.0243719299118	1.7480795558395428	10.091006739200955
18	963.577037906896	1.462632174901472	10.091006739200955
18	740.6399955943671	-0.002878274344547233	10.091006739200955
18	576.0586547563801	1.569310671381647	10.091006739200955
18	447.59327318127424	-0.08277700778658527	10.091006739200955
18	214.12108996549125	-0.2216356080396893	10.091006739200955

19	485.38593328918563	0.7688257533369018	11.817862285448188
19	524.6386573048861	1.1077549676732747	17.855274817389347
19	677.0167129082117	0.800865709306831	9.705212162206177
19	530.3041113435186	0.9968041320829788	10.304416178813064
19	825.1836849474893	0.7842168843627777	10.304416178813064
19	1243.8104632923785	1.1634088027218927	10.304416178813064
19	1011.7678808555613	1.2884852579083654	10.304416178813064
19	1247.0569559297094	0.6056053235688088	10.304416178813064
19	831.5248446264484	0.6405447245135588	10.304416178813064
19	506.31616119562625	1.4897344487129054	10.304416178813064
19	509.58530393222213	0.1914098732963303	10.304416178813064
19	88.63284930825664	2.792316369149754	10.304416178813064
19	351.20071568756885	0.2100422520611115	10.304416178813064
19	162.02505714310777	1.7305829552511933	10.304416178813064
19	952.2116120874625	0.9240083207179194	10.304416178813064

20	500.6450738705	1.0474238263954958	12.269559445972932
20	475.80558899162287	0.9343755874625851	7.418001244406654
20	542.1794395300965	0.9028417674243184	17.98237705433947
20	686.9486221018526	0.5886653993746621	9.923936303296221
20	547.5210506691283	0.8888513178092515	10.154661370888784
20	612.739416340949	0.7295572607155046	10.154661370888784
20	685.7513412200858	0.144463930876502	10.154661370888784
20	1087.3041028556552	1.4860436595109636	10.154661370888784
20	1037.0511315295635	1.8582235821837063	10.154661370888784
20	480.4107014534464	1.657167844413315	10.154661370888784
20	826.7091662650698	1.0549045701565194	10.154661370888784
20	1267.2834306111508	0.7740531708655405	10.154661370888784
20	322.1261909725532	1.8767381400283456	10.154661370888784

21	512.4034645849064	1.0401934741515655	12.329344141217168
21	484.04570278122753	0.963003630319531	7.99906229864993
21	559.8646064067084	0.902923364369762	18.03789967204906
21	695.38896943829	0.7540720404209835	10.12708903900829
21	233.72407945919	1.5156802242636307	10.12708903900829
21	1070.5898052561422	1.2683239150565586	10.12708903900829
21	584.3461243125671	0.8483977257607923	10.12708903900829
21	1103.1392926114452	0.47560162801277067	10.12708903900829
21	151.26074654225778	0.9561535946815823	10.12708903900829
21	1027.9953664388122	1.072973406203996	10.12708903900829
21	910.5029372118995	1.1708865962608854	10.12708903900829
21	369.43669710407465	0.8014955307405398	10.12708903900829
21	703.3552242453487	0.1257351587533234	10.12708903900829
21	1045.1348260084144	0.9020021099080117	10.12708903900829

22	520.1498898803103	0.8130019951959438	12.318255892093442
22	491.1136544420996	1.0818157909691213	8.31834841383075
22	578.7955434705833	0.9395034857274585	17.79283982465473
22	708.2937924264357	0.7204622524434896	10.075849765098013
22	568.1790488554869	0.7883442606040959	11.20023999266549
22	441.22123345843465	1.3889173011430858	11.20023999266549
22	284.75093233508755	0.7457098232162283	11.20023999266549
22	1224.4179407890238	0.945401828040032	11.20023999266549
22	239.88789663220066	2.875135181820364	11.20023999266549
22	749.8749839024998	0.06552518575462632	11.20023999266549
22	656.3523600721801	0.617801784517037	11.20023999266549
22	1103.6764598929315	0.9906552351282948	11.20023999266549
22	1137.806279115341	1.102490905051	11.20023999266549
22	585.130383726376	0.8165543514693318	11.20023999266549
22	244.19389757908277	0.4524857062137214	11.20023999266549
22	804.925983302173	1.2190092579227625	11.20023999266549
22	441.9761412119736	0.25856584393460924	11.20023999266549
22	1056.5884655624845	0.9305377119037405	11.20023999266549

23	534.1687496131897	0.9738327406425149	12.738816797143384
23	489.99152270461974	1.0308609951539576	9.098086835289852
23	604.8945920620471	1.0084065329339515	17.92320075558526
23	717.9205983890598	0.7297111509163517	10.164485947973647
23	577.1122012975649	0.9214016067867349	11.602383341051635
23	1163.0898952221437	1.025549239655293	11.602383341051635
23	1040.2787651480521	0.5703927285666964	11.602383341051635
23	911.8355195625625	1.8729441545351069	11.602383341051635
23	826.4588850470403	0.11043050139653073	11.602383341051635
23	437.9440313726383	-0.2969742447843098	11.602383341051635
23	604.7315967468672	1.8655684687679426	11.602383341051635
23	741.4564178324142	0.8180883027007966	11.602383341051635

24	552.3531303650644	0.8325592914776174	12.62599624712272
24	510.3672795030021	1.1596722090578684	9.628665887289529
24	608.5755319038312	0.8647054413697539	17.997687297455883
24	728.9850309195388	0.7071993330709138	10.52799767591991
24	591.8264654894244	0.7392476776925793	11.376972866153324
24	972.590698766125	1.699627151550361	11.376972866153324
24	340.82541688327177	0.3169577900208129	11.376972866153324
24	682.7761532067411	0.2959214902143693	11.376972866153324
24	80.80396697813464	-1.5758238888569551	11.376972866153324
24	805.292169758401	0.17948161976683666	11.376972866153324
24	871.7888968200019	-0.007122949874453097	11.376972866153324
24	1026.9488937773426	1.1622595694786844	11.376972866153324
24	831.4360210221877	0.11920097945802977	11.376972866153324
24	850.6720225837032	0.594818098935784	11.376972866153324
24	662.6406496761833	0.8563219439476855	11.376972866153324
24	396.4249406771895	0.23760913470082767	11.376972866153324
24	530.205460324965	-0.15825728243998094	11.376972866153324
24	300.8876680466504	-0.029962528602342005	11.376972866153324

25	564.5776342076191	1.0677542381143763	12.552084616823599
25	626.3317146050389	0.9395271898340365	18.135344742140493
25	599.3113978808402	0.7996250642215084	11.35207625489392
25	989.628840063692	1.8985735199137639	11.35207625489392
25	971.9288156172038	1.6793533247240557	11.35207625489392
25	803.9337900824279	0.2940921651758126	11.35207625489392
25	193.93542894059047	0.17222651811189	11.35207625489392
25	920.2305722473924	1.4773812232450285	11.35207625489392
25	536.40809867944	-0.1829561669737943	11.35207625489392
25	553.1220927101814	1.5928301074879154	11.35207625489392
25	763.7143692876598	-0.07745836454500317	11.35207625489392
25	1064.8533331250644	0.5474016300484583	11.35207625489392
25	830.0765074194902	0.470353178081153	11.35207625489392
25	909.3226303155506	0.17048855621730818	11.35207625489392
25	878.6652321097874	-0.1763543889265996	11.35207625489392
25	200.60818955463463	3.0850972492168127	11.35207625489392
25	1038.1276149726957	1.319642222591913	11.35207625489392
25	345.41547444600906	1.6054469001112057	11.35207625489392
25	131.3497371965836	-2.426242482634894	11.35207625489392
25	558.959714736294	1.8129133862700908	11.35207625489392

26	573.9060199252555	0.9196286869523822	12.794120847116101
26	527.663845130666	1.2091255005255195	10.391434571117681
26	752.3727061731497	0.7795837983717725	11.046808189536188
26	608.08332703367	0.7865839786946688	11.746742153445902
26	582.715076079264	1.1467397559224266	11.746742153445902
26	740.6907137673788	-0.07854333658696415	11.746742153445902
26	255.85148635863732	2.514912849044613	11.746742153445902
26	780.542864804769	0.28507204512764917	11.746742153445902
26	661.3667039903738	0.5472019496563229	11.746742153445902

27	587.0953807234367	0.9884895461971235	13.092980027609718
27	533.2136205921433	1.269950667329304	10.868439967654432
27	668.0810847919734	0.9137302703508111	17.915062960445276
27	759.1748479917233	0.7738920347758483	11.122077550361068
27	619.7607398982717	0.799316965834843	11.7365725831388
27	354.18624281215637	1.00402828859942	11.7365725831388
27	1081.111540392406	1.1618000582955867	11.7365725831388
27	954.066744054656	1.9128596602412358	11.7365725831388
27	402.67234614796007	1.941698151948127	11.7365725831388
27	1060.2636690398863	1.395987573369097	11.7365725831388
27	859.0626518408208	0.6087330893198297	11.7365725831388

28	601.1433762610545	1.0081748313836836	13.240548480271356
28	544.603239565716	1.2061531004131711	10.966691436049004
28	685.8815544524388	0.7824458583125575	18.137639460838564
28	772.572619963666	0.9226962314465725	10.945869491978321
28	633.17581556139	0.6812820866228695	11.644684041681323
28	937.6477051765228	0.549720315085627	11.644684041681323
28	426.0412614648706	0.8869299525662354	11.644684041681323
28	965.0332599758065	1.701306843048393	11.644684041681323
28	387.58993954525175	0.1282220791662801	11.644684041681323
28	876.5416316384948	1.2832813427410565	11.644684041681323
28	706.782680912639	1.3380482470028083	11.644684041681323
28	877.9764171407958	-0.041646903004983415	11.644684041681323
28	725.9842020760473	0.17651830198622467	11.644684041681323
28	1253.8685877908745	1.0067448107592898	11.644684041681323
28	1112.1907680355873	1.445089237303735	11.644684041681323
28	957.7122917034659	1.8656265760912878	11.644684041681323
28	713.3053953156824	1.4748399436282822	11.644684041681323

29	615.0516109904139	1.124534744834699	12.743736025383791
29	557.899922503879	1.3937986970458303	10.96545839732183
29	707.4546198086757	1.090741518462775	18.14736163715401
29	779.8583378712729	0.8164748252394184	11.225973558175843
29	644.7406993568227	0.6910485326030741	12.15345267581219
29	1424.8724415812399	0.7827968996901106	12.15345267581219
29	1239.6489114718681	0.7722808262681832	12.15345267581219
29	1403.730462092593	0.6557326904605459	12.15345267581219
29	432.73989421075936	1.1686031119721463	12.15345267581219
29	270.2648336158284	1.5236210822290328	12.15345267581219
29	432.05946063812416	0.9623370407753953	12.15345267581219
29	933.7768818008836	1.125920046929289	12.15345267581219
29	1008.1970233858469	1.8146708508163765	12.15345267581219
29	1310.6384140905163	0.6883345317612795	12.15345267581219
29	944.4792711797146	0.21502025259709884	12.15345267581219
29	1054.3626765078786	0.3565499716886663	12.15345267581219
29	705.4956832988817	0.18043136890482786	12.15345267581219
29	620.645596375886	1.222400139411333	12.15345267581219

30	622.623327880837	1.0234063550485732	13.541009500315768
30	566.7045092339438	1.4679461295219158	11.688649925820835
30	720.0217186130509	1.039685364276895	18.45346636704764
30	795.5191471365994	0.9232769318030953	11.27496900666752
30	659.9426503264051	0.694139769841958	11.935401391062543
30	1129.7320948940114	0.956679337982062	11.935401391062543
30	517.416638837106	1.9231548953817907	11.935401391062543
30	213.1743727221757	-2.6648857954714833	11.935401391062543
30	280.8510699215744	-0.20602594689757597	11.935401391062543
30	523.9439701022985	0.5460821244189226	11.935401391062543
30	546.6644087824159	0.11982619443043259	11.935401391062543
30	387.5426200156624	-0.25739256562309215	11.935401391062543
30	744.5706980272222	0.8360506165846978	11.935401391062543
30	1025.1680863837444	1.6232072809063698	11.935401391062543

31	641.8162800054673	1.027157940888764	13.143589475700857
31	586.8734243513661	1.3689810659680803	12.066284455258991
31	742.1793703999804	0.9120792976220267	18.361988376924064
31	804.412168953895	0.835579677609483	11.282202578061387
31	674.6077651484352	0.6234939595471438	12.272125683036768
31	429.61215285430154	0.4728816883534386	12.272125683036768
31	604.8376909415928	0.01375604432229316	12.272125683036768
31	341.0068415169546	0.20427557191728055	12.272125683036768
31	739.4444119013725	1.3318029587608957	12.272125683036768

32	651.9719545731965	1.1796423153289806	13.782004111095734
32	589.8252183239194	1.302205535682069	12.761442862357692
32	755.2259942778916	0.8727420545395704	17.935564692353402
32	818.8602478295686	0.8324711321198967	11.798245262919707
32	681.650370850593	0.7650725045544701	12.232170564270334
32	1029.8119017491479	0.47233692769125024	12.232170564270334
32	264.0851844890757	0.29997405220681966	12.232170564270334
32	227.99233949036466	0.6574617657202161	12.232170564270334
32	284.1656293195776	1.930690718331247	12.232170564270334
32	971.8433362740418	1.3077508432320657	12.232170564270334
32	778.2882004127781	0.4419619755143568	12.232170564270334

33	670.1331585934363	1.002336808223741	13.47915371956828
33	608.4309374875147	1.420129119547215	12.612621166873742
33	775.5221184563995	0.7852247847454452	18.227875391423776
33	829.3072000355719	0.942287651104135	11.733210752316278
33	692.3607347570971	0.4933805778231568	12.606446222549609
33	511.3132724084662	0.18137995952019742	12.606446222549609
33	697.2821119606102	-0.09116245412737908	12.606446222549609
33	606.1055729211744	0.05349150872499482	12.606446222549609
33	1253.5937246043857	1.0085328004215472	12.606446222549609

34	622.0079658000832	1.2868422920918448	13.214880469469952
34	788.7970480898575	0.9427982007085856	18.166237416896227
34	842.9784993445301	0.9416448374328511	11.592212848550016
34	700.6889881465186	0.6195593443771407	12.803237659219736
34	822.990823541237	0.8438441317187814	12.803237659219736
34	145.53391758022414	2.7238424910056254	12.803237659219736
34	176.52765363134586	2.628123378239409	12.803237659219736
34	738.6644301030364	0.013902828063046595	12.803237659219736
34	915.7181269856665	1.7369101093027346	12.803237659219736
34	689.3219789133107	0.890146199345341	12.803237659219736
34	84.70591465742712	2.4793514571105457	12.803237659219736
34	702.7392691422131	0.4745068551728464	12.803237659219736
34	1121.4180762333376	0.8028148108135872	12.803237659219736
34	1360.0781710543154	0.8746788449910421	12.803237659219736
34	958.4176846250713	1.4727535873942985	12.803237659219736

35	692.1923103404283	1.1192113769695853	13.71042632781729
35	634.2447447282723	1.2863165259599232	13.23543668600134
35	813.8547600031217	0.8327833679732615	17.887290761412014
35	850.6776015471602	0.9131101527166744	11.940916782295282
35	720.8309919850292	0.5675370010518308	12.6611332612317
35	518.3188870255268	0.21880205917185078	12.6611332612317
35	1050.1818835452111	0.37693256110552303	12.6611332612317
35	821.8986070351531	1.7330856434209354	12.6611332612317
35	1203.2899745140976	0.9280271488391957	12.6611332612317
35	944.6454842221832	1.2718622979722654	12.6611332612317
35	538.4606151759352	1.3529308143005243	12.6611332612317
35	1035.7652924853617	0.795556238950434	12.6611332612317

36	704.1630420242535	1.124393271989711	13.461593083281398
36	650.4802479564281	1.4544353035286224	13.291603491239137
36	826.2143467562819	1.1040686894388412	17.900134746302296
36	860.5375389570515	0.8222151850048826	12.104984920806576
36	729.5607998215527	0.5803184564691869	12.969418911055808
36	636.2597212100841	1.7740389817470459	12.969418911055808
36	183.07343866101868	-2.919003022313111	12.969418911055808
36	1248.6809042917969	1.2276398469940726	12.969418911055808
36	617.6395673611188	1.080609646963715	12.969418911055808
36	101.23909282969886	2.6123058468378852	12.969418911055808
36	650.1339383677542	0.0954191894857068	12.969418911055808
36	544.530468551766	1.4560850990997996	12.969418911055808

37	716.6941635166265	1.0455561920888952	13.852411834032312
37	661.5359462060776	1.4835270764510533	13.899352982280277
37	844.0213985962502	1.0744827091068392	18.647713873101942
37	869.6496417409636	0.8749319004760271	12.259640513073878
37	743.4652341395065	0.6419406242902443	12.95406994746674
37	1043.8709987712023	1.1859544287971957	12.95406994746674
37	980.6522809054637	0.9885187435927583	12.95406994746674
37	917.3656985163308	1.2099140593590274	12.95406994746674
37	1250.232653763491	0.7456121962426335	12.95406994746674
37	1127.0972276991115	1.0731210096660875	12.95406994746674
37	616.879740698305	1.1713128023287889	12.95406994746674

38	738.173375790176	1.0406033945888282	13.752699002676758
38	863.3071151503829	0.8349340468315284	17.921193821918095
38	884.9797232058398	0.7333664428386731	12.334172776791007
38	1002.535845477631	1.4809786662217248	12.334172776791007
38	1187.862986086836	0.5344480144372212	12.334172776791007
38	1118.0051988950263	0.9450487659639734	12.334172776791007
38	1095.1944991579655	0.6340887973896361	12.334172776791007
38	223.4351061542337	-2.9489642856820595	12.334172776791007
38	686.6802191618197	0.920014368122058	12.334172776791007
38	734.8308996489794	1.1224093605856527	12.334172776791007
38	825.8607841440115	0.18922339701091373	12.334172776791007
38	997.4996358984424	1.5466874316682835	12.334172776791007
38	274.3479105671787	2.557816288683843	12.334172776791007

39	747.1463198837276	1.047400097742497	13.906120245075245
39	689.1356559080972	1.4640843895899396	14.29581930712854
39	884.2145454456694	1.038891235901647	17.92919921346096
39	899.1537117119389	0.9685588636561088	12.230379618846516
39	768.600557507814	0.4746851558251099	12.812736063416763
39	1062.226390276739	1.7830351728337486	12.812736063416763
39	1007.7411538311887	0.7702835885892662	12.812736063416763
39	550.6013401199199	0.9983314647332836	12.812736063416763
39	500.539743308364	1.444270463289945	12.812736063416763
39	977.0393932361224	1.7037352272566397	12.812736063416763
39	947.6283563537874	1.4363031751784066	12.812736063416763
39	696.1949236385141	1.4734830586703351	12.812736063416763
39	918.9494546298514	0.1168479971849734	12.812736063416763
39	799.9308914837088	0.8028130627186135	12.812736063416763
39	1256.5658168519394	0.9839357055758596	12.812736063416763
39	1050.8633130008009	0.8498317686728211	12.812736063416763
39	801.0226147976198	0.6351684104481309	12.812736063416763
39	915.9538569498292	0.07506932848870465	12.812736063416763
39	693.0434679374417	0.6064246138096512	12.812736063416763
39	786.3985688954322	1.4900395175996406	12.812736063416763

40	762.4774397848993	1.1396962154568904	13.704774660175305
40	707.4410423150923	1.4791854547524654	14.352473812954411
40	902.6602286822961	1.1155713942356582	18.20559862728737
40	912.4448659900348	0.9814807559047468	12.411938456414893
40	781.970423147035	0.4342255281716014	13.37917505966713
40	975.9944073346102	0.5840033794393941	13.37917505966713
40	603.9857253980163	1.2108586446876446	13.37917505966713
40	885.3071564055102	0.3004593791356962	13.37917505966713
40	992.6033972136186	0.27403188396001155	13.37917505966713
40	1295.792084248513	0.7932905414287771	13.37917505966713
40	748.6172810419511	1.3402304875499769	13.37917505966713
40	534.1671448126598	1.205632164372711	13.37917505966713

41	777.2723004278724	1.1932432042300738	13.894480243489568
41	713.4163966349194	1.3759367745660434	14.081331584847002
41	918.8929571338683	0.9168864969296391	17.947269324881663
41	925.5568950384717	0.9176722381589051	12.490529379145267
41	796.8202669167722	0.5228253357658198	12.994941739393226
41	1043.674425596348	1.0596048482872913	12.994941739393226
41	1081.7311914362374	1.557118012152978	12.994941739393226
41	483.53652130077205	0.2373853845332456	12.994941739393226
41	262.7662419285795	2.605249798703708	12.994941739393226
41	884.3990342651108	0.4400091002821564	12.994941739393226
41	578.2940937341625	0.8071014527733567	12.994941739393226
41	955.0845807772026	-0.012388787462357151	12.994941739393226
41	759.3699764724263	0.26510057155817257	12.994941739393226
41	394.4237761850929	1.035309840942607	12.994941739393226
41	405.90439596386733	0.2010017700524524	12.994941739393226
41	1266.7014087747798	0.683087768593601	12.994941739393226
41	358.5988469625031	0.13764848690176845	12.994941739393226

42	790.5066808692471	1.095024019219326	13.682266574850178
42	726.7125754018211	1.4731398199827068	14.810921369113547
42	936.2651734794572	1.0006568345411737	18.032845214534305
42	935.1466761700996	1.0743052008421845	12.431719849953076
42	810.4462316810913	0.515924177237795	13.183296734430856
42	875.1899874647904	1.3630631360705574	13.183296734430856
42	643.9226336094789	0.21041308880053528	13.183296734430856
42	1197.6350889212847	0.7464482037140843	13.183296734430856
42	557.9803897817428	1.787766390072125	13.183296734430856
42	329.0452805920913	1.4168190692560165	13.183296734430856
42	786.7904688778324	1.6805642961742373	13.183296734430856
42	510.4089598031569	1.621196252824551	13.183296734430856
42	640.3029668236967	-0.10857246262047271	13.183296734430856
42	794.400506272034	-0.04812686214540994	13.183296734430856
42	1024.5575751752601	0.953713646522853	13.183296734430856

43	803.9509318284635	1.3576323882238674	13.955208863827036
43	745.9580353638031	1.5322276354141853	15.138243500827132
43	957.579465473491	1.020073948251055	17.90472432462671
43	955.0541366607956	0.9499223699781281	12.645573666164681
43	821.721084425498	0.37746538229771665	12.828144622400643
43	1260.7809767642345	0.7067727606520418	12.828144622400643
43	754.4637846334276	0.8509514256568697	12.828144622400643
43	413.32172017171274	1.764811334079009	12.828144622400643
43	909.7992938545203	1.626657333471486	12.828144622400643
43	844.5688046657797	0.6690150002658041	12.828144622400643
43	586.7233298128853	0.23166507066099745	12.828144622400643
43	941.9040725014945	-0.13169686698704042	12.828144622400643
43	520.5872754431055	0.09494247821970198	12.828144622400643
43	1256.194287245298	0.911388388464947	12.828144622400643
43	829.9437734839635	0.2652226937218704	12.828144622400643
43	886.0238777664604	1.4703521591291682	12.828144622400643
43	870.372931588456	1.734507221684574	12.828144622400643
43	590.1595352507435	0.9024720090439738	12.828144622400643
43	862.1788652051889	0.3887231735012577	12.828144622400643

44	813.7425401253455	1.2693551843376751	13.551409937309117
44	763.7386247273253	1.4808273626766848	14.64736788599514
44	971.974153468692	0.7466762657836218	18.50896786790638
44	969.3463323751895	1.100544960855531	12.64094216831744
44	835.661867057544	0.5507638919111915	13.466400964787983
44	901.5872397842038	1.080172212573408	13.466400964787983
44	264.11574340599657	0.6155421394571732	13.466400964787983
44	302.7244616562887	0.777931670513909	13.466400964787983
44	1151.4308768597805	0.9607157280264352	13.466400964787983
44	1161.1625994681935	0.8435062683337107	13.466400964787983
44	728.7087777008647	1.0621428707180884	13.466400964787983
44	238.65987720311372	2.950950451035195	13.466400964787983
44	1269.0941882628663	0.9991468188581769	13.466400964787983
44	232.28102009199603	-0.21787160198543087	13.466400964787983

45	831.1541717684663	1.3079884161824973	13.777324340703048
45	991.4987492006549	1.0752563701944884	17.660514171983625
45	978.347677442138	0.9382088145401687	12.573127274617011
45	852.9217935495287	0.3456333051835486	13.237235088387843
45	680.4190552552102	0.7211773623333858	13.237235088387843
45	1106.2637148006886	0.8714497753371214	13.237235088387843
45	576.5078141351148	-0.15720882737232764	13.237235088387843
45	1029.6195556808457	1.6269735999933348	13.237235088387843
45	833.9554567587902	1.2051429128966138	13.237235088387843
45	1175.458334730985	0.8480557237461187	13.237235088387843
45	911.1860106644481	1.2072406789527137	13.237235088387843
45	964.1451948771693	0.011877448040924277	13.237235088387843

46	841.4423189566502	1.1625680156207672	13.870817273402897
46	790.8121982514448	1.554664394112112	15.407062391000867
46	1010.1602298141596	1.0822508267260929	17.84858858833649
46	991.5514543771635	1.111894553435858	12.972845160523349
46	861.8567730073306	0.3405081093045919	13.429270093931787
46	878.8679045969368	0.9548906369652401	13.429270093931787
46	654.7401825325076	-0.09583738691524986	13.429270093931787
46	104.50626108546835	-1.5090281099870055	13.429270093931787
46	417.8287367454056	1.7505560121261565	13.429270093931787
46	340.08126734034954	-0.05393620138170893	13.429270093931787
46	816.4286883621978	1.7836893519427575	13.429270093931787
46	329.7988863149099	1.7200340874860343	13.429270093931787
46	613.1489537798619	1.5759413955996686	13.429270093931787
46	204.6190381703313	3.135972106860275	13.429270093931787
46	1230.8528837427962	0.8000759163344171	13.429270093931787

47	857.5814092796288	1.2149613557741397	14.142170058064078
47	1031.9833541449248	1.047964809330892	18.022969141725472
47	1002.031735302875	0.9467306180884822	12.606724427581726
47	873.1597679332097	0.5502333845498759	13.31426345895373
47	762.4512059737385	1.018970970612101	13.31426345895373
47	1341.8376136877084	0.9401623075103361	13.31426345895373
47	149.6804764045102	1.3687982463220898	13.31426345895373
47	710.2755237040146	1.1591511275477104	13.31426345895373
47	918.7788260343473	0.8712797245739747	13.31426345895373
47	998.3125741564811	0.3555977141717652	13.31426345895373
47	825.1743235900747	1.1395298537568128	13.31426345895373
47	650.5205775997532	0.13347425070040184	13.31426345895373
47	974.2852401817154	1.60688939421111	13.31426345895373

48	867.4854438471664	1.1941103766082497	14.062046288110746
48	818.8093622924275	1.6732927151515677	15.211857806678536
48	1042.9564428511603	1.0271952233307522	18.164536159937157
48	1009.5669418030375	1.0325230272170467	13.019791833011382
48	886.9410296766401	0.4603410540064487	13.58645609213855
48	1016.5696845881896	1.2573704293936598	13.58645609213855
48	914.6224320846233	-0.10381444948403937	13.58645609213855
48	412.3694411014266	0.9712449927710046	13.58645609213855
48	431.59680950204336	0.08912424579354686	13.58645609213855
48	386.24954257022483	1.016812915037895	13.58645609213855
48	1027.6094223102123	1.601567590310276	13.58645609213855
48	684.0804471771547	0.02376117348546762	13.58645609213855
48	507.19977235106205	1.08546894191647	13.58645609213855
48	918.3886792974783	0.2789282789770387	13.58645609213855
48	1111.4469761778087	1.2324908149180602	13.58645609213855
48	119.78264782096531	2.684856676782885	13.58645609213855
48	527.7645491613944	0.2967103221248583	13.58645609213855

49	891.8847799663708	1.2418637403555202	14.08014349449995
49	835.4181984379551	1.5900843870221357	15.64069406346882
49	1064.8475143207145	1.0067870061632858	18.168720606813906
49	1030.6671136263947	1.0154536207350027	13.28032755000782
49	900.8377607180603	0.4636887757790226	13.532161846195212
49	68.85553595084724	-2.9639291223272606	13.532161846195212
49	133.4396082785181	-2.4839064725678757	13.532161846195212
49	1256.8895501549696	0.8408363225256525	13.532161846195212
49	878.0738789168965	0.6973141828557117	13.532161846195212
49	321.7979328331197	0.7393679500935986	13.532161846195212
49	1015.323801953862	1.4285781350773712	13.532161846195212
49	519.8893066552306	1.8211821585531118	13.532161846195212
49	702.8160875002816	0.4557565758188074	13.532161846195212
49	819.0280581227024	-0.16703956255182925	13.532161846195212
49	661.756005465281	1.7127355779223778	13.532161846195212
49	1009.661695919425	0.8401712202732903	13.532161846195212

