scan	range	bearing	velocity
0	309.6860690318723	0.32052233105295674	4.481328579505969
0	458.7164578127534	0.05042430455497382	-6.587637694976999
0	176.22295617018221	0.971528575425677	17.887819139528666
0	541.0816502493918	0.23354239220791703	4.2200563069992825
0	392.44534192820015	1.3978318904183464	2.6790092361222912
0	323.938500970639	0.4455545609179979	2.6790092361222912
0	802.6204320353767	1.87279409657479	2.6790092361222912
0	312.56993103007227	1.8009979802171485	2.6790092361222912
0	838.3960402925552	1.438178045360272	2.6790092361222912
0	820.9269920154047	1.8060040680528664	2.6790092361222912
0	784.461769475425	1.0236957338642296	2.6790092361222912
0	829.5001415081055	1.3315742287717527	2.6790092361222912
0	1223.9794800457855	0.7835508354117495	2.6790092361222912
0	1275.9758488441903	0.8473927153920104	2.6790092361222912
0	733.9863978131681	0.6050110630914111	2.6790092361222912
0	429.1978190169716	0.3410499962627057	2.6790092361222912
0	947.5131079200361	0.25740133528957654	2.6790092361222912
0	831.8300787779554	0.19746127656141138	2.6790092361222912

1	318.3568075370213	0.3506804782840724	5.202172330239004
1	456.67050920109097	0.40701001853608865	-6.018078911532154
1	200.54412820849615	0.9150031682061871	18.2535220441084
1	545.9214324797097	0.2517175752368442	4.817445848197258
1	397.3240962097054	1.378610285164229	3.180745996231598
1	1240.5255473403517	0.678673874109661	3.180745996231598
1	39.65042160815105	-2.612266356955046	3.180745996231598
1	808.7682410680787	1.6174751767529019	3.180745996231598
1	303.2400865369113	1.3548751485888724	3.180745996231598
1	1023.897320668647	0.815423667187955	3.180745996231598
1	408.8666547631532	0.09360421719155784	3.180745996231598
1	678.3932466986639	1.831051357861138	3.180745996231598
1	853.2875811120804	0.8557343680701673	3.180745996231598

2	327.4435910868063	0.5178623974538176	6.036844269817011
2	453.1361395672752	0.10597889678413397	-5.307795909625659
2	213.3046149219507	1.1014490340400962	17.99134333932125
2	555.6539617065881	0.24513829375658508	4.673919471877733
2	399.6454618312402	1.303198018040867	4.354943304098927
2	779.7878983062144	1.7921610637401255	4.354943304098927
2	1039.773134378452	1.029560508565457	4.354943304098927
2	116.44234353793718	1.4009585832590778	4.354943304098927
2	629.6273059208473	-0.06594377571101066	4.354943304098927
2	651.6875532455456	-0.016595251091333002	4.354943304098927
2	570.7287374876497	0.8811316950109116	4.354943304098927
2	1052.8601804241835	0.5471248141554831	4.354943304098927

3	331.0748932726824	0.42797146774000355	5.998343182491564
3	440.77173740077194	0.26173390643030425	-4.323857614815072
3	238.18584936299348	0.8940295432684918	18.22158396526659
3	557.3410244512974	0.21786324404606378	5.2043654502720065
3	406.85647366636033	1.3747685857775036	4.365517263032264
3	83.99249473316327	-2.043649191732623	4.365517263032264
3	793.9072119874353	1.6755038779251952	4.365517263032264
3	1126.253390196925	1.1413547221864258	4.365517263032264
3	825.7745827843721	0.46363955651546906	4.365517263032264
3	473.2391212800281	0.7396109948276313	4.365517263032264
3	738.8988517792118	1.8053788514636966	4.365517263032264
3	963.7332264315378	1.5717930475079338	4.365517263032264
3	87.83981957818938	-1.2048986702391629	4.365517263032264
3	234.51341827042563	-0.11988981666920809	4.365517263032264
3	327.0051710040729	0.7428785199696057	4.365517263032264
3	77.54935952880746	-1.7133384475956193	4.365517263032264
3	737.6643147481642	-0.02334680923794724	4.365517263032264

4	342.0325289443341	0.44543849313632766	7.229461251266586
4	436.7483709391816	0.5150737251620476	-3.596217923606316
4	250.71634496766995	0.9656194646103171	18.22171908771679
4	561.1138000852364	0.37816745052182166	5.813175051387903
4	413.377311026892	1.1196319662348742	5.040266053153582
4	817.0207340546455	-0.21480485392985682	5.040266053153582
4	1149.4289317638093	1.1789158095775656	5.040266053153582
4	576.0645683834346	0.18002385157196313	5.040266053153582
4	1154.431348466921	1.2959803831632422	5.040266053153582
4	52.28700466244303	0.7255338158878806	5.040266053153582
4	1039.5654480711182	0.36314258776268477	5.040266053153582
4	166.76973526260977	1.1480869648918226	5.040266053153582
4	852.1969690277249	0.626245617248819	5.040266053153582
4	1011.6765681727818	1.135628078942934	5.040266053153582
4	935.5470064626137	0.21442022308707054	5.040266053153582
4	1044.8237690544224	0.9112815934307246	5.040266053153582
4	1166.3159681982875	0.6443381534601148	5.040266053153582
4	461.9153256535074	1.1156430933559607	5.040266053153582

5	345.0449520091983	0.5942959108158942	7.323082692368819
5	439.1616067428624	0.49602633839502647	-3.190479708781815
5	270.2223132214018	0.9043319030146625	18.19570522641329
5	561.6292670153044	0.6333341324313257	5.671976331100121
5	414.83976258849265	1.113889956690508	5.906439707353151
5	1294.6993391211681	0.7765464032056396	5.906439707353151
5	235.50051774380123	0.08453358435254936	5.906439707353151
5	427.7341152830602	1.3117615285969826	5.906439707353151
5	154.93621880179197	-2.953753894593992	5.906439707353151
5	602.8612648111239	1.2112742019770075	5.906439707353151
5	988.3004229513048	0.8324305591395607	5.906439707353151
5	317.5763463165764	0.03642269737350905	5.906439707353151
5	882.8083599608907	1.5287036984748865	5.906439707353151
5	957.3238107643372	1.33368650135821	5.906439707353151
5	287.2536450198999	2.341282071169867	5.906439707353151
5	848.7584089811697	1.6147840476934492	5.906439707353151

6	437.77505407428873	0.5067369434409503	-1.98810689545988
6	284.1808921790238	1.0768480213916802	18.02461170953237
6	573.0632724032026	0.3552466192171001	6.628240532533383
6	421.5182559010534	1.212574985653613	5.969982205717203
6	1070.865433027409	0.5176533814779958	5.969982205717203
6	1059.8029973574994	0.8860389908844191	5.969982205717203
6	339.1627384891608	2.014254206048076	5.969982205717203
6	561.8497784464184	1.3635482140717203	5.969982205717203
6	482.15931105153516	-0.1457819419378674	5.969982205717203
6	1469.8136170833639	0.6736265349064798	5.969982205717203
6	795.2201037649054	0.8094663357986114	5.969982205717203
6	645.700789536489	0.8891878398927604	5.969982205717203

7	365.7225102343284	0.522735877540111	8.789400964026255
7	431.3679206397739	0.5109652069564506	-1.9318704244431875
7	303.5043422068074	0.8582624440658719	17.937030295510592
7	581.6095667017235	0.5662152598451562	6.665656069941122
7	428.3059270796747	1.173781828238182	6.499112900306603
7	644.6989116273976	1.4060882404201056	6.499112900306603
7	100.14670960682122	-1.3692056975119187	6.499112900306603
7	873.0121368345683	1.824563935584938	6.499112900306603
7	360.22078981626856	1.3668231534710253	6.499112900306603
7	1089.1141660289006	1.0076255920822048	6.499112900306603
7	1298.5867098130898	0.8016752352205787	6.499112900306603
7	792.6849791094919	1.9524511686736559	6.499112900306603
7	1054.9061672302973	0.9458149836288978	6.499112900306603
7	554.0162312799108	2.031729796864165	6.499112900306603

8	373.69656478436974	0.7372111028052565	9.19346040832706
8	428.56822721261545	0.6828852133016112	-0.7859886756335756
8	328.2149887781592	1.1182922823268298	17.951427332040016
8	591.4035444335668	0.3820682675366389	7.170121745860465
8	438.2539540346516	0.931618334938115	6.692240502613065
8	682.8049417134825	1.7522041909850645	6.692240502613065
8	1172.5543075051423	0.9127201765379881	6.692240502613065
8	1025.3876050135248	0.7431576970626765	6.692240502613065
8	208.1529456934829	0.400654204002144	6.692240502613065
8	576.858244578327	-0.1436960419439391	6.692240502613065
8	758.4298313251224	1.1179658179644947	6.692240502613065
8	268.35178457552433	1.7067969479851637	6.692240502613065
8	695.4998410961638	0.9968539908891045	6.692240502613065

9	383.8629575110873	0.6444968512719603	9.23162379782564
9	427.61797880225504	0.4422315284042908	-0.05113946416640547
9	344.8454763286449	1.0697130944593727	18.381070020749405
9	591.5657117057336	0.46020300254823987	7.203984933537464
9	438.6658619184908	1.3373346999256057	7.088018988201552
9	411.3691070144348	1.6808335170571653	7.088018988201552
9	542.2755026996359	1.6913040303766327	7.088018988201552
9	354.0713759867354	0.894375234675342	7.088018988201552
9	760.1946431367396	0.9874834721349363	7.088018988201552
9	485.64066572498893	1.2450576662632566	7.088018988201552
9	676.8062481244551	0.7289313065681289	7.088018988201552
9	1221.446156483285	1.0150870647530124	7.088018988201552
9	379.6029466906896	1.880280332839852	7.088018988201552
9	1004.0241685816233	0.7971398828588513	7.088018988201552
9	246.96075407281293	2.67668827540514	7.088018988201552
9	769.4742335928273	0.27051668425549963	7.088018988201552

10	395.07272118364267	0.7368054730543452	9.79992066833959
10	427.8823525045175	0.5176690517601688	0.6122036971466538
10	360.552742923618	0.9381426522090676	17.951417958275066
10	595.9437625544638	0.4379330185431355	7.6670138273832205
10	449.7827676864273	1.0828410303313223	7.81538686736485
10	1298.5622098871443	0.6770610287144753	7.81538686736485
10	570.1410456746453	1.8194768312701954	7.81538686736485
10	169.73877825668512	-2.9976248155816028	7.81538686736485
10	691.0923320069818	1.4538707508072424	7.81538686736485
10	1242.4671287248718	1.0165580230466453	7.81538686736485
10	841.8070973383201	0.45486507568592055	7.81538686736485
10	1024.5278741178672	1.7132575040907465	7.81538686736485
10	307.9929048108775	1.0360275141816422	7.81538686736485
10	1101.4346829109002	1.1338554115200534	7.81538686736485
10	1416.8145156393045	0.8876211425962867	7.81538686736485
10	288.7356807527109	2.389471287447637	7.81538686736485
10	600.0140409619985	1.1988153811084388	7.81538686736485
10	800.9401580430102	1.4139050836373395	7.81538686736485
10	1019.6449186262317	-0.09688064698166354	7.81538686736485

11	400.85981188674066	0.8926409595470565	10.180860467139352
11	432.9298946359719	0.6658450620773483	1.3767987103170807
11	381.13250746138084	0.8067192485998385	17.883022211307335
11	610.4194355939433	0.5654168281557138	7.69682816232669
11	459.6680171105326	1.0462249430092678	8.008653117142575
11	779.1841068025714	0.8182984761144313	8.008653117142575
11	327.10284977489977	0.11080168093932742	8.008653117142575
11	799.9198407253753	0.09732323083124757	8.008653117142575
11	336.5239350121543	1.1996799013456612	8.008653117142575
11	1014.5621447450457	1.695941890359723	8.008653117142575
11	210.18067247337427	1.9345875575530045	8.008653117142575
11	83.47414408596885	1.3409415403094338	8.008653117142575
11	491.30314474486556	0.3517560512749341	8.008653117142575
11	453.4371899404767	1.6955735222332091	8.008653117142575
11	772.8161878992069	1.508477971540011	8.008653117142575

12	405.11796209445873	0.8369903622473	10.145243863359978
12	433.10007330795105	0.7124388937264683	2.244672208018462
12	614.8824540269543	0.5766336097492498	8.32463584870503
12	465.6872916665157	0.9333547948272262	8.22893925528396
12	949.3144561085936	1.410108082064522	8.22893925528396
12	935.7946471993143	1.3869773899213682	8.22893925528396
12	854.8892377323485	-0.08704309900229404	8.22893925528396
12	868.3839338814931	0.4696929414144204	8.22893925528396
12	1248.3785677731125	0.5618215549504747	8.22893925528396
12	1049.799200985426	1.8214372941912829	8.22893925528396
12	722.2846521310162	0.698152961059293	8.22893925528396
12	728.4476593804145	0.39762019448679886	8.22893925528396
12	809.3384419738121	0.578996933668418	8.22893925528396
12	249.62268903784138	2.1947111709838616	8.22893925528396

13	423.7364671839254	0.8892236813582507	10.4265699588036
13	431.9207604761576	0.7896431138957356	2.3191509552646785
13	416.53704127133835	1.1128120993724484	18.084805360517613
13	623.772305991938	0.5212075236454318	8.358639670770968
13	299.4578307872857	0.02672582772241859	8.358639670770968
13	10.479807553821523	-0.24402545088353894	8.358639670770968
13	971.465749380319	1.2856579600922144	8.358639670770968
13	1318.8314100628259	0.925084657908831	8.358639670770968
13	749.8108764621994	0.36383097368639533	8.358639670770968
13	428.4142294461105	-0.09037090888566626	8.358639670770968
13	564.9412477902935	1.8045548932903082	8.358639670770968
13	992.4159004575536	0.5050557542878793	8.358639670770968
13	226.1676253006818	1.9959049154250839	8.358639670770968

14	431.32895693435984	0.8089408348312384	10.542375234365519
14	436.5689428737474	0.8706979447635494	3.6830411902720934
14	435.034376556061	1.0691112745984503	17.962855881805655
14	633.0014874287091	0.6803411580523921	8.623170509798513
14	485.0510154030889	0.9447199996160424	8.992299592578604
14	683.0655477926096	0.7164330648671815	8.992299592578604
14	372.94964678728	2.042680265242157	8.992299592578604
14	471.2743756680243	0.43978424594763654	8.992299592578604
14	963.8302361635924	1.7476082289414108	8.992299592578604
14	1018.2555090403392	1.2868951316646837	8.992299592578604
14	867.2033121039498	0.39729113256859105	8.992299592578604
14	114.36111874698632	-0.8501841850317573	8.992299592578604
14	879.781587950126	0.2910017179714004	8.992299592578604
14	858.9243890148215	0.12057400229944183	8.992299592578604

15	442.4040131418658	0.810080502356122	10.913542854513317
15	447.45459920394876	0.9403629561999133	4.587505491809164
15	449.59897716577194	0.8671010927246382	18.134865810269126
15	637.6510488211895	0.6677792874189737	8.534024639804459
15	495.5913756620781	0.9366090476160381	9.235739100169818
15	670.3792053681682	1.2401579454670193	9.235739100169818
15	701.5457355833753	0.6292096004203508	9.235739100169818
15	1210.1906182345726	0.5810442673735637	9.235739100169818
15	923.2146201399613	1.1225184999990532	9.235739100169818
15	466.08701583693465	0.78401502032794	9.235739100169818
15	591.9228251848838	0.5905874457026276	9.235739100169818
15	444.4706002002632	0.12392509239406463	9.235739100169818
15	942.562733160886	1.1584163876040166	9.235739100169818
15	651.4149768891555	-0.04717051213201196	9.235739100169818

16	455.80237707562145	0.9470646279675957	11.772279965571856
16	448.22589381324786	0.8937848207174548	5.079807729882233
16	464.8820098725945	0.9595124779994402	17.90347317807728
16	507.5048101275272	0.9665969330479729	9.784355081817113
16	1075.2352931306136	0.8729112900809016	9.784355081817113
16	609.7944258652553	1.7654861281127507	9.784355081817113
16	255.81623288414636	0.3783592445706625	9.784355081817113
16	137.71174723510967	0.6689516808840632	9.784355081817113
16	1080.2867201889862	0.7928476946256839	9.784355081817113
16	1290.3836839874307	0.9188866268631372	9.784355081817113
16	509.2763746294047	0.8460341267609792	9.784355081817113
16	771.3848566195269	1.301082764513114	9.784355081817113

17	463.1413647918312	1.0170374913405826	11.39862897051485
17	453.0037538079473	1.0302642524325778	5.842318858130764
17	485.30958532943487	1.1617054046129063	18.139255046701315
17	658.3764279419534	0.6905250112149148	8.951747363567863
17	511.2983448020002	0.8203830912197488	9.977728363478029
17	1008.6412680310157	0.3953084507070835	9.977728363478029
17	569.6095956560782	1.1505502111320882	9.977728363478029
17	1283.3496594618525	0.8526026273751897	9.977728363478029
17	1062.1387650921556	0.5128430537353946	9.977728363478029
17	1111.5017410470412	0.37724808637872503	9.977728363478029
17	1096.3269931200005	1.2869249407755545	9.977728363478029
17	893.4032708033681	1.6613212595196	9.977728363478029
17	993.2305033079971	-0.23365875418772789	9.977728363478029
17	953.5515755895146	0.2707330852287445	9.977728363478029

18	474.9337158334522	0.8897314613863679	11.31250567467544
18	453.7226831857905	0.8896262918623465	6.190456606530807
18	507.1330125519306	1.1072123618223477	18.039993036815726
18	518.7581040660215	0.6802444647795338	10.115631876562068
18	603.3307729046775	1.5239312609621727	10.115631876562068
18	828.9622046935191	0.3599058299598513	10.115631876562068
18	298.03986936911997	0.2314398244092281	10.115631876562068
18	463.4347084271538	0.4743511440447315	10.115631876562068
18	1112.02132843285	0.6433451094221913	10.115631876562068
18	964.9904909396577	0.7071453668484471	10.115631876562068
18	1061.7339101215405	0.5891424545365005	10.115631876562068
18	1073.2120894886132	1.3580633064355805	10.115631876562068
18	979.3607040101355	1.2434796839677373	10.115631876562068
18	176.21578006714302	2.0937701240047866	10.115631876562068
18	176.49875114027984	1.7158310250905588	10.115631876562068
18	919.1066503400366	1.7078168528806796	10.115631876562068
18	192.00223523040574	0.6162684256856722	10.115631876562068
18	667.1179277502958	0.6815244817566467	10.115631876562068
18	315.6887950019381	1.787794722648605	10.115631876562068

19	483.3855903314777	1.1165586229904707	11.680728315080158
19	464.06920853225876	0.7946271095488175	6.9069635198930515
19	521.6647254385049	1.1615684572377194	18.00719165170446
19	677.3875597886773	0.6379610646630975	9.62865995877856
19	526.831562078977	0.8184052087623315	10.001011311327987
19	170.22411826293109	1.2851354689285182	10.001011311327987
19	399.12509586698394	2.0519681215741414	10.001011311327987
19	851.5694364210921	1.3853580455779424	10.001011311327987
19	825.4267962100577	0.1843898816522352	10.001011311327987
19	729.6580236368311	0.6083314924010292	10.001011311327987
19	1077.0785912746426	1.5702031398014473	10.001011311327987
19	417.3426721612148	2.00582597806289	10.001011311327987
19	433.8564943569643	1.1506159970167567	10.001011311327987
19	650.9711866832145	0.7542738858737537	10.001011311327987
19	994.6802470633606	1.1025189426443693	10.001011311327987

20	505.7699270160782	1.0551249438120562	11.784153636746924
20	475.66416585328443	0.839901180571654	7.7362851254318095
20	531.0711478495963	0.9423088118998527	18.25219383440769
20	686.3014138930276	0.5195630045129186	10.067902010827202
20	272.537104410491	0.30535352423594864	10.067902010827202
20	1062.595517682897	1.3242914203409084	10.067902010827202
20	1143.1331184658245	0.5931654888363939	10.067902010827202
20	322.9879861286128	1.6623372313293079	10.067902010827202
20	858.9905376658581	1.3710386651801827	10.067902010827202
20	1242.461269209214	1.0560272030937208	10.067902010827202

21	512.6229364823868	0.9539698341522326	12.138488504418504
21	479.7197053149605	1.194283401234111	8.246004284815172
21	558.3514413929156	0.9321152306477293	18.045339393936874
21	696.6133301690218	0.6052493531801558	10.003012671204507
21	550.5347254542226	0.743889591213914	10.760435322890023
21	786.2570021411495	0.8891297987241159	10.760435322890023
21	639.3317631920089	1.7665227208159602	10.760435322890023
21	381.2326780409484	2.005984572540556	10.760435322890023
21	668.5662159670046	0.08814984716448354	10.760435322890023
21	801.7300525411291	0.5478273720036233	10.760435322890023
21	1131.2553095105602	0.5734553528111912	10.760435322890023
21	418.58146768130877	1.1053585665172958	10.760435322890023
21	951.0906455564851	0.2655961683335365	10.760435322890023
21	298.91339228681085	-0.3563659840415768	10.760435322890023
21	396.9639999745829	1.5280525741704991	10.760435322890023
21	85.96719468968377	0.9410200679641147	10.760435322890023
21	241.60416607838312	1.9700919878662917	10.760435322890023

22	521.164960407857	1.1065275906965484	12.312164218022401
22	485.34611127064954	0.9754554740772525	8.592060404235822
22	579.388328431844	0.9492483815539978	18.343025907580095
22	706.6334577921176	0.7517088408901867	9.977960037496599
22	563.8942154296216	0.7929166623615312	11.055597789701922
22	145.1239191171232	-0.40082556564862054	11.055597789701922
22	914.4601912518314	0.7341776905851284	11.055597789701922
22	439.7428327974073	0.3327256780427228	11.055597789701922
22	1090.7694775972302	1.4468749436780135	11.055597789701922
22	1135.4078815590058	0.4386299985188781	11.055597789701922
22	996.4235563246981	-0.1572881683374816	11.055597789701922
22	950.1768657882934	0.5798829350059854	11.055597789701922
22	759.05546556989	0.05334222260632056	11.055597789701922
22	595.9593502826204	0.9059698918446083	11.055597789701922
22	621.4178312791987	0.7006084419462152	11.055597789701922

23	534.4603382950122	0.9455036971538062	12.348105156776342
23	498.45887987825716	1.1446774566760798	8.919830563708139
23	594.0714931829334	1.0348815691861157	18.12145390870688
23	718.6971134318991	0.6126734482004353	10.395623617474374
23	576.4387338551227	0.802810801831085	10.936388766497481
23	947.6345229547944	1.0565623726282596	10.936388766497481
23	1097.2897810759096	0.6526896686377659	10.936388766497481
23	555.673379489628	1.6235897524122038	10.936388766497481
23	225.55951678744006	0.15714898228002533	10.936388766497481
23	771.665551836233	1.5850998326016503	10.936388766497481
23	716.5810385659613	0.22669570519927978	10.936388766497481
23	512.0633448549344	0.7414239125501153	10.936388766497481
23	238.84812843528243	1.9712479559810436	10.936388766497481
23	333.70188113677716	2.050823805844133	10.936388766497481

24	548.3292726952933	1.1272655465419927	12.645653526184406
24	507.3495435934003	1.1298508808445535	9.890709526465272
24	613.2315618400445	1.0831095877819885	18.057973695634743
24	728.6869676842668	0.746635814309594	10.47358552322321
24	584.5146045354043	0.8255617654263363	11.447887603802755
24	731.1739647769523	0.41058934704212346	11.447887603802755
24	758.0628398257877	0.9660892126316797	11.447887603802755
24	917.303523289023	0.40666272300783474	11.447887603802755
24	668.9998569583408	1.3065063968210404	11.447887603802755
24	821.0367037300058	-0.02249731720532898	11.447887603802755
24	593.8783195625278	1.5307071682332	11.447887603802755
24	1039.235354012883	0.6270347871877834	11.447887603802755
24	584.8317623038391	0.7701430897442361	11.447887603802755
24	639.1655405145275	1.5600712910893062	11.447887603802755

25	561.1847557721211	0.8863512061160688	12.909393973561267
25	516.7152971565207	1.106453863288408	10.218699808849015
25	629.363295755758	0.864637724195975	17.958202918520463
25	738.7832290258287	0.8181348745972518	10.924757616203792
25	593.5339265568343	0.586158060729435	11.136272965362558
25	513.9256581977791	1.03731167356543	11.136272965362558
25	711.1453040279688	0.06672173888998599	11.136272965362558
25	647.9371593982886	-0.08109243688329884	11.136272965362558
25	340.7725165967496	-0.009482268634148784	11.136272965362558
25	649.4112118095139	0.13034002508890086	11.136272965362558
25	422.9371444850306	0.28313285435347474	11.136272965362558

26	576.4926055347311	1.0213545097177583	12.64681171917974
26	522.4692502352295	1.0894642743782106	10.320591175891183
26	648.0055455301957	1.1168429816251209	17.897870042210965
26	746.0475380008726	0.7065072355791635	11.048213754286142
26	604.574839532679	0.6706115283158557	11.538767495974563
26	278.9420668393519	1.9330069311148903	11.538767495974563
26	191.87982724827168	1.2201714012797487	11.538767495974563
26	936.804465744768	0.5505893760148879	11.538767495974563
26	1122.1699598568484	0.731705079412887	11.538767495974563
26	1072.369358639605	1.1045456658967339	11.538767495974563
26	421.77090761427235	1.1088702363464387	11.538767495974563
26	238.03357245427748	2.5236128053407896	11.538767495974563
26	1006.2680875191471	1.545851476042202	11.538767495974563
26	512.0911844776844	0.6285712491099353	11.538767495974563
26	637.5128146635781	1.1168280263388455	11.538767495974563
26	733.3316859100775	0.24882075415066834	11.538767495974563
26	600.4630583088746	0.329501211394994	11.538767495974563

27	583.3686720203501	1.1637064772029027	12.864356580365211
27	534.792402378831	1.2348350652068394	10.669811561567778
27	669.0126531571175	1.0669336420033533	17.847337999581114
27	762.529949801183	0.6866408039514611	10.79254309082377
27	615.5070864494093	0.6743346043609996	11.468484943909854
27	890.1668067416673	0.511953616859541	11.468484943909854
27	286.1540913035809	0.6343973664033064	11.468484943909854
27	423.7930069187008	0.4206102573942303	11.468484943909854
27	1082.6191155647239	0.8500836344407704	11.468484943909854
27	552.9521439228103	1.7153651445751636	11.468484943909854
27	491.2261479066387	0.9605441732613001	11.468484943909854
27	1186.7345072006947	0.7858621203322529	11.468484943909854
27	662.3820061830847	0.7867859496781116	11.468484943909854
27	861.9389314726117	1.367869542436916	11.468484943909854
27	28.84567161660653	1.340050739901257	11.468484943909854
27	683.9015012452799	0.7903965086866034	11.468484943909854
27	741.8885476313388	0.3587439880888629	11.468484943909854
27	418.18003794693715	-0.020320874200085926	11.468484943909854

28	603.3840047231319	1.1067627293919673	13.164114558773823
28	550.008598881607	1.2780596554948132	11.147825080566944
28	685.2134059039456	0.9753197280237234	18.0174217786543
28	772.5351689132173	0.874335432238545	11.153969217140022
28	1096.7008429428054	0.429229228819712	11.153969217140022
28	1144.3590452473084	0.7020551516579028	11.153969217140022
28	862.1334532025382	0.20358578269831415	11.153969217140022
28	757.7047293231561	0.7951743625283008	11.153969217140022
28	1008.5612249548893	0.2635415255689052	11.153969217140022
28	1114.628304602778	0.7876455046253531	11.153969217140022
28	498.0120515124543	0.27496598515045617	11.153969217140022

29	610.3993962498242	0.966946357564423	13.20062523020626
29	564.7761969516505	1.311453879091347	11.684127425621565
29	708.6524271635582	1.1737537298000933	17.791215846214325
29	779.2557779841127	0.8786214657433731	11.277653008284162
29	643.8771119125057	0.7855331795383372	12.030541603048269
29	631.5643221841304	1.9657179868648869	12.030541603048269
29	616.4836035992475	-0.017693168260069253	12.030541603048269
29	379.773664691735	1.4066204207850281	12.030541603048269
29	1061.3315423231866	0.661068196886279	12.030541603048269
29	617.94007516739	0.8662207018030158	12.030541603048269
29	635.3033465503958	1.5892430269711066	12.030541603048269
29	1021.575684519045	0.8932198011779156	12.030541603048269
29	280.8457915703587	1.58560190028265	12.030541603048269
29	360.54592854494354	1.217882589098404	12.030541603048269
29	1084.1183566077234	0.7403812615282521	12.030541603048269

30	627.5704864578398	1.166562153224535	13.00027219790419
30	565.44397371946	1.4091123164524786	11.552578784727103
30	723.4287593230066	1.0150777830595548	18.179406433659388
30	796.87083037109	0.8661962087682613	11.309699633972784
30	656.7348663950035	0.5696412538426083	12.018170839115658
30	834.6749392222965	1.364726554964799	12.018170839115658
30	1231.9663908375853	0.9245902552351744	12.018170839115658
30	878.4952888535026	0.39733377043627227	12.018170839115658
30	1011.0300922609754	1.0386403412176288	12.018170839115658
30	1174.748559284442	0.9025403884381392	12.018170839115658
30	975.3195660131057	0.7462267461384328	12.018170839115658
30	1162.778135429875	0.9431839549285005	12.018170839115658
30	846.3556712307176	0.6085153642975365	12.018170839115658

31	633.6624477452148	1.1262973095279563	13.296838658602388
31	579.3041137198356	1.4346020787316422	12.133402361168564
31	740.2075319441635	0.9061070084505153	18.032539005947473
31	803.2314237073228	0.9317125310614154	11.90613510585947
31	669.5050763302595	0.7229234588707988	12.15565149751561
31	364.222234913031	2.0257707210792155	12.15565149751561
31	1029.4845007079193	1.3005119551441513	12.15565149751561
31	1011.246926304882	0.8901316148472471	12.15565149751561
31	1096.3935436258596	0.7668368367730897	12.15565149751561
31	866.8914302390514	1.664950647632495	12.15565149751561
31	896.3290642585805	0.5566454585565063	12.15565149751561
31	997.8338262420509	0.7355189903456003	12.15565149751561
31	553.6520939055397	-0.0020872698012135427	12.15565149751561
31	696.8152628772189	1.7899911435670324	12.15565149751561

32	653.7328549399497	1.1398594837930782	13.596419619614217
32	591.7562863351721	1.3619115097651493	12.52541283349722
32	754.0361628361804	0.865333937919578	17.805032345957063
32	813.3223885660097	0.7758781275665266	11.341071494023033
32	680.2978870212629	0.7586325628567845	12.525772475348372
32	1033.7265781592098	0.42239886586895903	12.525772475348372
32	565.946456630636	0.4925602442481614	12.525772475348372
32	898.592423851652	1.3373628234950141	12.525772475348372
32	434.74207954474076	0.2202192022452829	12.525772475348372
32	689.4814782498189	0.5012712268160121	12.525772475348372
32	489.5248289983576	1.1653436271040138	12.525772475348372
32	395.45091990742685	0.473093640142948	12.525772475348372
32	650.6796021617824	0.023798930273394997	12.525772475348372
32	706.9646668599643	1.6968849271579387	12.525772475348372
32	1055.9955924026328	0.25551204443643977	12.525772475348372

33	668.0121923865181	0.9703272671162037	13.463647537782322
33	611.3336800538127	1.461442036089835	12.664267566269356
33	770.3008045932617	0.9661428376725211	18.051247058360037
33	830.2490887910583	0.8551124300061607	11.66441587962937
33	615.8230019002866	1.457076363879838	11.66441587962937
33	178.95632513893295	1.8750021215029877	11.66441587962937
33	628.1132071500568	0.8334936392099712	11.66441587962937
33	43.626694417876955	0.8405050662283453	11.66441587962937
33	751.8632232502952	1.4038855777361912	11.66441587962937
33	569.4820970020536	0.0102445857581843	11.66441587962937
33	833.8743106523417	1.0955584706736348	11.66441587962937
33	1111.453386751849	0.372611765375204	11.66441587962937
33	702.3535621274771	0.5473933760452556	11.66441587962937
33	967.9084996980873	1.233357839943681	11.66441587962937
33	100.2128481177998	-0.19829172713942725	11.66441587962937
33	181.86671528856448	2.0047706835623837	11.66441587962937
33	1279.965599553776	0.7263695519210767	11.66441587962937

34	679.6054827724106	1.0920914223056144	13.137147062776226
34	624.5380812896072	1.4700509799054597	12.743966818769461
34	796.3967176238975	0.8835536706538941	18.11708900297905
34	840.2663127049796	0.9278425950872208	11.798923183844284
34	707.8399606574599	0.7284844472812801	12.14268011732641
34	1163.3602921287243	0.5232153585055789	12.14268011732641
34	630.3555419489198	1.31579831013103	12.14268011732641
34	165.19521213047344	3.1881298746958353	12.14268011732641
34	708.8855244022598	1.5118151023298976	12.14268011732641
34	1093.866588316047	0.46064917777092085	12.14268011732641
34	1041.8893225798686	1.3047437121097467	12.14268011732641
34	37.220774069310565	-2.1404687731237027	12.14268011732641
34	1023.4454557293733	1.640778912616611	12.14268011732641

35	631.8110472640548	1.5228111648184959	12.880501617082665
35	814.2086969922743	1.0066512063278723	17.83346290267427
35	847.3983793792733	0.8767051973033209	11.916264486316672
35	716.6972112968125	0.5114082007719002	12.396036621711637
35	22.840691107449842	-1.1246727892747905	12.396036621711637
35	949.7594773042828	-0.09774844605947351	12.396036621711637
35	422.2065618749445	0.5962293424917208	12.396036621711637
35	740.2315901018835	1.5748910514736236	12.396036621711637
35	641.5996990618386	1.068703431152286	12.396036621711637

36	710.4278339400905	1.029111417284925	13.623351192444643
36	645.4990876668203	1.4150489499504433	13.44323357036794
36	861.5227529157103	0.9084807038674385	12.011691295377798
36	731.2147404192866	0.5481196352647485	12.519329141984983
36	609.4968196282252	1.9705076411774791	12.519329141984983
36	903.69945500377	1.1189038931927826	12.519329141984983
36	1280.9211181673709	0.5541195646691779	12.519329141984983
36	546.4807565109415	1.0374886369693312	12.519329141984983
36	843.033346570649	0.4171478409774611	12.519329141984983
36	849.2849376651388	0.12882810527258984	12.519329141984983

37	723.5150614118512	1.1309065544754293	13.78663163032968
37	655.6645059565606	1.4061803025549646	13.640939559126682
37	847.7020450265849	0.9424141404704082	17.952122879553492
37	743.2225019113583	0.46363180994538133	13.11149094708151
37	178.87673512776882	1.4728903548041925	13.11149094708151
37	860.620500918266	1.7402234894264197	13.11149094708151
37	373.9079205282593	1.4848020244926767	13.11149094708151
37	1284.5290512758806	0.8262174659844654	13.11149094708151
37	1017.7327740516935	1.503474281189308	13.11149094708151
37	462.5542663478236	-0.11339181886289415	13.11149094708151
37	363.1009580702214	2.0677106099234903	13.11149094708151
37	201.13061015710105	1.968393199122095	13.11149094708151
37	393.4756957323086	0.49953203238970534	13.11149094708151
37	741.7204064791104	0.28854575784677283	13.11149094708151
37	1426.030446080127	0.8909920698521504	13.11149094708151
37	485.44552699647954	0.11538533790974176	13.11149094708151
37	789.587422771095	0.7355271740990051	13.11149094708151

38	734.1900087751595	1.098080726319214	13.794662343887994
38	672.3424483368991	1.525094392414386	13.819842222536742
38	871.9036384897307	0.9082568448484004	18.18018395582053
38	889.7286259907296	0.9368847094589392	11.823772041943172
38	758.5379295395861	0.5299495464762385	12.700753115048268
38	1182.15751865569	0.8161682130728436	12.700753115048268
38	938.442703136066	1.4864893203665182	12.700753115048268
38	866.9510183587597	0.3516463917247739	12.700753115048268
38	1164.2544570766393	0.3768298121835888	12.700753115048268
38	975.5307114964558	1.7639290977559468	12.700753115048268
38	916.4810559096138	1.3337533842274611	12.700753115048268
38	112.29442221159108	0.7584738417356167	12.700753115048268

39	748.8846112255208	1.0555538428354572	14.211889008420156
39	679.8067448296149	1.4972876141707183	13.923000056520303
39	879.8817517607811	1.0355767519801324	17.801718363445588
39	904.3049307256455	0.8439900782399219	12.209531029231401
39	769.3297248471903	0.35944889116698026	12.895149015238989
39	548.4557032708809	-0.010036214985357117	12.895149015238989
39	190.59306631963236	1.3012533969046516	12.895149015238989
39	592.7927603614517	-0.01910905498399393	12.895149015238989
39	1047.7211330797177	1.0641504318594595	12.895149015238989
39	747.129202554186	1.543967742185167	12.895149015238989
39	575.5679669221175	0.568222189326793	12.895149015238989
39	448.4497790866482	1.6158152001837016	12.895149015238989
39	176.76282558937362	0.875587991582116	12.895149015238989
39	719.5531135416807	0.9930273584594613	12.895149015238989
39	1086.4155019170325	1.1660723301696958	12.895149015238989

40	702.6685220771972	1.499225425887346	14.650809866398808
40	898.6331073518357	0.9852905102496287	18.203254438748175
40	909.4781334963068	0.9650789690543151	12.325791747323388
40	783.3208689454502	0.5954444324085866	13.31605721657636
40	579.925906347834	0.31217290276113274	13.31605721657636
40	323.69047542935766	1.3792398002586785	13.31605721657636
40	962.525843785572	1.3772326714592804	13.31605721657636
40	935.3548892264292	1.071507487068794	13.31605721657636
40	1026.040099900354	0.10599999610987418	13.31605721657636
40	728.1060141594891	0.8707200203941838	13.31605721657636
40	972.7909300737812	1.47229772687673	13.31605721657636
40	868.3942071342589	0.5959005815187794	13.31605721657636
40	628.8712072827985	1.0625173756324993	13.31605721657636
40	1030.2884553256256	1.5900188905558985	13.31605721657636

41	771.4721258289204	1.2426187434621367	13.59972411835772
41	713.6648704584865	1.5807454375379169	14.135940202400851
41	916.9446227163215	1.1286392818078155	18.071070350929975
41	932.5805385507427	0.9330250399224754	12.055989039181357
41	797.1141848954817	0.45672457050183746	12.820789652414875
41	962.7595831617097	0.6512539201808684	12.820789652414875
41	453.5511534322489	0.38961031385996375	12.820789652414875
41	202.0416532230637	1.4939575207980555	12.820789652414875
41	1019.7849489381935	1.256461029816282	12.820789652414875
41	796.4751872426986	1.7410653456461096	12.820789652414875
41	284.03287935306764	0.09212843679357681	12.820789652414875
41	993.9880037373525	0.13807859605974981	12.820789652414875
41	723.7701348516628	1.3322752993300566	12.820789652414875
41	816.5234597855372	1.7589743632902857	12.820789652414875

42	785.6404147467337	1.2085864727854623	13.97172355140878
42	735.6498616675345	1.4941379796340246	14.78343609013707
42	935.9561414837873	1.0639089855082442	17.91250992970571
42	932.9405022977354	0.9513798915955392	12.460977562225652
42	804.3654042120797	0.4508885008692972	13.656362316639933
42	399.8214496693153	0.2256216495030041	13.656362316639933
42	507.76258460594727	0.9549981948222003	13.656362316639933
42	880.8601845008515	0.903611739335161	13.656362316639933
42	287.54222704457777	2.39644361732916	13.656362316639933
42	447.44554843812205	2.014518614267511	13.656362316639933
42	836.6183888919976	0.6721928534450947	13.656362316639933
42	127.16372105237942	0.9597892843130881	13.656362316639933
42	630.8006600573947	1.1534689334783848	13.656362316639933
42	1017.9495530991437	1.1771657037185959	13.656362316639933
42	743.4726726568914	0.45836604263146674	13.656362316639933
42	300.8495450268564	2.0587773031527634	13.656362316639933
42	1140.1556305931238	0.4523874239179056	13.656362316639933

43	801.3070394473742	1.1487884724516155	13.988451152701765
43	747.5573704761752	1.3768706607191254	14.769096866154483
43	953.6818242946432	0.9613858214300943	17.684872859390502
43	947.7266575821197	1.040605899792492	12.645750789503346
43	819.930641675695	0.6272483029014878	13.299174857232208
43	271.85303399628174	1.1587016535217036	13.299174857232208
43	199.4229721528685	-3.0686808886074095	13.299174857232208
43	766.4186632144414	-0.13378535324962032	13.299174857232208
43	1083.1389590534839	0.46689398574410007	13.299174857232208
43	546.2551964445025	0.9508807769275455	13.299174857232208
43	872.2643573256535	0.6490637944095948	13.299174857232208
43	833.2381160470978	0.9278136928902089	13.299174857232208
43	541.5291739295875	-0.02503694104040434	13.299174857232208
43	899.1035761116979	1.7718857485486113	13.299174857232208
43	664.8076208771189	0.5509834881446986	13.299174857232208
43	1025.8479084491255	0.904967539003302	13.299174857232208
43	1000.0371978393023	0.2504382099898227	13.299174857232208
43	744.053408091705	1.2285020127698476	13.299174857232208

44	820.5989969033149	1.1692740071803707	13.87891968396746
44	759.9606341778787	1.6608508686167958	15.045846596560361
44	976.9685047713695	1.0612475627334903	17.68628782995829
44	964.210629627253	0.9933056834323083	12.444263524558327
44	835.9542331579039	0.7082414237484924	13.255123463928095
44	940.7044931539529	0.7201775497877404	13.255123463928095
44	848.4202718076384	0.34514175434352723	13.255123463928095
44	1441.3564391019108	0.8518692902048375	13.255123463928095
44	280.3354799567063	1.6865736145567216	13.255123463928095
44	497.6677685256059	1.1708630964314988	13.255123463928095
44	427.05966750942486	-0.1096408829366105	13.255123463928095
44	696.7259997932596	1.0057580808933082	13.255123463928095
44	1172.3594716770158	1.0266790021069578	13.255123463928095

45	831.5678938805905	1.2164940252267824	14.113621329793144
45	773.4995866964808	1.7840957872693222	15.188370769766378
45	992.3318412362139	0.9878684882034341	17.80025749649861
45	972.990400693451	1.0680659439661242	12.736316778169115
45	851.8529929372908	0.5691697234440343	13.187398898294234
45	1159.0799067742619	1.1491392650309513	13.187398898294234
45	168.46756725314088	-2.712709072925663	13.187398898294234
45	579.8628723754537	1.1584092440268703	13.187398898294234
45	541.8295562290119	0.19391678022866546	13.187398898294234
45	916.382390853976	0.1713856042205036	13.187398898294234
45	796.6919341276251	0.28708826467554016	13.187398898294234
45	1156.9621489211804	1.1840328057769693	13.187398898294234
45	827.0686160278293	1.1593903775665322	13.187398898294234

46	788.8497512139811	1.6432971313954996	14.985263262383393
46	1009.6138057470499	0.8698185520649856	17.79918758828032
46	990.7474586990689	1.0537574473104108	13.378884434894701
46	863.4075212310074	0.44292361603450453	13.290693746806543
46	731.4821241939443	0.8487832199348393	13.290693746806543
46	1107.5929184433949	0.6873452644967598	13.290693746806543
46	111.98493957390872	-2.120159361664874	13.290693746806543
46	980.5685424022482	0.33511644102534055	13.290693746806543
46	1131.4315056304608	0.8873351525926468	13.290693746806543
46	717.6447712631445	0.357932759094063	13.290693746806543
46	258.25071286765194	0.687945624346177	13.290693746806543
46	1083.5502139833131	0.7700418890142002	13.290693746806543
46	772.7664135712	1.0733184775755433	13.290693746806543
46	975.827480051781	0.712270285734123	13.290693746806543

47	856.9795332118229	1.135630637376667	13.867119587956694
47	802.2011794948819	1.6080631627614128	14.878137512177029
47	1025.6855947500762	0.8573226788543797	17.87432663467891
47	1003.6797433515936	0.992838826065271	12.595689716807934
47	876.624105628541	0.29022666104447004	13.07203536153538
47	952.6214818324905	1.751071589486072	13.07203536153538
47	502.49926519249664	1.0174346311842624	13.07203536153538
47	1041.6908847284087	1.5606685760546057	13.07203536153538
47	357.0977611964246	1.7990483936607362	13.07203536153538
47	852.3608748685922	1.1824059118603998	13.07203536153538
47	988.8104632199935	1.2520244967333742	13.07203536153538
47	854.9950423451702	1.7866652685242164	13.07203536153538
47	1186.9360257627418	0.6662551340875318	13.07203536153538
47	474.8402577429394	0.9422547099258493	13.07203536153538
47	1361.0742107295177	0.90345307463985	13.07203536153538
47	922.6825369083591	1.34844916275735	13.07203536153538
47	292.43158800175485	0.5204215713360985	13.07203536153538
47	781.476896406352	1.515541791368816	13.07203536153538
47	606.158418057737	1.4127688798392237	13.07203536153538
47	1014.1106122657036	0.7189324284739639	13.07203536153538

48	873.0351279826878	1.1536238985223886	13.963903967600354
48	818.4404591298991	1.6118307614318599	15.456900185114199
48	1045.5491876441668	0.8582396976400744	18.07759787260432
48	887.8558089636393	0.30782404165788946	13.441628041384865
48	513.7517602040435	1.8401627485735683	13.441628041384865
48	809.2498919409243	1.3071728996475014	13.441628041384865
48	732.2140744646894	0.9117788695836642	13.441628041384865
48	704.910557935681	1.0145001561782545	13.441628041384865
48	251.86607852225478	0.4278395640782012	13.441628041384865
48	219.99304015718906	-0.46577770478889857	13.441628041384865
48	378.43653499481275	0.21437727748254531	13.441628041384865
48	683.3286472248933	0.20600116642967586	13.441628041384865
48	1310.982262533687	0.8147804875103546	13.441628041384865
48	649.2958282508599	0.06286742047749047	13.441628041384865
48	533.16534645683	0.3877406534560754	13.441628041384865
48	513.7093625208744	-0.05483846793022541	13.441628041384865
48	210.32869900085893	0.31431579173036195	13.441628041384865
48	538.5663960824315	0.30146775731487824	13.441628041384865
48	1071.7907953225097	1.7220110224596485	13.441628041384865
48	967.38280820345	0.26015539209192257	13.441628041384865

49	888.1363065554302	1.2268042514740463	13.95082258548645
49	834.7022325873531	1.4911396300015316	15.494140921063366
49	1060.1424769775315	1.0763891571051678	17.945173195204973
49	1025.3454325990963	1.0128976042570366	13.228137650587199
49	900.7434806654292	0.49442541318022093	13.523472980866554
49	334.66081910355626	-0.19229828197573584	13.523472980866554
49	303.3382213682876	-0.19569755225836963	13.523472980866554
49	1030.9370525229858	1.7408172321719035	13.523472980866554
49	711.0729114252363	0.09137514043372585	13.523472980866554
49	667.6181851040184	-0.08960862681674217	13.523472980866554
49	1074.8262058508205	0.900816224869424	13.523472980866554
49	33.522668839279305	0.5137854529774475	13.523472980866554
49	713.848992393966	0.20221341613332885	13.523472980866554
49	727.8468058777353	0.5198076821117255	13.523472980866554
49	830.853254317856	1.0155956898993033	13.523472980866554

