scan	range	bearing	velocity
0	318.24401440118487	0.2622367855746156	4.816347769952856
0	465.4470835743722	0.2089221307932606	-6.812835087859877
0	177.52610363950626	0.9505752556483513	17.95529621600194
0	537.6813316203434	0.3002720434192442	4.339046921384999
0	398.10843476301915	1.3049234588831569	2.993451877705515
0	903.3153505220805	1.9258137367967467	2.993451877705515
0	1380.474384574885	0.7808639746956599	2.993451877705515
0	692.8009013659643	1.7047174187038443	2.993451877705515
0	149.46283617625036	-3.0061710694126087	2.993451877705515
0	829.3211254969459	0.21247379006263747	2.993451877705515
0	153.26171789135248	0.5891703540874207	2.993451877705515
0	1038.1446438088935	1.6678582252996181	2.993451877705515
0	444.78682907343904	0.7753173606036919	2.993451877705515
0	636.426978637959	0.1877572954748586	2.993451877705515
0	636.9736827907769	1.135857815873977	2.993451877705515

1	319.0210936759262	0.31331119890332904	5.554853584807916
1	457.2099747674101	0.2002270805405756	-6.023629547772985
1	197.01243061416426	0.8196547438124321	17.814283655444846
1	548.1350359655836	0.3895134901418912	4.310320501130203
1	635.4360824351905	0.05468965251146828	4.310320501130203
1	985.5507906898033	0.09124582582314997	4.310320501130203
1	925.6454656650413	1.8273672284172016	4.310320501130203
1	1222.039096389057	1.0583220178661172	4.310320501130203
1	922.5626104996501	0.8031155725865339	4.310320501130203
1	227.13431962252153	-3.055223350421779	4.310320501130203
1	382.0375046013954	0.38696115605898024	4.310320501130203

2	326.3137582612794	0.5463680531874567	5.960140777283285
2	451.50586112541345	0.29617191384573444	-5.303883646237924
2	215.45455221129887	1.0000684176690198	18.032094633150546
2	550.8716315225932	0.32774848218178676	5.009951676475541
2	398.693274310282	1.4351342731652346	4.395314799350168
2	839.6261159354467	1.365190294465439	4.395314799350168
2	714.8661173992089	0.08750870069740885	4.395314799350168
2	1075.699642860328	0.3233258837287456	4.395314799350168
2	928.5408469418423	1.6931756605531953	4.395314799350168
2	446.9640804712333	0.13231006237572818	4.395314799350168
2	1356.4539436911368	0.8749527639778713	4.395314799350168
2	535.238460301987	0.5802947626277832	4.395314799350168
2	1089.5439580301504	1.0332646904631075	4.395314799350168
2	394.8149472145537	-0.1335991924087567	4.395314799350168
2	982.3226147529555	1.80223739758522	4.395314799350168
2	995.1000620013156	0.1539623335955813	4.395314799350168
2	1279.0218571996386	0.8408163014849992	4.395314799350168
2	985.2269407562223	0.8818988517678428	4.395314799350168

3	330.13928811967196	0.3803696005520827	6.443983980634251
3	449.02337201989815	0.2737829267190869	-4.79655533221161
3	233.3765049468234	0.9538674743674447	18.042548941789995
3	556.6078196401614	0.24613636412498846	5.085079273884842
3	406.7840799230137	1.2760236384951609	4.64801868762258
3	902.3036097484512	0.5474654108569363	4.64801868762258
3	970.0160854287494	0.8556820119533666	4.64801868762258
3	511.7142541997364	1.502673927484684	4.64801868762258
3	304.96534476628176	1.082217054299631	4.64801868762258
3	1123.7706873472246	0.6463094480569478	4.64801868762258
3	350.619940756767	0.9289670196929303	4.64801868762258
3	853.5799772875822	0.7149450112666859	4.64801868762258
3	490.1456043940859	1.1523911265252456	4.64801868762258
3	480.92424122192375	-0.06829495807320748	4.64801868762258
3	938.623125691674	1.2025693774361819	4.64801868762258

4	342.98573780322084	0.5784697396699532	7.243929182582843
4	440.305719398502	0.44748644188566367	-3.7157300652359027
4	259.05539298790643	1.08867881357516	17.99839169828794
4	560.637595125654	0.5186163119903008	5.702249492034903
4	412.1060946132591	1.26882989653142	4.9281129679058555
4	221.34464117821855	0.5744736436071352	4.9281129679058555
4	243.80936590892884	2.156165369962055	4.9281129679058555
4	1181.9555193656422	0.7898195602450785	4.9281129679058555
4	768.7007886249232	1.837823228577764	4.9281129679058555
4	631.4534355937734	1.5768861193552164	4.9281129679058555
4	1109.496304473224	0.6558181901691362	4.9281129679058555
4	84.2192204073741	1.5542851093034118	4.9281129679058555
4	195.8458615977693	2.0630423578560624	4.9281129679058555
4	1324.7186242909843	0.574872775211457	4.9281129679058555
4	1021.2228201186481	1.357318215252445	4.9281129679058555

5	352.32137254259334	0.48724121786118924	7.646794755374908
5	269.1471739093015	0.8744352021599578	18.214424909009434
5	564.8896608950528	0.38395321958718104	5.858700703913842
5	413.52952832567877	1.1622541687331667	5.6587389564259
5	278.8552320017569	2.0316660188634024	5.6587389564259
5	574.7760135448132	1.613089752064637	5.6587389564259
5	648.0960426036492	0.0620247175392686	5.6587389564259
5	964.5325081408273	1.5436462300765335	5.6587389564259
5	197.15062231573313	0.11819477372947647	5.6587389564259
5	673.5879060673248	0.5447637646843502	5.6587389564259
5	1141.9835677468864	0.8616410010906735	5.6587389564259
5	808.9167743183359	1.511502184372639	5.6587389564259
5	809.9673785967693	0.5726224715509206	5.6587389564259
5	1002.8990175335564	0.08257953488241729	5.6587389564259
5	569.0355560250646	1.701468984914275	5.6587389564259

6	354.3663833801804	0.5708668155144834	8.145720574479187
6	432.5205134033627	0.46584038244130943	-2.50299032522222
6	287.82071371906636	0.9859496674913851	18.081023063121453
6	578.8231335423695	0.4946066146529249	6.232758301678035
6	419.2678790420532	1.1559342975317264	6.135218474468366
6	794.1795352691844	0.35440322522437906	6.135218474468366
6	224.87744440529013	0.9355440128510669	6.135218474468366
6	791.5962503173579	0.22333856615180453	6.135218474468366
6	667.3868110562621	0.3807760518657069	6.135218474468366
6	190.95283881454048	2.7916217233290377	6.135218474468366
6	1164.017918031377	0.5429868400201405	6.135218474468366
6	718.4115603811264	0.8066294021630153	6.135218474468366
6	516.3644879575758	1.501563297101369	6.135218474468366
6	558.2724091734294	1.4380537411590029	6.135218474468366
6	947.4758597611722	1.6095426208118035	6.135218474468366

7	361.4299202830366	0.7676606216099848	8.607507318701138
7	430.00587130829166	0.6319563332014807	-1.8547050494820485
7	303.80527839244405	0.723845325058277	17.950419974157
7	578.92207338848	0.4965842889934355	6.782574399847346
7	429.24840619544005	1.231128666369437	6.518820853368945
7	988.7143880283465	1.780234094826895	6.518820853368945
7	867.8101141730904	1.6476247131292123	6.518820853368945
7	766.3763326658624	0.2830748334198065	6.518820853368945
7	596.5784130363769	0.2840540062964552	6.518820853368945
7	209.85085417219605	-0.027034912133989713	6.518820853368945
7	1114.0966761412199	0.811325398896315	6.518820853368945
7	236.13395202405533	-0.30998882835533065	6.518820853368945
7	388.49539734732315	1.066347065974389	6.518820853368945
7	989.5864204388328	0.3328931666445254	6.518820853368945

8	374.2531234091088	0.573390751713178	9.01792795958794
8	433.1950674603108	0.5213331362771281	-0.6919477599744717
8	328.19968324726256	0.8679663691846188	18.339317024276838
8	586.6338553729622	0.39452184989954064	7.109490519246031
8	997.6334867917845	0.2639708837049743	7.109490519246031
8	246.19970402888185	0.6412244725583015	7.109490519246031
8	282.6329190775276	2.3853271794398543	7.109490519246031
8	467.10872227211314	1.0440297624127763	7.109490519246031
8	818.4919943416653	0.20873399262552617	7.109490519246031
8	1107.252289605154	0.7932953786663131	7.109490519246031
8	851.8186913401597	0.4533169217937822	7.109490519246031
8	706.5161619604764	1.3574267463642928	7.109490519246031
8	868.2969228838886	1.6281550533381035	7.109490519246031
8	595.2837119041696	0.9844242188035266	7.109490519246031

9	378.25194149478125	0.6071073120461117	8.858246533454606
9	429.28487338412066	0.6440981656297825	0.01156906557189788
9	341.7105162457437	0.9710031414031711	18.130432800008823
9	590.5635716323477	0.3962885720708836	7.075119305050056
9	442.91549814127	1.0129838146407815	7.2278306444442535
9	1204.7685573782771	0.8194404632158816	7.2278306444442535
9	500.5377825871936	0.5043956988535667	7.2278306444442535
9	470.2077927549624	0.9756853234717175	7.2278306444442535
9	1065.8900560879347	1.1950234539415978	7.2278306444442535
9	934.0262089619472	1.556426240885379	7.2278306444442535
9	932.6700095522089	0.36672645549236255	7.2278306444442535
9	790.1538995542811	1.1147231741252228	7.2278306444442535
9	1097.5662238084985	1.672573325261999	7.2278306444442535
9	178.14745239920768	3.0792475641446586	7.2278306444442535
9	288.4064280220748	1.715308513199506	7.2278306444442535
9	499.1873903630911	1.9353331289464777	7.2278306444442535
9	1120.2533311075467	0.5413973342256285	7.2278306444442535
9	1433.6804055639977	0.8785786923769289	7.2278306444442535
9	859.1795490430128	1.7067830394636367	7.2278306444442535
9	898.3759968673775	0.70096041159761	7.2278306444442535

10	390.81947834052914	0.6995215094700693	9.522706023558706
10	420.61551307408644	0.5349558380412923	0.6670642479854265
10	354.0840208194322	0.939278066688841	18.27626952737693
10	600.091979273797	0.6585147817870856	7.334744145820123
10	456.0555660836595	1.042418430392629	7.930569136462558
10	611.4023111106942	0.11344971369010413	7.930569136462558
10	22.712044281949066	-0.5331980973703159	7.930569136462558
10	875.7271332491572	-0.15730008564805054	7.930569136462558
10	575.6784782386964	0.27091426033266525	7.930569136462558
10	546.2434529901517	1.1468257652818483	7.930569136462558

11	404.1001416369428	0.7062462907340948	9.740689721307994
11	434.43005110980596	0.6318766095972097	1.2583186243221154
11	375.7747518947217	0.8473403761374083	18.375511902828432
11	609.79503735339	0.46375772173088714	7.8759443967177445
11	460.1294773134603	0.9880545559453957	8.151480929406933
11	1007.5524474337334	0.12118160193670259	8.151480929406933
11	693.2908972691702	0.8574094984853798	8.151480929406933
11	711.4401343465995	0.27488115205034114	8.151480929406933
11	839.714388561999	0.490169680426369	8.151480929406933
11	202.32333591974356	2.655648812172036	8.151480929406933
11	869.8463108258746	1.1890355873372487	8.151480929406933

12	407.91801607871827	0.7968306716021428	10.409411802549712
12	427.9463135372586	0.8014951557958438	1.9248781308555285
12	399.823227017997	0.945686813784207	18.184679498716427
12	612.6642000920627	0.5698094494011643	8.086414461277393
12	467.5945284012913	0.9113423958921304	8.169433465735853
12	929.5180530902754	0.5244594244084145	8.169433465735853
12	912.7959612498051	0.8420110656125974	8.169433465735853
12	914.3596636594589	0.2757553434391292	8.169433465735853
12	801.8919570970959	-0.07283180568128081	8.169433465735853
12	688.2918243534003	0.12118579069668917	8.169433465735853
12	886.1663474903605	0.4783731949625204	8.169433465735853
12	506.3076582905689	0.22762789079982468	8.169433465735853
12	1002.0797360613959	0.7541466946163472	8.169433465735853
12	676.8541049269843	-0.06913420629735861	8.169433465735853
12	928.4511835386952	1.6002542744692394	8.169433465735853

13	416.5198274191909	0.8289066589242586	10.421785716162733
13	436.9780152631911	0.6738578773044153	2.963469397287867
13	415.47831033191795	0.8207944291523673	18.141191005751885
13	621.9958095935721	0.3992741651149506	8.368238557147262
13	483.0055380072527	1.0138135380725897	8.807301617250271
13	502.73634470639706	0.9049299183674839	8.807301617250271
13	872.4581197880157	0.22876454020058548	8.807301617250271
13	692.1037213681699	1.2049510319740342	8.807301617250271
13	667.0837910349908	1.853783465794208	8.807301617250271
13	992.2792468388773	0.9342074638182246	8.807301617250271
13	867.3177457483451	0.7042156255802073	8.807301617250271
13	983.7788654025312	0.6012011904675595	8.807301617250271
13	1017.6280894129773	1.4221964498598796	8.807301617250271
13	717.4607673686501	1.6562860431160762	8.807301617250271
13	887.0244592105759	-0.017995309663153294	8.807301617250271
13	1016.0230302804546	1.1851651812071005	8.807301617250271
13	303.72322910213694	0.7231710094305512	8.807301617250271
13	604.2099410343371	0.5736008565973674	8.807301617250271
13	1010.4186955430017	0.8688402667038146	8.807301617250271
13	805.1525288273568	0.4498237881309181	8.807301617250271

14	432.1697192084473	0.7683198144652693	10.797492253309002
14	439.99724435322577	0.8337065889537375	3.658928821697362
14	428.0273547781292	0.8699505539958804	18.5327387799731
14	631.4305195604501	0.6055385914463414	8.41209316025295
14	483.0743522152943	0.8691839515827968	8.898627128541804
14	674.4889849237899	1.9225511968301539	8.898627128541804
14	909.5405609448663	0.35271986202302297	8.898627128541804
14	185.70415954005486	-0.0023925914230466683	8.898627128541804
14	612.19138756897	0.42204666732797236	8.898627128541804
14	1248.6395534721917	1.1609915625683962	8.898627128541804
14	599.0700661930498	1.080837398111027	8.898627128541804
14	639.4999742754691	0.9732436492436254	8.898627128541804
14	536.8777745650538	1.1442194445000207	8.898627128541804
14	1034.524766354282	0.8125105217905253	8.898627128541804

15	440.1591720494887	0.8860940246357533	10.97295470076206
15	449.64976514007935	0.8050360291401489	4.016001798166182
15	450.9032240195886	0.9889095267325877	17.774309466051808
15	640.8192749967269	0.7076816270565195	8.709169921874523
15	494.273675718732	0.9584700053398907	9.511474911307472
15	743.0423189818816	1.3367441093431227	9.511474911307472
15	765.0051658188655	0.08734148090299695	9.511474911307472
15	192.2876936087281	2.3963830846111716	9.511474911307472
15	716.4123745249492	0.24967427124059424	9.511474911307472
15	207.28704037513845	1.6408968929221581	9.511474911307472
15	736.8744302920749	1.1991082497257435	9.511474911307472
15	1416.722528895126	0.8798319352855235	9.511474911307472

16	451.71633116908293	0.8240565070927474	11.393973423605848
16	449.5882224758531	0.793837854997265	5.042925229793474
16	466.9744179952713	0.8134272705278685	17.878388555741004
16	647.8867684831204	0.5929990784324822	8.47845464944383
16	501.8389152393438	0.7969143191459086	9.133576570549833
16	945.9410538468837	-0.07053140860665841	9.133576570549833
16	709.735056011731	0.45620253840452546	9.133576570549833
16	355.1539654544123	1.5818799110805881	9.133576570549833
16	616.6516925007265	1.1513750686082143	9.133576570549833
16	1049.6009273989991	1.0008301361731955	9.133576570549833
16	667.6536693287215	1.350619562552962	9.133576570549833

17	465.8451147322797	0.9123217868624891	11.08979170446787
17	450.7348086045953	0.8646234184772064	5.621024449500149
17	488.49907145188087	0.8228128153205039	18.364102059657363
17	656.8998384373398	0.6568004273055575	9.124529223380073
17	514.0863539729042	0.879035495150458	9.835149838890217
17	56.08068044559327	0.4826546394005119	9.835149838890217
17	1187.968064865286	1.0682233350342638	9.835149838890217
17	908.7200970059093	1.6947625342679908	9.835149838890217
17	357.34847194051366	1.738343947197959	9.835149838890217

18	473.8890481420896	0.6985378890155791	11.700158960277001
18	455.5441429028949	1.103276418247476	6.147122872844289
18	512.9622257304029	1.0490900513149144	17.955967406683712
18	520.1486666865295	0.8340076578891386	10.226337389388542
18	348.26636124571206	0.49041712414826466	10.226337389388542
18	530.7320509924557	0.5267230765044337	10.226337389388542
18	1099.3847176801555	0.49987784656370005	10.226337389388542
18	978.1458913889414	0.008276859255458839	10.226337389388542
18	355.4385119442039	0.5999732874418902	10.226337389388542
18	601.4244991548755	-0.18969966944974725	10.226337389388542
18	1371.3318646427626	0.9151141785053304	10.226337389388542
18	837.2510583548518	1.8853038855165922	10.226337389388542
18	847.8627561791999	1.3769840256554986	10.226337389388542
18	294.73743386707827	2.4106108530817356	10.226337389388542

19	490.98141597071555	0.8959063394536118	11.583140184746497
19	465.21900556029647	1.0375807457381352	6.615220251852276
19	522.2281745888449	0.9570360276172506	18.11145756923303
19	680.5736724439442	0.8981701106326359	9.79456823384079
19	527.0685343283626	0.8463116331013633	10.271982591024393
19	424.8277464421255	1.38729608884611	10.271982591024393
19	140.6730978275458	-0.11527757766600294	10.271982591024393
19	1037.6177370570508	1.3101331452238552	10.271982591024393
19	945.7269341075752	0.7506914785536221	10.271982591024393
19	263.8111528801071	2.214711071942156	10.271982591024393
19	774.1670370546689	0.9920332069234672	10.271982591024393
19	567.441456378766	1.357903623559679	10.271982591024393
19	1122.7902076840355	0.518920651403302	10.271982591024393
19	947.3826318485801	0.15916540466124834	10.271982591024393
19	598.7251286753329	1.0803094117524092	10.271982591024393
19	595.2041478460553	1.831512095428259	10.271982591024393
19	851.4201063291508	0.6698027630644825	10.271982591024393
19	287.23427700445114	1.0629386931127254	10.271982591024393
19	305.52356993316647	1.9051711132096874	10.271982591024393
19	1161.5194340743867	0.6051436535512189	10.271982591024393
19	618.1651781036035	0.36100828993924267	10.271982591024393
19	1142.0214714636447	1.0424185529772079	10.271982591024393

20	494.5627649099671	0.8587394796930707	12.147382047473766
20	471.3100177146259	1.0215894640838612	7.4814215402391575
20	541.7897603166722	0.9533400273565864	18.14821765526877
20	686.8391867476289	0.6428737377753533	9.790763067536142
20	540.9002137517731	0.6656571895137368	10.29384204429457
20	669.2924580673844	1.744655403218627	10.29384204429457
20	846.9787688787042	0.32093630375013077	10.29384204429457
20	892.6627339875391	1.8081949131579291	10.29384204429457
20	627.3495939850955	1.1697590409301055	10.29384204429457
20	145.3131460647187	-0.236911740411571	10.29384204429457
20	666.0899317846414	1.8280737249343042	10.29384204429457
20	1084.2578633858327	1.1031096415406947	10.29384204429457
20	468.13217864402094	1.142416385348936	10.29384204429457

21	509.7966182072397	1.0017610736660503	12.211331165897803
21	482.56678689364946	1.0733826394352604	7.944854338004768
21	561.2805230700768	1.0626205450458241	17.781122932127477
21	699.4181280045351	0.6463642753814752	9.690390324602147
21	551.24206349895	0.7486000675150329	10.54887670141995
21	798.693392541444	0.15816058700531097	10.54887670141995
21	427.0744324359136	1.5182329519927626	10.54887670141995
21	475.5680946485428	1.948279680088056	10.54887670141995
21	999.31446106915	0.232254971187068	10.54887670141995
21	1429.2630679354897	0.7663128614896796	10.54887670141995
21	1058.1363625848323	0.717946932655556	10.54887670141995
21	808.6115312908564	0.13911981866563072	10.54887670141995
21	109.48792779917588	-0.5561624180637599	10.54887670141995

22	523.1512716297466	1.069546558864917	12.22368018509864
22	485.6953229338806	1.1470888920880886	8.78232428934805
22	706.0358047826685	0.6570702685874024	10.430792796506012
22	564.8577150809643	0.8440861753383962	10.645433203000977
22	1044.9647048389309	0.43321685175823926	10.645433203000977
22	187.49319176186052	-2.8375933118386527	10.645433203000977
22	99.39045686882785	0.5692384725096002	10.645433203000977
22	669.5407098260372	1.5747372224299339	10.645433203000977
22	330.59756682972755	-0.22469680282062676	10.645433203000977

23	539.1437728859432	1.0694760270494423	12.433111047775133
23	499.827583932805	1.1046660683718292	8.943391576580245
23	593.9871910318608	0.7921516992750617	17.63192207771987
23	717.0832232275072	0.8041272038741599	10.099339403870403
23	578.2069533194218	0.7241308122209847	11.146120252648274
23	1139.6513460732456	1.2582006168673068	11.146120252648274
23	395.601981559921	1.5444032106238819	11.146120252648274
23	984.3232630013888	0.10411288846221142	11.146120252648274
23	516.2395881470391	0.9554176164009865	11.146120252648274
23	1172.6634570022168	0.6676276247361821	11.146120252648274
23	822.5324967484947	0.10385189057817301	11.146120252648274

24	549.0865629255455	1.0488495885558935	12.662539581569959
24	506.4623472952964	1.165934857920426	9.540046642944983
24	612.9433066291691	0.8996049276128487	18.24132850219576
24	729.704944523181	0.8249619910935064	11.033408690474577
24	580.4464461311702	0.8084499838520559	11.184704916639982
24	98.34579465107817	-2.4442278639492843	11.184704916639982
24	719.065095108084	1.2463090818912927	11.184704916639982
24	964.43466289904	1.8602759769070216	11.184704916639982
24	879.1950158369175	0.33436732226203936	11.184704916639982
24	721.3748562731777	1.0120268691711616	11.184704916639982
24	1062.5474760731254	1.4518745710884415	11.184704916639982
24	640.4568732427604	0.2575803913825507	11.184704916639982

25	560.07850899442	0.933535944920249	12.804146790255484
25	513.223001724347	1.1161510256762697	10.066644330163072
25	634.9674699815009	0.8912574555688698	18.33418921498542
25	740.0649993440386	0.8842811894710014	10.547858644840499
25	594.7413101433484	0.8814506169852054	10.966657945832855
25	777.4075636534319	0.5207786666728125	10.966657945832855
25	351.1751587886159	0.4822385693628957	10.966657945832855
25	393.467493417329	1.8521313237552264	10.966657945832855
25	242.41139270475657	1.7348868740258887	10.966657945832855
25	465.70036549281434	1.7539839806612634	10.966657945832855
25	1014.1197235729315	1.5773351508111355	10.966657945832855
25	247.8507923203294	0.8371941076844461	10.966657945832855

26	579.4579511501322	1.1167324210653014	12.824928659638942
26	523.7052812187378	1.193251422841229	10.364300326404678
26	647.921030632493	1.1213504916406363	18.020365975328964
26	748.5213083595664	0.6945760351000528	10.774886656490098
26	611.2106235499672	0.5638009501372947	11.952097973138851
26	980.8670334504429	1.3295652666016535	11.952097973138851
26	1020.6305661421802	1.4019371911462004	11.952097973138851
26	832.8533537781603	1.5515747183831825	11.952097973138851
26	912.0670172169418	0.5442909908406952	11.952097973138851
26	520.956437588977	1.1018876563360287	11.952097973138851
26	983.4865270371939	1.628573647063448	11.952097973138851
26	415.9786987003861	0.9481425848481215	11.952097973138851
26	317.16405872253137	-0.1184808251607237	11.952097973138851
26	1059.3109800636726	0.20883152660266505	11.952097973138851
26	607.4405132362857	1.4812075196139953	11.952097973138851

27	587.7931710456248	1.0222508241143577	13.162116474114022
27	539.6001141452305	1.2176775347194861	10.491419301521598
27	663.5121819199225	1.0996316376855595	18.08273051449944
27	622.6284671734347	0.7647753661450392	11.826548160381382
27	306.11355324972214	0.15150147025884156	11.826548160381382
27	643.0776558250967	0.6748172575911195	11.826548160381382
27	366.72768583785484	0.1012676195108435	11.826548160381382
27	172.22854334383476	0.4557773683321941	11.826548160381382
27	491.6789219312983	0.5405465347905578	11.826548160381382
27	607.6051147175843	1.6057495673268314	11.826548160381382
27	1102.8389309169806	1.3329912032378697	11.826548160381382
27	533.96737440416	1.104558591924384	11.826548160381382
27	622.3305539225322	1.6739069504459752	11.826548160381382
27	688.6684731868563	0.03645374240330234	11.826548160381382
27	909.557591572812	1.4962531636558118	11.826548160381382

28	598.5164134360627	0.9717136572122478	12.88137632834172
28	551.9690388419359	1.277947420577882	11.343168365780462
28	772.4889817945074	1.013646613973965	11.153105245229606
28	633.8601957446255	0.8729622414801002	12.30464272790955
28	345.829346905463	2.056814869202362	12.30464272790955
28	268.5103009214412	1.7652916200603992	12.30464272790955
28	274.76378465227873	0.891179744258038	12.30464272790955
28	502.7306765793415	1.4844397852905074	12.30464272790955
28	890.0772982380282	0.7303599417230608	12.30464272790955
28	1156.8510458100761	1.0012494566814156	12.30464272790955

29	611.0841106509891	1.0801284023625146	13.280118726743535
29	558.7771391164559	1.3411047255733588	11.350887496623152
29	703.044006136454	0.8840133117611693	17.86219947617851
29	782.5179113549921	1.0366579513041054	11.20561417924808
29	645.560210322712	0.5820632025584024	12.254475059499953
29	1114.1055972542072	0.6128206065939209	12.254475059499953
29	728.5941263705713	1.7765416189304184	12.254475059499953
29	370.07881181653124	1.8719695895798183	12.254475059499953
29	127.92824336154943	2.510081398692637	12.254475059499953
29	141.27313730398953	0.9354770622969366	12.254475059499953
29	1272.4444559706922	0.9904101438221701	12.254475059499953
29	971.2111859652812	0.15341135771536785	12.254475059499953
29	313.86898024030756	1.6959686304179382	12.254475059499953
29	219.25801136865894	0.890688215570507	12.254475059499953
29	802.165290251812	0.48696047547677546	12.254475059499953

30	628.8400259306881	1.0371747618508311	12.767030326102752
30	567.2340583798232	1.3204548952027635	11.988440895605988
30	722.4939700183713	1.0993372716933787	18.058218807181397
30	791.0808152426132	0.8924245044551714	11.59879286531333
30	654.147904121178	0.7542952204467929	12.056847500851937
30	829.1141832042663	0.9479813295799917	12.056847500851937
30	681.8064607840331	1.6162551099365838	12.056847500851937
30	856.3906901859576	0.05154984284014852	12.056847500851937
30	1079.8433146248171	1.6148357775066056	12.056847500851937
30	727.7837823034091	1.8552335553636115	12.056847500851937
30	256.7576251917948	1.7437507585560974	12.056847500851937
30	641.1809328766335	1.6970897354608452	12.056847500851937
30	1031.7725895182464	0.2517794041681748	12.056847500851937
30	633.107802608605	1.2224799804352888	12.056847500851937
30	464.6572278987309	1.4226829149462388	12.056847500851937
30	966.8504887548715	1.5882655785726802	12.056847500851937
30	604.1971608201831	0.7528699574340485	12.056847500851937

31	638.5257887344693	1.2115956460549948	13.418687749486123
31	737.8289959503787	0.976638068148443	18.17307529644771
31	806.4791585737711	0.7635026692792056	11.533543078149124
31	673.3042038653317	0.5978306779065279	12.045878122054281
31	59.79355720348927	1.4630409237584945	12.045878122054281
31	147.66420851181545	1.9685679153256888	12.045878122054281
31	219.06053431573164	-2.79665912295518	12.045878122054281
31	122.40775872445944	1.7749468270080908	12.045878122054281
31	1041.3490044179573	1.5869856348228124	12.045878122054281
31	784.4552390323108	0.4855968838485206	12.045878122054281
31	538.7119637847313	0.01585084576762978	12.045878122054281
31	267.36552960045935	1.3450634417911977	12.045878122054281
31	834.6004235148673	0.7463777177656634	12.045878122054281
31	1125.5484183207898	1.2551448817057627	12.045878122054281
31	224.86760732006	1.580094671130957	12.045878122054281
31	412.4454552292702	1.4793748515991514	12.045878122054281
31	288.5462445467474	2.1433346335690575	12.045878122054281
31	906.9031048244909	0.6199206414307129	12.045878122054281
31	1123.367504698656	0.7460415328427905	12.045878122054281

32	652.9171824946355	0.9439567417323522	13.282414678861478
32	594.3784023639887	1.4053628333110046	12.46992595884172
32	756.3622137204898	1.0140497566310571	17.768429224104278
32	815.9208850007325	0.7675702056594413	11.486236786540848
32	680.586758549059	0.623820985224359	12.642449607276035
32	392.9597163694833	2.037530812122108	12.642449607276035
32	676.9587358433408	1.3892801972009567	12.642449607276035
32	883.3350097948537	0.4759284228410949	12.642449607276035
32	1054.0575825974934	1.7404159606904424	12.642449607276035
32	925.0405635597537	0.305388104190279	12.642449607276035
32	705.188437602264	0.38269791451687935	12.642449607276035
32	1192.6469772882447	0.5739233940661056	12.642449607276035
32	509.00458548206944	1.2900674524277507	12.642449607276035
32	1277.8946635094144	0.8338701980552964	12.642449607276035
32	880.5967172917373	0.6333567677674032	12.642449607276035
32	720.0656343087909	0.23260963198066614	12.642449607276035
32	895.3468891437541	0.4623012366995729	12.642449607276035
32	1011.7712095584415	0.10083404393338635	12.642449607276035
32	689.0647848628905	1.4826001310368466	12.642449607276035

33	661.6825951928532	1.0438656031040532	13.395923666836728
33	605.1014111121804	1.4293688028917038	12.726721174292079
33	776.4055504961328	0.8771942653792968	17.970101110516783
33	823.7672973123948	0.9404078937796684	11.981600354535011
33	693.5381465526096	0.5201604176015354	12.225224505065851
33	975.4012668757192	1.5296644677557438	12.225224505065851
33	488.6618757473499	0.03328164461935944	12.225224505065851
33	1234.1267432932673	0.7151269215235746	12.225224505065851
33	971.0031634585491	0.12387582116624547	12.225224505065851
33	1023.8975297570784	0.7325295717705016	12.225224505065851
33	748.5219686679219	1.1979340372611027	12.225224505065851
33	474.99040676282544	0.9167091185883655	12.225224505065851
33	1080.6686474616747	1.0190321648921348	12.225224505065851
33	910.5368696531515	0.2816207725625704	12.225224505065851
33	533.4006550346498	0.9057879361833407	12.225224505065851
33	456.68851972975574	1.5838034172999949	12.225224505065851
33	1053.0300703847786	0.24202484873188235	12.225224505065851

34	680.8221062642914	1.100259276980642	13.121330893723243
34	625.1339833158514	1.4989552790826983	13.143792938640136
34	790.6071777396058	0.9255858940567995	17.993226266850723
34	839.5264482012594	0.9170433775260691	11.790734155257857
34	712.1463995422852	0.5579600945158074	12.545190050328035
34	1339.4066902459324	0.9928872575452488	12.545190050328035
34	811.2686322419293	0.258893089759874	12.545190050328035
34	433.8473174751411	0.31173823343601514	12.545190050328035
34	537.1665284405353	0.5638830845371039	12.545190050328035
34	797.0314785123549	0.8164457944724026	12.545190050328035
34	1193.795985916378	1.0288275422656683	12.545190050328035
34	628.0336357494784	1.3590448136524986	12.545190050328035
34	444.793955448861	0.2314928659852836	12.545190050328035
34	1189.057951417399	0.49144961834312906	12.545190050328035
34	1078.1928545609335	1.3033166845125825	12.545190050328035
34	468.8308520331627	1.8342742558788938	12.545190050328035

35	697.5607228747843	1.052828185353952	13.724816940680878
35	634.438915199915	1.3683020347565948	13.395902690618376
35	809.6361189439814	1.0281787252816381	17.703978719962322
35	718.6839480929934	0.39154548394931815	12.46397390925296
35	285.07161221492544	1.03620253613906	12.46397390925296
35	412.9084684877459	0.20853283762771038	12.46397390925296
35	394.4483188757	0.5210588324709382	12.46397390925296
35	1037.0997362558512	1.5129033836620374	12.46397390925296
35	822.4612278938004	0.1917968740847983	12.46397390925296
35	279.69018854968965	0.8642081720206998	12.46397390925296
35	749.4435437566248	0.1884592514360685	12.46397390925296
35	872.6245677301209	0.0007704851908957658	12.46397390925296
35	970.1025124973903	1.6248366467498163	12.46397390925296
35	281.63595969753123	2.424486397910666	12.46397390925296
35	687.0644242661326	1.1614772115078251	12.46397390925296
35	599.9231859033773	1.479464705491749	12.46397390925296
35	874.6086371492863	1.289097587426063	12.46397390925296

36	707.9456004555559	1.0369761954309094	13.6273766141195
36	646.8555529392526	1.460661335265068	13.577523684557995
36	826.2114327155934	1.0161692185733664	18.241928156395332
36	863.9795255712814	0.8449064835716064	11.930887607098382
36	729.1889248152395	0.46610056828509394	12.673857677346755
36	1071.0109463521887	0.6395597336175901	12.673857677346755
36	1048.0790214159902	1.3542674066475733	12.673857677346755
36	934.8397391611223	1.7555633227016458	12.673857677346755
36	73.09426025493033	-2.373754366646697	12.673857677346755
36	224.36114974449907	1.4055568614315375	12.673857677346755
36	71.65376691650974	-2.5863542617223114	12.673857677346755
36	854.8815051515867	-0.1365550565301266	12.673857677346755
36	412.20599441522756	0.8919334072816627	12.673857677346755
36	703.1720464643806	0.7103326926583567	12.673857677346755

37	718.701720657493	1.1720474617448267	13.85423143870367
37	657.5507096577107	1.3664949187592697	13.674572339523207
37	847.6159019579515	1.0120714907286414	17.87008247258857
37	872.2529224117455	0.9505736231439221	11.868397364327503
37	745.1069005043696	0.5672128557044159	12.883333953454722
37	517.7592436787197	0.8794143637753536	12.883333953454722
37	382.96435489504256	1.4926293621744697	12.883333953454722
37	154.4733506564679	-0.39052459202546325	12.883333953454722
37	61.512867105311976	-2.3416352987701115	12.883333953454722
37	982.7211481358665	0.9692150487474253	12.883333953454722
37	1004.7754268765964	0.5528825664828276	12.883333953454722
37	1098.2945141847404	1.2167735000718014	12.883333953454722
37	919.7294163805246	1.183364532485189	12.883333953454722

38	734.3654593531534	1.1951462435089508	13.592208882166899
38	673.1147186899777	1.4604459764201567	13.897704739031761
38	864.2743217726813	0.9647604736400469	17.89134403997939
38	882.5729011062673	0.8777420624205124	12.370465213975237
38	761.5037216857424	0.6623258080090206	12.98453811459293
38	413.8235261096245	2.141772859024237	12.98453811459293
38	694.7612428380708	0.6083611389661407	12.98453811459293
38	1181.320512633684	0.606685878918066	12.98453811459293
38	542.3768805196628	1.3881027153721495	12.98453811459293
38	745.997996290321	1.616668279842628	12.98453811459293
38	1202.5466392276842	1.0646158039330607	12.98453811459293
38	160.11782396261958	0.7481840538307988	12.98453811459293
38	944.9426832346754	0.2495680412716646	12.98453811459293
38	1114.812066125829	0.49897932701401115	12.98453811459293

39	750.033467603038	1.1752966940926088	13.792395923575459
39	691.3761443597685	1.5379507014752178	14.103178464974313
39	883.1984817309459	0.9911766987232022	17.8035295773751
39	899.0622062888907	0.8858640218113873	12.103846416811752
39	772.5862093109863	0.5078132438872558	12.88835981671224
39	661.0370775824086	-0.00754520203317155	12.88835981671224
39	1239.9821343247454	1.0189315767141849	12.88835981671224
39	1224.4751820449337	0.9445629361537733	12.88835981671224
39	1047.9448967705541	0.5960978523373777	12.88835981671224
39	981.2836014441785	0.03668811141706001	12.88835981671224
39	1029.207824346473	1.0569989281520955	12.88835981671224
39	1035.4183661556654	0.3144267534378941	12.88835981671224
39	579.2967154447322	0.7994066141965199	12.88835981671224
39	295.04961066888126	1.2020075090931435	12.88835981671224
39	200.0650946940948	0.09759277636880503	12.88835981671224
39	669.0781723125355	0.40252113099907144	12.88835981671224
39	167.19101464387325	2.91357841529426	12.88835981671224
39	1032.7004619930672	1.6813127575148152	12.88835981671224
39	742.617851667924	0.9970220072854157	12.88835981671224

40	765.6865699190282	0.9800271687719999	13.730917684232958
40	703.5605188395261	1.5336754116541467	14.190795279651109
40	904.7192806572793	0.9721932024540713	18.37770158671635
40	916.3971690480607	0.8242108885856901	12.339136242408474
40	784.5632404750048	0.5339326647426932	13.035015941362996
40	1084.5970837081231	1.03173133479002	13.035015941362996
40	539.3692866432045	1.3333531002564694	13.035015941362996
40	569.1873850182213	-0.050620084474979114	13.035015941362996
40	1072.0122068332907	1.226630400461457	13.035015941362996
40	518.4118171110848	1.7590011505873122	13.035015941362996
40	803.4899672086572	0.27114965371471017	13.035015941362996
40	204.95814464802822	1.5586318132370702	13.035015941362996
40	559.9022409037793	1.0724871297526648	13.035015941362996

41	774.6571191187143	1.1823644042784482	13.854824401608859
41	714.5488093584742	1.4895810603134019	14.61246911844065
41	916.7340646958196	0.9429766088547759	18.40842967867503
41	796.4977581850889	0.5111447269117794	13.117468292895465
41	812.9640498205737	0.12660486567327667	13.117468292895465
41	766.8779196887026	0.3699437724929201	13.117468292895465
41	545.6244343421589	1.8742821412316308	13.117468292895465
41	575.1469362087425	0.7159704807499161	13.117468292895465
41	488.20593385086863	1.5147961174971551	13.117468292895465
41	964.700379187358	-0.00605506608716519	13.117468292895465

42	789.0335088466535	1.3093482060537927	13.835226313697433
42	732.0518543392217	1.5210964732774512	14.471020537299198
42	944.359383044788	1.0412982237048523	18.219732281424857
42	940.2862056256615	0.8412155832409142	12.697979633526815
42	812.5747775100938	0.5684831979452053	13.198765977875059
42	196.85337978961763	1.630834717201045	13.198765977875059
42	949.9280267850501	0.7745263695454299	13.198765977875059
42	523.5230423147797	0.4273743153631694	13.198765977875059
42	684.8131809551081	1.5157065601029374	13.198765977875059
42	1079.7582164462221	1.5456543930517281	13.198765977875059
42	306.0937175108302	1.9733751281118872	13.198765977875059
42	749.8042088245973	1.6993764214881135	13.198765977875059
42	1068.423696349322	0.8674526570484196	13.198765977875059

43	798.9886675051008	1.2494362633285516	13.7336946060986
43	745.9130160183441	1.464055243298717	14.688194010666377
43	952.0511880572323	1.0051762720597333	17.880012423961688
43	949.9935298960756	0.8250714814539013	12.411941431200393
43	819.7987043578131	0.22898010435574517	13.13669185910159
43	510.78834430469857	0.7651201970954808	13.13669185910159
43	1189.6559448516036	0.9280888591566288	13.13669185910159
43	62.541566419681274	-1.2838573165428704	13.13669185910159
43	422.55893604590216	0.3788364803575531	13.13669185910159
43	1111.959898759753	0.45117186394441633	13.13669185910159
43	502.30594974885696	1.5614478193316563	13.13669185910159
43	992.5472628208498	0.390913760914537	13.13669185910159

44	820.5809749638911	1.1026252451666556	14.015715112026248
44	761.0826052331405	1.5582985902882467	14.771630433926235
44	974.1668024661742	0.9312684661601908	18.14762208688062
44	963.5475429812839	0.8524111623154322	12.790349485712332
44	835.7372656123454	0.5787681503503865	13.144865179079018
44	412.714535637964	0.5917692990747078	13.144865179079018
44	211.32961618754427	2.1554400097750164	13.144865179079018
44	497.0046872030558	1.9224941294501963	13.144865179079018
44	927.4172186940538	1.523038268376662	13.144865179079018
44	363.4128811356	1.0493062788157441	13.144865179079018
44	888.8651741118417	1.1042710975288448	13.144865179079018
44	1032.331189241444	0.2251312882223516	13.144865179079018
44	68.44388688895764	0.4440291782277572	13.144865179079018
44	719.4151953655244	1.2657730187530318	13.144865179079018
44	853.532237758946	1.0585839997938697	13.144865179079018
44	209.36334510862253	1.9856007909885471	13.144865179079018
44	680.0834359262253	2.0344942398998516	13.144865179079018

45	835.6649104832827	1.2510967903854198	14.311841933242757
45	777.3311721931428	1.5448648075572102	15.71648623028392
45	986.984293309487	1.0424000392239456	17.964473534007787
45	979.9655925774479	0.963966490569981	12.78620334365192
45	851.0460507663464	0.5209054841629518	13.296006294855339
45	393.0546870373518	1.9352080688193305	13.296006294855339
45	1126.2084096669032	0.41098928184846667	13.296006294855339
45	1017.081606300524	1.658082427923769	13.296006294855339
45	1009.5098898700417	-0.2134765277445781	13.296006294855339
45	1086.6011390878512	1.1297942472235714	13.296006294855339
45	1356.5637777978125	0.8669746150698563	13.296006294855339
45	1455.8864586923355	0.6814453509884706	13.296006294855339
45	374.831886446688	2.052206751208914	13.296006294855339
45	470.84163446471615	0.37348443097835504	13.296006294855339

46	848.6495091113349	1.2272876403286388	14.061268527518413
46	790.9167861354987	1.6558283243332683	14.858796828151654
46	989.9290240475689	0.9129106592885325	12.576502283575753
46	861.5273404502428	0.37374725422161076	13.390172165733725
46	871.5588387294933	0.3232299737196582	13.390172165733725
46	802.3092374703991	1.106807633247187	13.390172165733725
46	1033.6083124607283	1.1823506403714945	13.390172165733725
46	97.75722707684004	0.5229741937648795	13.390172165733725
46	1173.0297289093564	0.8841303071905069	13.390172165733725
46	171.96568421538544	-2.7967264291184972	13.390172165733725

47	861.0748597969532	1.1448125725583862	14.227075675684159
47	808.2655508185659	1.6919911764662903	15.203701066827755
47	1006.0861392904192	1.0223585209179553	12.820333282990957
47	876.5045457707531	0.5694930254507947	13.83870984506692
47	287.21734274321847	0.9346217189257077	13.83870984506692
47	942.6807022987526	1.0646460430474036	13.83870984506692
47	1048.5536214158922	0.28272565760742685	13.83870984506692
47	333.69996536923236	0.27635571145134746	13.83870984506692
47	1190.194112134511	0.9251492526004169	13.83870984506692
47	698.9993200801132	0.856526931100435	13.83870984506692
47	717.886593428261	0.37104177468382926	13.83870984506692

48	872.6851020601914	1.1087699409917102	13.855657771819422
48	817.2852835913365	1.6612237061477486	14.857493021046864
48	1040.7150730897179	0.8447905192955943	18.028479956938437
48	1013.2823347425914	0.9523596731284899	13.114801141672642
48	888.2160330305327	0.3929551912638264	13.638125287326456
48	1062.1511335065936	1.5609804349932541	13.638125287326456
48	1087.1258355482557	0.467854598003599	13.638125287326456
48	984.7023217399412	1.5303234665168195	13.638125287326456
48	772.0092334279738	1.3054313300011813	13.638125287326456
48	868.3571948644814	-0.0726272201869376	13.638125287326456
48	1051.3503002768766	0.7236375446361926	13.638125287326456
48	95.96964044677745	2.727710597932829	13.638125287326456
48	598.6192343000235	-0.07191526632087283	13.638125287326456
48	1170.0305989279843	0.7022920278102024	13.638125287326456
48	984.477207156353	1.3613246479923018	13.638125287326456
48	1016.5029199851334	0.3017130671702876	13.638125287326456
48	690.9986270240063	0.03281060601324095	13.638125287326456

49	885.1201094672167	1.1142905974968595	14.258146737984086
49	832.0599861280521	1.6472676033429452	15.213262924764553
49	1066.5816174313481	0.9518439719370133	18.037208452222245
49	1022.3944570865845	1.0466586856677011	12.824468539840385
49	903.6520399052757	0.44932766109726346	13.378853109917914
49	191.434555714941	2.8026006915470085	13.378853109917914
49	713.4519625875413	0.9777347961595425	13.378853109917914
49	1057.4015433484426	1.6136014351520527	13.378853109917914
49	889.225010396209	0.5246810556123587	13.378853109917914
49	1409.6497708430315	0.8047352060417339	13.378853109917914
49	201.22287348398132	1.5612460155845622	13.378853109917914

