scan	range	bearing	velocity
0	319.4128068694914	0.4480717653034781	4.737132652328319
0	464.36739600487135	0.21721342068163285	-6.549850525490165
0	183.13449909352968	0.8824024669802788	17.8734255821201
0	541.7784773977555	0.33275739202154403	4.160263161732159
0	394.6540761006732	1.1862054497458927	3.124765347836445
0	807.6534591545804	0.3296545925243228	3.124765347836445
0	338.4248799538779	2.009661274895684	3.124765347836445
0	1028.0517064989517	0.039463476022782856	3.124765347836445
0	578.1104903461941	-0.22254525567418837	3.124765347836445
0	769.3228295028448	0.5563094552324388	3.124765347836445
0	1107.8857480340444	1.3366683250951177	3.124765347836445

1	323.73953944757454	0.30897194021947894	5.336591427674159
1	451.79575712148755	0.1708167556170882	-5.870901649110898
1	203.28209051625615	1.0042330949420484	18.112821371659706
1	545.084570875176	0.28918728773555624	4.49134851625204
1	399.50903947708645	1.3076614935982827	3.376764952538872
1	1276.053257100554	1.1484969832775176	3.376764952538872
1	761.0180175045301	1.6291386931827354	3.376764952538872
1	659.8804200618342	0.7168089415119334	3.376764952538872
1	1043.8704597535445	1.816607408743596	3.376764952538872
1	1277.8422416931646	0.9944759774809178	3.376764952538872
1	984.3180489867588	0.5318836389219622	3.376764952538872
1	872.2214107983758	0.11026798552894262	3.376764952538872
1	308.78429927578577	0.9088063132215135	3.376764952538872
1	1094.8646173249256	1.097176598127964	3.376764952538872
1	1094.9500149623627	0.9759197999150047	3.376764952538872
1	487.8274432473014	1.638586828772627	3.376764952538872
1	1176.6366071461487	0.5819276679225498	3.376764952538872
1	1097.2262065071377	1.5396545886902284	3.376764952538872
1	557.6855175158254	1.2325248276322447	3.376764952538872

2	326.85504070662057	0.4347841153465333	6.013000807369688
2	443.70014445857686	0.31381857211759506	-5.371990349969097
2	219.99672315330199	0.9804197744792355	18.197141589101488
2	552.4375558812919	0.29072723643406617	4.963927007658367
2	404.7045676229112	1.3685635066518178	3.81077490905428
2	646.0153105151022	0.6620907403783282	3.81077490905428
2	363.81732496230035	0.19543913240009078	3.81077490905428
2	603.0417154589614	-0.03369478234424486	3.81077490905428
2	1181.4058102241806	1.3166466550322578	3.81077490905428
2	647.5907693041747	0.03981218529799688	3.81077490905428
2	774.5658187394037	-0.01544842138496505	3.81077490905428
2	1042.7039354790409	0.9138445356921095	3.81077490905428
2	704.7017505801	0.47196847127721087	3.81077490905428
2	749.2790859618481	1.3317931565967895	3.81077490905428
2	850.5094609495175	0.5730847153080257	3.81077490905428
2	1033.6560057345075	1.0406093807675432	3.81077490905428
2	215.36768986317068	0.7295279162821015	3.81077490905428

3	329.24174852334244	0.4020178385183156	6.488883350037077
3	444.816432493455	0.3954351202697478	-4.268868141259643
3	239.57655727574894	0.9193998047528539	18.105713409472703
3	554.328419358649	0.4030143004958089	5.093288455271893
3	405.2097175928622	1.3223252027134969	4.695185027755925
3	687.2076575920494	1.1494838687131728	4.695185027755925
3	1188.8946106143044	0.6377991971275856	4.695185027755925
3	1204.3440574042952	1.0807863068747148	4.695185027755925
3	70.93456204152085	-1.3018738132745695	4.695185027755925
3	1007.332878608124	1.5155192983824473	4.695185027755925
3	907.3871824488069	0.3486362511734236	4.695185027755925

4	332.7982947511425	0.4026254542629201	6.817166419281192
4	444.8751014174296	0.329909064163661	-4.131762756456875
4	252.48017883591586	0.9561721811131743	18.00152567707628
4	563.7181187357438	0.412337659934364	5.887439273403533
4	409.80160322163056	1.1903165345097284	5.274302881694455
4	830.1793807517952	-0.14136299588165807	5.274302881694455
4	460.8344080405275	0.922794663394101	5.274302881694455
4	679.4442768962373	0.8884096533347514	5.274302881694455
4	539.2747097395738	0.5949919403008053	5.274302881694455
4	815.5760662201471	0.5268772719937236	5.274302881694455
4	1024.550781836088	0.45261636030551916	5.274302881694455
4	115.78498748920782	-0.7933102194859782	5.274302881694455
4	721.8951779593235	0.9752197618308458	5.274302881694455
4	589.8814304299564	0.3728803797063682	5.274302881694455
4	1194.905978026823	0.8393939791492326	5.274302881694455

5	352.76545317594616	0.4322266782621859	7.350080781859216
5	268.7618950350251	0.8657339231788203	17.723014372208354
5	565.563982335896	0.38916910256740983	5.950925656367099
5	424.3860543446383	1.1011195375061524	5.413287878330302
5	304.3417041301973	1.5737695700677328	5.413287878330302
5	968.9802167545224	-0.08003374891676886	5.413287878330302
5	331.2821900738605	1.9279119291393827	5.413287878330302
5	438.6741073053207	0.011572168053730042	5.413287878330302
5	553.8020752429298	0.6099822356973919	5.413287878330302
5	513.3995382139279	0.10436644971901847	5.413287878330302
5	591.8218035541869	-0.014425079037588634	5.413287878330302
5	482.684801399746	0.9171501350306923	5.413287878330302
5	1326.2006523322666	0.7808616529438064	5.413287878330302
5	742.4462333647449	1.1136738318010424	5.413287878330302
5	440.23545236100097	1.3077331818171745	5.413287878330302

6	357.8655660784663	0.5851356094295246	8.114310277688244
6	430.9129381805217	0.3485159668673514	-2.510962156691635
6	287.6889293998213	1.003253454545331	18.05306512935225
6	572.8058436537304	0.48640065954162576	6.304605477904385
6	422.6563034845561	1.120219820429988	6.087014033454058
6	596.2927841213245	0.9422721405487611	6.087014033454058
6	915.7209177054401	0.7798059300440185	6.087014033454058
6	1186.0029622095315	0.9367546118508017	6.087014033454058
6	867.09540809891	-0.016026740873437806	6.087014033454058
6	841.2434902912908	1.3821744260516855	6.087014033454058
6	655.3468342813187	0.6911796323845301	6.087014033454058

7	360.47252354946045	0.7033317453218842	8.01837401828788
7	428.52032384665034	0.32474246222835546	-1.5287217655633454
7	308.1546068240188	1.0800528706978672	18.072731442815424
7	581.9973130803248	0.4694827629916986	6.413117604681771
7	429.29040589014926	1.0711229201823844	6.675399727824913
7	851.5749537722332	0.5245562413801065	6.675399727824913
7	1244.7623436232534	0.8960278325072585	6.675399727824913
7	202.36881064824556	-2.841335882236584	6.675399727824913
7	676.301605532447	1.0243314057312438	6.675399727824913
7	695.026027073022	1.0008230578048267	6.675399727824913
7	750.2919201287236	0.787049062780067	6.675399727824913

8	368.1021804303809	0.6187963112002182	8.89901505111775
8	433.23792133986836	0.27488101676638627	-0.659963817604636
8	320.21788458397936	0.9680041075615368	17.896363758893862
8	582.3590112024257	0.4650737518185629	7.1847477004979945
8	433.4304789140654	1.1884205409111983	6.72361467585084
8	42.025824244250174	0.46676793695343793	6.72361467585084
8	922.5088132829178	1.8237437355616684	6.72361467585084
8	376.3232679804456	-0.12409785735728077	6.72361467585084
8	399.5243103199154	2.322005781540194	6.72361467585084
8	601.5717383832954	1.119137893411207	6.72361467585084
8	298.1254547457496	0.6712232093620012	6.72361467585084
8	141.02009192607005	-2.550632959926644	6.72361467585084
8	1218.0934472389458	1.0218475043387572	6.72361467585084

9	379.33135095355414	0.5690079730093108	8.913980934476296
9	424.3711639857994	0.5793812635534924	-0.24215216268746204
9	344.72939092323463	0.9039020738412321	17.816474278796864
9	594.4913229394436	0.4631067010565305	6.955629349514146
9	445.2357704843799	1.040276554012044	7.530729349963121
9	1117.2897896946117	0.3585130474009112	7.530729349963121
9	328.81890718137123	0.7991248401699506	7.530729349963121
9	968.5033871319664	0.7613626845437875	7.530729349963121
9	389.5826138215464	1.6888390037456447	7.530729349963121
9	1048.6811049456683	1.2639124810058866	7.530729349963121
9	132.16075544558572	2.649771577801138	7.530729349963121
9	952.644453702947	1.4421528354011446	7.530729349963121
9	440.7096256299481	1.2052422512644527	7.530729349963121
9	986.8196331223489	0.15420362802120358	7.530729349963121
9	591.716113569307	0.1926400805542031	7.530729349963121
9	795.0705927792288	0.3949189958793877	7.530729349963121
9	1128.7572844132453	1.358561258612391	7.530729349963121
9	866.2852839563925	0.6193201683846764	7.530729349963121
9	872.2167471889588	0.01861831477185124	7.530729349963121

10	392.5680733984451	0.6881745536173639	9.556454878792655
10	434.12164054592756	0.6381846381170376	0.23650110549150477
10	363.424270376708	1.0572027384302356	18.08792839363381
10	598.2429943070456	0.6670734038370405	7.77646544792316
10	453.68471753153995	1.0215906807162969	7.804271050355383
10	1038.397995144561	0.8042901084367747	7.804271050355383
10	778.651497342807	1.4694173484573785	7.804271050355383
10	998.1798754252592	0.6887857334160181	7.804271050355383
10	985.1250907306496	0.9298958615015792	7.804271050355383
10	863.6045379557582	0.29979351763150264	7.804271050355383
10	908.8431105617864	1.0332735503840154	7.804271050355383
10	1082.1350155441096	1.3948190276382615	7.804271050355383
10	955.947884688398	1.711373827556572	7.804271050355383
10	900.7903897206452	-0.08064812102448088	7.804271050355383

11	400.1677239705953	0.7051771221225707	9.774270971779096
11	430.2651582046157	0.7631196355309164	1.0094774434262126
11	378.2573721064893	0.9818117582171896	18.027051340894666
11	606.0765818103483	0.5223758762897399	7.861918031329497
11	461.4774422660665	1.1665115792534213	8.47015527108946
11	322.41386376005977	1.8381450653370726	8.47015527108946
11	538.078489850904	1.8240781885193107	8.47015527108946
11	1127.3344443861104	0.9615363536410702	8.47015527108946
11	489.1015487712057	0.6633353175788299	8.47015527108946
11	228.12463505588354	-0.42666806811299696	8.47015527108946
11	543.716699692579	0.20787465973287145	8.47015527108946
11	650.7702629520577	0.9910282087188087	8.47015527108946
11	664.2908589749554	1.9883408635598248	8.47015527108946
11	1334.0989169267596	0.992187915094705	8.47015527108946
11	419.90740090620557	1.2190838517658622	8.47015527108946

12	411.78662933859727	0.7715299893823985	9.70499295988189
12	429.72847134428804	0.645819301334894	2.217332371947942
12	397.016975021576	1.0233905374729657	17.87483217755393
12	615.2563527166454	0.5592541508822004	8.28809315819104
12	466.0384984867225	0.8556602987941769	8.251464149555106
12	849.8591349852901	0.6206196982615465	8.251464149555106
12	1264.1880957972014	0.9082291153779982	8.251464149555106
12	658.793391994186	0.03855813619113929	8.251464149555106
12	232.82014570770784	1.6186184851176755	8.251464149555106
12	553.545181656462	0.606178995076441	8.251464149555106
12	1085.1134997965785	0.942784489813002	8.251464149555106
12	513.5526234506793	0.2933712562594033	8.251464149555106
12	716.8139124817111	0.7608781362403672	8.251464149555106
12	407.93576598769147	1.3509525792584076	8.251464149555106
12	129.7493021573916	2.9586770407100316	8.251464149555106
12	375.3829731146051	0.8958177508500906	8.251464149555106

13	424.9706314670858	0.7196921881490643	10.581059798383762
13	423.1977028530419	1.0596489329815508	17.650391632296433
13	619.0115732249641	0.6341124381136538	7.955100622021879
13	479.512790989359	0.8345226926382762	8.942561871407838
13	1034.226452903396	0.3964668280652336	8.942561871407838
13	360.94898140168556	1.6610387711583057	8.942561871407838
13	694.0910353336083	0.6948525103500083	8.942561871407838
13	1029.9902201014256	0.7318349255015638	8.942561871407838
13	993.2665100552505	1.5495471682866429	8.942561871407838
13	979.1950166919423	0.4371596373919676	8.942561871407838
13	558.9155950077342	1.902065835975261	8.942561871407838
13	862.1835057827861	0.12291669771290234	8.942561871407838
13	471.7004713714856	0.8607171831754166	8.942561871407838

14	437.98194842340604	0.7689268048485741	10.437172978973212
14	436.2383429057759	0.6145620973184236	3.652834768146547
14	434.58533227867434	1.0283488948167911	17.87665742480103
14	631.4148157621089	0.6337537095081233	8.681810570605366
14	483.21956335343265	1.0679336008376847	8.995463236956168
14	1014.0796580480835	1.646957352312035	8.995463236956168
14	889.1669977301348	0.9906094271042891	8.995463236956168
14	613.5330541046051	1.8834566058205637	8.995463236956168
14	487.1349652679706	1.5065413973649342	8.995463236956168
14	632.986778036307	0.14248777313715336	8.995463236956168
14	1059.9440004211335	0.41389548025904366	8.995463236956168
14	198.37616331908706	2.831890241195874	8.995463236956168
14	1055.5729941208272	1.0599371335041958	8.995463236956168

15	445.2851434971974	0.6172949977337101	11.164710124642454
15	441.1202219387987	0.8248711112802758	4.078322625225573
15	449.43937777059614	0.9407181776724893	17.860997043081937
15	640.4329386141798	0.7159504674920165	8.675509463904772
15	494.53979696395623	0.886972044364814	9.100821536377158
15	1076.2173600370368	1.6993187986638962	9.100821536377158
15	390.19005132776556	0.5733471646511971	9.100821536377158
15	1075.924976850374	0.6020394363245085	9.100821536377158
15	947.3652317959429	0.7413440644573306	9.100821536377158
15	1276.2477765739013	0.7391987195104992	9.100821536377158
15	826.5273269832857	1.8506665372719526	9.100821536377158
15	741.2055319081963	0.6685466630010974	9.100821536377158
15	1407.484624713129	0.730866175771841	9.100821536377158

16	455.7933839102138	0.926775005080288	11.270345551036721
16	449.19090360579304	0.783423284197162	5.088267836656804
16	471.07659662653526	1.053238972675773	17.757149495582148
16	647.3161321154013	0.6837291264770402	9.004053528096376
16	504.48204565066277	0.8392835413417341	9.547953465410167
16	1076.1869876692992	1.0318645126252954	9.547953465410167
16	1364.4463928742255	0.8351103451693327	9.547953465410167
16	870.4913780095827	1.1337773458485008	9.547953465410167
16	636.7077523110775	1.8797755508452942	9.547953465410167
16	1042.8603452518744	1.408765688366023	9.547953465410167
16	43.48247847310713	1.7123406078282455	9.547953465410167
16	1097.4934796010325	0.45145233103986143	9.547953465410167
16	800.0365799046076	1.8038950819372788	9.547953465410167

17	468.68568716676714	0.6531209172573609	11.236239916285106
17	453.0436162312732	0.7781441444285494	5.363864781108448
17	486.2482661000125	0.9455428867539794	18.219861193987445
17	657.0562895453367	0.517540434889383	9.074890263551348
17	514.1624989274766	0.9618096547432399	9.792741581811667
17	752.0142811422628	1.544923093825987	9.792741581811667
17	916.4512404116912	1.2046688429204309	9.792741581811667
17	431.2649173678528	1.986648627768785	9.792741581811667
17	1156.097961132726	1.0598024816984435	9.792741581811667
17	734.2334823294011	0.17673068446675388	9.792741581811667

18	477.9126579383035	0.8677066230143571	11.630361856331204
18	460.43308531003095	1.0352585188849044	6.479144404091227
18	503.2686047261468	0.9706823043567661	17.863542231335302
18	670.3694997094977	0.7895312358899684	9.04703811559902
18	523.3536410932682	0.8194952912680643	9.895235368408162
18	529.8603208345975	1.4945551889181476	9.895235368408162
18	1034.5642389466313	0.7531406723183884	9.895235368408162
18	991.2745297137867	-0.08537905806902621	9.895235368408162
18	1203.6416108222954	0.8738783223720088	9.895235368408162
18	1262.26042686827	0.5353078853779242	9.895235368408162
18	1358.3407638501267	0.8182772805350116	9.895235368408162
18	452.50890435594596	0.354944816786104	9.895235368408162
18	883.1015456206752	0.6487310430849086	9.895235368408162
18	936.6088324773868	0.17949057073875396	9.895235368408162

19	491.2807700805463	0.8467618432322758	11.493202233397472
19	465.21202828943245	1.0270886050041226	6.633441510252258
19	525.1039718699511	1.1202914981596952	18.354679039196746
19	678.148475975991	0.7779911544918362	9.53091601169854
19	531.1102611714595	0.8739283191537351	10.36300328750288
19	736.2357741121796	0.1273720095762676	10.36300328750288
19	829.926299192274	0.5480028116076311	10.36300328750288
19	1183.2477438987437	0.6512533966772421	10.36300328750288
19	1014.397367670628	0.11334492078464219	10.36300328750288
19	717.4477253338649	1.2949129093237903	10.36300328750288
19	966.4704195277569	0.14756547214053667	10.36300328750288
19	982.413839785821	0.2849331583576935	10.36300328750288
19	1286.6594297681056	0.8522951509933328	10.36300328750288
19	193.67250853715373	0.6020534742191959	10.36300328750288
19	307.105516574022	-0.21920729818073503	10.36300328750288

20	504.6929371931878	0.9302495866646503	12.161624432441236
20	460.8703219620912	0.8446483679490083	7.086671680994976
20	538.8228737359268	1.0174201263024298	18.093027777000515
20	686.2155581127801	0.7062668785581423	9.5091526334588
20	541.5389621620984	0.7803935541733763	10.450443865573176
20	221.88339631374703	1.8534152578177656	10.450443865573176
20	297.35328362082754	0.22390078551019027	10.450443865573176
20	410.5085952613314	1.4354859208793047	10.450443865573176
20	318.8916021400431	1.9556618973817876	10.450443865573176
20	1028.356534261045	1.637787380247776	10.450443865573176
20	519.8871922167759	1.54428684969224	10.450443865573176
20	519.8336167081197	1.6838170064932871	10.450443865573176
20	1017.493246324888	0.5502707528534679	10.450443865573176
20	839.4530994042251	1.7089169898711776	10.450443865573176
20	1086.3061677356154	1.1902035977833272	10.450443865573176
20	1202.5677917060902	1.0075553486239208	10.450443865573176

21	513.230279924915	0.9390714070538211	12.191769612910244
21	557.5674213365027	1.065286306251379	17.724699951233156
21	555.416151236925	0.7624081362849597	10.412619587472914
21	1167.9354304167364	0.9663995958672859	10.412619587472914
21	797.8425862916039	0.543641998544711	10.412619587472914
21	318.4736438782601	2.323923405295376	10.412619587472914
21	748.0469555425661	0.6349328868615188	10.412619587472914
21	1141.852683322164	0.7041978493210608	10.412619587472914
21	976.4417316129483	1.506197283188232	10.412619587472914
21	560.6285584931323	1.3739029651423227	10.412619587472914
21	1380.953551001039	0.839252592459997	10.412619587472914
21	1042.6564341584708	1.4030151080752018	10.412619587472914

22	518.9418526841589	1.0995891311429755	12.462833138641015
22	488.1659605720601	1.1161250969689094	8.630589911743384
22	571.0421893082929	0.893405943423437	18.2993665149227
22	704.3076427159453	0.6017221889276619	9.731866702411061
22	558.929419886791	0.759196127132882	11.129616780288078
22	796.4420620221864	1.6235829086378262	11.129616780288078
22	660.5653579327654	0.7363862721433558	11.129616780288078
22	39.39824849009627	2.1109778344996997	11.129616780288078
22	1278.2014986758884	1.0604008415842732	11.129616780288078
22	635.082442432622	0.6900145075681335	11.129616780288078
22	1016.5894068170757	0.5488316919573479	11.129616780288078
22	1197.6380422786451	0.875551774158685	11.129616780288078
22	861.0177624186103	0.14373854441994893	11.129616780288078
22	1179.9993397791122	1.0505690462872643	11.129616780288078
22	811.0483164955465	0.1732797799229711	11.129616780288078

23	536.5209798119749	0.9207396806115691	12.43098122736119
23	496.4001834743999	1.099058851122399	9.02340318302899
23	593.6967680905582	0.8407432322759746	17.94306960025058
23	719.5778919181373	0.7639330530717238	10.461866314281574
23	572.6482913507655	0.6342297012251819	11.094442913074303
23	1005.6757314987749	0.7111302430280082	11.094442913074303
23	89.55781108854818	2.0687774159932024	11.094442913074303
23	1342.2063548885922	0.8317781648890916	11.094442913074303
23	492.9450208885613	1.0650307843899343	11.094442913074303
23	388.8455016237547	0.6898651114102158	11.094442913074303
23	948.6965149022699	1.1357670833664861	11.094442913074303
23	1125.109431144092	0.9124362021825109	11.094442913074303
23	979.0941545582087	0.20026244301700816	11.094442913074303
23	1180.0916582087282	1.0633077385487912	11.094442913074303
23	1205.7717055446517	0.8564965923893573	11.094442913074303
23	413.8068998758885	0.004576703673887694	11.094442913074303

24	550.8423694087733	0.9660363807819119	12.640225837472604
24	503.1353072524486	1.0652426138840303	9.230581215700377
24	614.7138296671768	1.070815954080408	18.11480548202715
24	728.1573816165031	0.5393275446308126	10.416501461681815
24	654.4194636989841	0.19535319989528802	10.416501461681815
24	1346.8557994597475	0.7030987282903748	10.416501461681815
24	1054.279494155931	1.3054093676059337	10.416501461681815
24	635.6983455198334	1.7927322203173581	10.416501461681815
24	498.80674838452643	0.4315055811157257	10.416501461681815

25	559.7463025525899	1.0206759102426355	12.609006328656168
25	512.8453880793918	1.1224388679017778	10.058157803345459
25	627.9870225568618	1.0062071726308661	17.84644146116356
25	736.0185401293548	0.8402296340638725	10.20838248908849
25	599.501000783336	0.6642290808808738	11.22621933771103
25	445.6225111337537	0.16758568170573038	11.22621933771103
25	1046.5216357962165	1.5240791143164132	11.22621933771103
25	665.5699082180382	1.6536974474392239	11.22621933771103
25	495.01902769043915	0.7856073468598537	11.22621933771103
25	678.8175377498983	0.9241302238063951	11.22621933771103
25	654.3938246686206	1.4215145340162572	11.22621933771103
25	717.827634841323	0.6916804758911814	11.22621933771103
25	1058.0382209987476	1.0926754159234642	11.22621933771103

26	573.4548278328699	0.8139015364279792	12.72646183199917
26	524.6598702648562	1.2395793613509534	10.195820559756188
26	650.4681054024699	1.1033686152561175	17.967082417584514
26	748.6425921029208	0.8403694324947343	10.62037265583821
26	609.6112306969648	0.6787840579325457	11.679170109632656
26	976.5728358751622	1.6754773394114622	11.679170109632656
26	1142.68354486719	0.45169629142053663	11.679170109632656
26	957.6193799995324	1.4024993591788706	11.679170109632656
26	936.2597076934896	1.176539857148022	11.679170109632656
26	267.6310402225829	-0.05684699146168728	11.679170109632656
26	1323.0976843122203	0.7955996508971175	11.679170109632656
26	244.54051892973777	2.5673988048796534	11.679170109632656
26	1172.745720217431	0.5847001488769457	11.679170109632656
26	1033.9324012963407	1.522456681394167	11.679170109632656

27	586.0847100002228	1.075806408029242	12.57914008046859
27	537.6469900564603	1.2292338953550273	10.811243332571529
27	668.1589850996158	0.9542203868492646	18.122114747736454
27	757.3760170343456	0.7457892682252314	10.690803788285557
27	618.7235482425095	0.6353447762936172	11.846631485302591
27	869.8344478868407	0.31625605620491765	11.846631485302591
27	557.1869069093718	1.216777064246635	11.846631485302591
27	131.23428181335174	3.0569909942073674	11.846631485302591
27	1104.119391332525	1.0261830474429978	11.846631485302591
27	904.5332426105011	1.1859982591272709	11.846631485302591
27	853.4347569634448	1.924363214645116	11.846631485302591

28	602.1445231801487	1.0756436522039186	13.195624578043155
28	545.5706489715567	1.261583553190537	11.309228243804387
28	681.9580417348732	1.1205694201887662	18.398892095862035
28	769.693954300067	0.7536072567974393	11.09754924771359
28	634.0988989098782	0.8242374140760242	11.441820914399377
28	674.9105824745205	0.7302349125657057	11.441820914399377
28	992.7081353732555	0.20084730960456326	11.441820914399377
28	655.8470441957581	1.3964248381106792	11.441820914399377
28	1054.8455669739776	1.0997409970342553	11.441820914399377
28	963.1258479003591	0.26811720778804493	11.441820914399377
28	395.7709741962431	0.8660772797562801	11.441820914399377
28	283.26686029173356	0.29807217807547676	11.441820914399377
28	954.1743236617676	1.3569450073092424	11.441820914399377
28	969.9311116239079	1.3414747929916198	11.441820914399377
28	371.65648324172093	2.2229504460927685	11.441820914399377

29	613.5119102074345	1.0279396820247286	12.66599965703148
29	557.4974949813752	1.317706845797713	11.423845073063926
29	784.2216900207483	0.8128810070142617	10.962712574411132
29	648.4597379245215	0.4927295278958697	12.362164842521455
29	1339.4340262197027	1.0208804810041694	12.362164842521455
29	39.79705948304168	1.4882451569222759	12.362164842521455
29	1133.1961724706077	0.9644541238482615	12.362164842521455
29	1025.6401664222947	1.006031445537407	12.362164842521455
29	568.0152546900387	1.333440514548433	12.362164842521455
29	532.9132406069228	0.3498335736751828	12.362164842521455
29	768.4180355669483	1.522603094660117	12.362164842521455
29	644.0836184694855	0.8488313779127775	12.362164842521455
29	467.8240718190382	0.21593847016219755	12.362164842521455
29	1042.0983599038916	1.711980455390633	12.362164842521455

30	621.9211353325767	1.088026253248091	13.652388960056022
30	574.0958418915985	1.2604488443133963	11.971242186258822
30	720.6027345883607	1.0475350166567847	18.146535345595844
30	792.2512549533833	0.8655542914568491	11.411052274063534
30	653.4018318297165	0.5153537431732585	12.037389136724153
30	1176.2748441444353	0.8389765064801948	12.037389136724153
30	1215.1321827709357	0.9115809430580343	12.037389136724153
30	494.1779924223775	0.17047770921584018	12.037389136724153
30	102.91738957517991	2.588253643509393	12.037389136724153
30	613.8171614370243	0.5471262748295327	12.037389136724153
30	854.0983703862153	1.4565217237344807	12.037389136724153
30	1115.834667997142	0.4435671273472025	12.037389136724153
30	562.6936569452937	0.9892397798557574	12.037389136724153
30	647.1575185808424	0.5170191951734523	12.037389136724153

31	648.2737451370165	0.9005666470713076	12.984192710192367
31	585.1874686266824	1.317099803046432	11.900472753248962
31	740.4016570018172	0.8823465498949006	18.214226839823205
31	807.525179461931	0.9497089802345632	11.158973482267669
31	671.5805272316128	0.7306115335845832	12.297282453162875
31	1049.4413067776711	1.523417005717194	12.297282453162875
31	868.042028128277	1.5056291281684715	12.297282453162875
31	519.6108694754148	1.0050223398895928	12.297282453162875
31	666.5878971094181	0.6685781164811508	12.297282453162875
31	752.045252647107	0.2458835334282469	12.297282453162875
31	1064.2608938050332	1.56766674408222	12.297282453162875
31	853.3190802054125	0.1277628695779925	12.297282453162875
31	473.4797089423268	1.7802853152668423	12.297282453162875

32	651.5568482765545	0.9895203336223295	13.611405888762084
32	591.6648684209143	1.451112043471546	12.464738706177881
32	755.5537286947953	0.8792261877983983	18.01952838743875
32	814.0673937316056	0.9312975691238721	11.689535583071686
32	677.7407213680426	0.6683159284661868	12.355362902016546
32	875.8029317297561	-0.1540797855962147	12.355362902016546
32	500.4078715646238	1.2736154828390254	12.355362902016546
32	1027.3809999593789	1.389722446892596	12.355362902016546
32	1074.9950346177693	1.0444129888681952	12.355362902016546
32	288.36020704023116	2.2379941028055237	12.355362902016546
32	218.94387544574218	-2.8527344633187854	12.355362902016546
32	790.1208094604848	1.5983776409266461	12.355362902016546
32	942.9047571123436	0.3750260437741393	12.355362902016546
32	935.1255476512673	0.09994935549779005	12.355362902016546
32	314.68910605684954	1.4420165880816593	12.355362902016546
32	746.0248305322955	0.12372310079106669	12.355362902016546
32	1010.9952241949185	0.03583784259366525	12.355362902016546
32	222.36069753333445	-0.5113130518859843	12.355362902016546
32	116.72703831476673	1.475960570627151	12.355362902016546
32	635.3876899311524	0.9328119743774481	12.355362902016546
32	890.0998142887779	0.6519222778478335	12.355362902016546

33	671.2766676409534	0.905835255951937	13.91122562193604
33	604.3452422538045	1.4989910777887714	12.903347582141446
33	826.8252840271846	0.9009368147292041	11.868662500408355
33	693.5580115180984	0.5778831522299912	12.546191041403942
33	1301.2577072308993	1.0939747479219837	12.546191041403942
33	1080.0615859926143	1.6920362731537328	12.546191041403942
33	223.36627820600617	0.14283725982333492	12.546191041403942
33	190.22638925867196	0.0832994310017806	12.546191041403942
33	720.8307281199432	1.552077777222792	12.546191041403942
33	381.0604012634933	1.0404119048252185	12.546191041403942
33	959.2048051320827	1.7172010127312507	12.546191041403942
33	145.35841372935934	-2.7531669428270846	12.546191041403942
33	416.5185177398383	0.9606152502542763	12.546191041403942
33	872.3318391485586	1.1109606022959075	12.546191041403942
33	607.4038448124822	0.13882690012663246	12.546191041403942
33	601.847023159935	0.16374435407150154	12.546191041403942
33	1159.9887400347304	0.6232000254454746	12.546191041403942
33	990.1396755324268	-0.030576901339885512	12.546191041403942

34	681.3860518810948	1.1792098576350052	13.783300690027964
34	620.7135933742092	1.365946793147106	13.025068819930919
34	793.3385567507727	0.900758492118545	18.084219402387234
34	838.3300870493155	0.8618473646486801	11.738155995766535
34	703.9928651147142	0.41981450127690845	12.231918735473794
34	929.2968715654624	0.012441927304632963	12.231918735473794
34	949.637111243663	1.8724582374033405	12.231918735473794
34	513.6011467271098	1.231813806221188	12.231918735473794
34	1371.7565963597053	0.6951859994156905	12.231918735473794

35	691.4187636051951	1.1515517346164112	13.597887053848783
35	634.6342001888615	1.366393598568219	13.238096014314227
35	810.455397945271	1.174883925690409	18.17042748029456
35	848.9166065322217	0.8537018961249233	11.435712279082017
35	719.1464261740331	0.6650928999471178	12.61466721768803
35	786.3602624358261	1.299072806630776	12.61466721768803
35	767.8566890106669	1.4882319138251239	12.61466721768803
35	719.8386284789951	1.5361382141926834	12.61466721768803
35	812.3192928366296	1.5845119577080449	12.61466721768803
35	587.6147224147095	0.19540042254064063	12.61466721768803
35	642.4227567922642	1.6619022712972338	12.61466721768803
35	1053.0005003457268	0.708055759243504	12.61466721768803
35	537.3690566128304	0.5717718553885462	12.61466721768803
35	577.9429376105451	0.2620328152443523	12.61466721768803
35	505.88484362764206	1.0727913286445054	12.61466721768803
35	1172.8777213744513	0.7119217456754952	12.61466721768803
35	471.4979184541519	1.0550348528989002	12.61466721768803
35	956.128011729233	-0.1344180844080992	12.61466721768803

36	706.781360162173	1.0905044778427277	13.629098701794
36	646.2783305986187	1.4888145485400874	13.627855315540915
36	822.9438130833186	0.8239012312800024	18.32604345008276
36	860.9423839821808	0.9024564406882126	12.069001751707475
36	733.456057701946	0.6117761651160081	12.654625381364184
36	979.1990632091279	0.3848032643517977	12.654625381364184
36	1301.9697263771127	0.7111445467564899	12.654625381364184
36	614.0910447020316	1.396370381590639	12.654625381364184
36	800.8518122481008	0.235322230113996	12.654625381364184
36	1016.2339920677371	0.35398941864976624	12.654625381364184

37	719.3590769501869	1.3297811068064993	13.34682916534922
37	655.7540808336234	1.382893785656381	13.615000199988469
37	876.6761098912617	1.0003082333409907	11.863204311838713
37	954.9601467402156	0.08685545906845663	11.863204311838713
37	418.14391215005554	1.878294414240401	11.863204311838713
37	609.5820149406794	0.4977827607878286	11.863204311838713
37	557.5553387502075	1.612190388523603	11.863204311838713
37	941.304107365992	1.1790743482621777	11.863204311838713
37	563.4693424770993	0.23358382475747774	11.863204311838713
37	992.9579598834508	1.4971501675342536	11.863204311838713
37	1005.0480232666162	0.4652304910382415	11.863204311838713
37	637.1294185558204	0.28544710446261634	11.863204311838713

38	731.8158226604918	1.3109982613104048	13.638509632073427
38	680.797858220128	1.3741879644850563	14.030630247946272
38	865.4599559432021	1.0221801893105837	18.149907539923024
38	888.2799948755779	0.9116989532416057	12.28167898588644
38	758.405740580544	0.4351071198658434	12.860068055919397
38	1001.9990136681014	0.7101850469247247	12.860068055919397
38	600.6320969808246	0.3201171197123443	12.860068055919397
38	588.5653307901339	0.9338130433854586	12.860068055919397
38	1002.1048566653994	0.1287227375999609	12.860068055919397
38	703.011907140362	0.7241312756290467	12.860068055919397
38	923.4070827276605	0.3811917520351228	12.860068055919397
38	901.6524886024441	0.6223956864944109	12.860068055919397
38	305.01376276872725	1.0448027241675644	12.860068055919397
38	946.990518654288	0.2051632877310871	12.860068055919397
38	740.7712403946551	1.1949794142146615	12.860068055919397
38	1288.934458907783	0.6608799321578409	12.860068055919397

39	744.3521245076236	1.1162773898987368	13.86185531792218
39	686.5044901493951	1.5664003073140844	13.997893159525798
39	880.8179674050705	0.8951821195061183	18.053168296951853
39	903.7195474226784	1.0731194548141034	12.215925492515218
39	768.5016387275587	0.5982778502641276	12.592315299138903
39	816.5237345274728	1.1404219169657401	12.592315299138903
39	308.96320943741216	0.5582444096625294	12.592315299138903
39	703.8576352184051	1.1546955354405464	12.592315299138903
39	878.1360579846732	0.17945166371836824	12.592315299138903
39	355.3736509797201	1.8671685870440484	12.592315299138903
39	659.9655969509352	1.3336633766987318	12.592315299138903

40	765.0518046295183	1.140892730389617	13.747280103841746
40	699.5390405913793	1.5976814405499467	14.222343532062869
40	902.7019776150105	0.8580120483237894	17.804565444977502
40	908.2071660181896	0.961285810747721	12.294477419130041
40	784.1408025255932	0.4788418846125042	13.254473564888881
40	747.8817289270651	1.6363920377209011	13.254473564888881
40	806.9576389641867	1.3405913590296685	13.254473564888881
40	1187.552542762396	1.1174510993346622	13.254473564888881
40	679.3387539451277	0.04195774251368428	13.254473564888881
40	910.9999362814481	0.30788158101876245	13.254473564888881
40	813.4786182638062	-0.15012563847760246	13.254473564888881
40	626.7230217641154	1.551742188223687	13.254473564888881
40	99.41070708638212	-3.254169864406174	13.254473564888881

41	780.3768370942721	1.0496798631039634	13.645302122088257
41	722.1556067563056	1.5386455738526787	14.629663008690144
41	918.1435297568258	0.926948428301754	18.100444633347813
41	922.3220890310497	0.8674696302718905	12.604206492409816
41	792.5888954446485	0.584164614451568	13.059346790852931
41	1096.4080152680115	0.9544818463704366	13.059346790852931
41	1340.7995280726102	0.95772209594292	13.059346790852931
41	589.8799381901036	1.5546354287345132	13.059346790852931
41	1075.0900180614578	0.804646940628163	13.059346790852931
41	1166.3767461512264	0.8731482153533073	13.059346790852931
41	1031.801347874237	0.7048094442394535	13.059346790852931
41	104.31628797178732	1.5359618820917933	13.059346790852931
41	692.6219297398015	0.16710251431660458	13.059346790852931
41	845.5665118723808	0.4107653905078489	13.059346790852931
41	572.8636713782926	0.23737783857321315	13.059346790852931
41	1036.1851753212295	0.46951150450834706	13.059346790852931
41	1369.7742624872978	0.8488777723205683	13.059346790852931
41	993.2986870690478	1.0384523712388325	13.059346790852931

42	791.4166019991841	1.3211250164474846	13.87993431940711
42	729.6867398561365	1.5931752681574003	14.34020231835253
42	943.6682611747992	0.9781937543185799	12.636087888262553
42	814.3435865359914	0.3646600899272382	13.324665178423675
42	928.0778590939077	0.7337157728794047	13.324665178423675
42	1266.615871223176	1.0018412490068744	13.324665178423675
42	1104.8952492720769	0.495862040264741	13.324665178423675
42	392.9241527481329	0.7300137372370443	13.324665178423675
42	936.2644863762689	-0.0030355267754709966	13.324665178423675
42	799.8569058577079	0.1515417279737839	13.324665178423675
42	1059.7922975128795	0.5923652621803827	13.324665178423675
42	995.9654962385939	0.861081446366508	13.324665178423675

43	804.9077361167335	1.1416442882795925	14.076339687012991
43	744.4933429326591	1.3967197637457807	14.85816600481925
43	955.0590593724161	0.7999478784095642	18.48244687083338
43	947.9292572463472	0.9445941516765253	12.78985785899872
43	1122.9454513611997	1.2586281897951193	12.78985785899872
43	906.162776627889	0.9674203614772218	12.78985785899872
43	994.7316052890416	1.194957243184428	12.78985785899872
43	1172.2086857240727	0.8172759214183866	12.78985785899872

44	817.9182771719175	1.0596510424984016	14.058617496544567
44	757.63337469691	1.620791909841873	14.792520579354106
44	974.6267398400944	1.125859173659446	17.697890941548074
44	963.7533962603144	1.0580928413347694	12.274270894497581
44	841.7439727226005	0.31952538056094815	12.876214487786955
44	336.8674074758651	1.6469095465273587	12.876214487786955
44	968.1419066358063	0.5794878251108824	12.876214487786955
44	1020.483155160454	0.8715924956748459	12.876214487786955
44	227.83130843635647	2.2955428394445945	12.876214487786955
44	529.626940522674	-0.12569867379637986	12.876214487786955
44	1111.553691817539	0.9228660622042273	12.876214487786955
44	884.3438266250242	1.048198890227939	12.876214487786955
44	1228.3762317812168	1.001198569574935	12.876214487786955
44	766.4174329275239	1.374414985456721	12.876214487786955

45	834.1979131226533	1.1852125505583275	13.626764252717496
45	775.7276017563148	1.5248837800392767	14.588523696714281
45	987.8980073501092	0.9193050911950691	17.89466007345278
45	971.8377493946556	1.048044328830652	12.84822669007973
45	847.9977999146428	0.4323277910404045	13.076186581886727
45	939.7555350739115	1.2603043994468597	13.076186581886727
45	619.4382705795064	1.0370592805296843	13.076186581886727
45	871.051679098469	0.6134756087247122	13.076186581886727
45	1111.646283903131	1.420714810932344	13.076186581886727
45	475.97444803696044	0.7104189561226819	13.076186581886727
45	1011.2677208927892	-0.05987407894416863	13.076186581886727
45	647.7127443676367	0.22558464052220226	13.076186581886727
45	882.6537288205574	0.6904144537724197	13.076186581886727
45	655.2759011156788	0.07087910055665148	13.076186581886727
45	1227.8230677124134	0.928226012814119	13.076186581886727
45	597.1627669446827	1.492135068779734	13.076186581886727
45	209.88386522741678	2.8051867570568843	13.076186581886727
45	939.3944838461451	1.6998651350873717	13.076186581886727

46	844.4997716209139	1.2668273734586786	13.927758703569456
46	788.81033502469	1.4678874283030903	15.12325396109209
46	1008.3708890831525	0.9187197858576254	17.519174429656594
46	987.70257656512	1.1218139020000082	12.579310892035803
46	860.8383554013851	0.3343696544532979	13.677728712419736
46	1332.7907393651794	0.9097806928233616	13.677728712419736
46	927.0371126205755	0.19649372440852214	13.677728712419736
46	700.1929311158115	0.4452992878777616	13.677728712419736
46	1040.0095580116517	1.3357356431071161	13.677728712419736
46	954.8861807642444	0.5679163876701421	13.677728712419736
46	393.04435277447203	2.2414847577850976	13.677728712419736

47	864.7286250576786	1.139788667456141	14.27715113015235
47	808.1090172509414	1.5543936512281384	15.368396676561398
47	1025.1803098872547	1.1231732325381663	18.145466389913476
47	998.3253321340524	1.0670279097577908	12.795013791301788
47	968.4799176230257	0.11449897909499368	12.795013791301788
47	526.3279809584243	-0.004576950564535179	12.795013791301788
47	272.66124669034195	1.9048971938853108	12.795013791301788
47	384.2130426759491	1.3222888222125584	12.795013791301788
47	630.3133070643673	0.5711446311188562	12.795013791301788
47	666.6058553767314	1.470351225078131	12.795013791301788
47	978.9539812388198	1.6177602655523597	12.795013791301788
47	727.9581263743042	0.12986112732434607	12.795013791301788

48	867.5855481608388	1.1847438690364636	14.339077704620546
48	822.6442090912342	1.4610766181238728	15.069904674477414
48	1044.6717092097924	0.9992875195268307	17.764475307324478
48	1012.8038839868179	1.0672192520757902	12.847497208738439
48	887.9369341661198	0.3306286599039089	13.72013346024661
48	558.7645387821244	1.008811726525605	13.72013346024661
48	172.2654817387969	-2.6990047059567535	13.72013346024661
48	235.22123719193345	0.6970726392214098	13.72013346024661
48	320.05553397162333	0.5115127824060046	13.72013346024661
48	1190.628744276829	0.7031634370892116	13.72013346024661
48	74.24604524614479	-0.6957428753224197	13.72013346024661
48	934.4143885793661	0.8057153967148807	13.72013346024661
48	1088.5425865826749	1.3396238804280018	13.72013346024661
48	1118.3927086392905	0.4687164090338321	13.72013346024661
48	83.15807408087657	0.7367605468389187	13.72013346024661
48	1002.2842920031512	1.5331688489780544	13.72013346024661

49	888.7577875371703	1.4870087952603919	14.41811984265133
49	834.7900982532452	1.5825839211174646	15.409486363761934
49	1065.062138318131	1.1655706497352838	18.264429835393557
49	1025.9316110026102	1.16833480721506	12.926875003641873
49	903.8765335884077	0.45349948990898203	13.57089679800783
49	1278.8892237015498	0.8526970086318038	13.57089679800783
49	965.9920826884204	1.8628379648735134	13.57089679800783
49	512.0078916438783	0.3340628066682021	13.57089679800783
49	782.82598393503	1.318004411136223	13.57089679800783
49	1186.0814736910343	0.8705253550861735	13.57089679800783
49	7.414554019180917	-2.335923476069787	13.57089679800783
49	845.802358043487	0.08485491795603697	13.57089679800783
49	555.5120880056265	1.3392768944499829	13.57089679800783
49	1045.808152101924	0.844212248733937	13.57089679800783
49	591.5524646496722	0.24194450297948547	13.57089679800783
49	909.2146356350147	0.41081912794525577	13.57089679800783
49	930.1212093244394	1.0436689543764366	13.57089679800783
49	545.9369349093593	0.6341701793724432	13.57089679800783

