scan	range	bearing	velocity
0	318.9079029567803	0.2801657236193097	4.704717219137909
0	461.76049522694086	0.4764295077103914	-6.401761501602781
0	177.1873555579583	0.9622696453084807	17.88227845366475
0	538.9706348344448	0.3046867726442452	4.202294284760591
0	394.02661393924376	1.3264109394170702	3.1738193331094107
0	890.1975757201479	0.9277826149001638	3.1738193331094107
0	485.7234211908085	0.21221030439684585	3.1738193331094107
0	720.843859312906	1.6323335195308422	3.1738193331094107
0	685.9052542331023	1.4099699531275167	3.1738193331094107
0	861.3304210830637	1.5266375161598882	3.1738193331094107
0	1116.6062540425376	0.699216290006689	3.1738193331094107
0	203.49676378273577	0.5269840244062486	3.1738193331094107
0	205.98644507105848	-0.10579392905110005	3.1738193331094107

1	318.66875827693883	0.5334808463924371	5.186266742614713
1	456.88855270213605	0.282908003136875	-5.884982507746192
1	198.92143548173178	0.7313026442200208	18.031053884009285
1	544.5235340314202	0.20808535288127894	4.592742775600946
1	404.50021371657516	1.4442045366528264	4.012989321520975
1	919.7059891548628	0.7521666542966039	4.012989321520975
1	1010.4119895945272	0.4283081115667729	4.012989321520975
1	425.00338897417913	0.5468278542020445	4.012989321520975
1	970.0765370145489	1.4494983055049464	4.012989321520975
1	960.6978731790156	0.7550874240769581	4.012989321520975
1	995.0777009398554	1.6222761894106403	4.012989321520975
1	628.9523712376885	1.9251882041556316	4.012989321520975
1	447.39940189867275	1.36662988865431	4.012989321520975
1	822.9620547578168	1.0384552625906	4.012989321520975
1	722.5317414075676	-0.10189022757856536	4.012989321520975
1	937.8568866219626	1.2255978115221096	4.012989321520975
1	811.8077740133602	1.938182588712864	4.012989321520975
1	1034.955739888402	1.6725464842447293	4.012989321520975

2	329.1807563487406	0.6061577693789966	6.311964575558616
2	450.71448636029425	0.34434289119603007	-5.0959884535893885
2	219.8322096513129	1.0973826554437982	17.80110635079401
2	547.8612699057317	0.2823745600165394	5.1186858500380925
2	397.8059717895371	1.2868923543297106	4.242274731133024
2	994.9884643815105	0.5186701703981029	4.242274731133024
2	835.7027576792144	0.7313250072609048	4.242274731133024
2	290.5142744804191	1.626637672770096	4.242274731133024
2	999.5191330409933	0.7990533720030347	4.242274731133024
2	1185.2141767393568	0.889942673912722	4.242274731133024
2	658.9177329446647	1.7851143620199812	4.242274731133024
2	1059.6976793415906	1.2200486895510914	4.242274731133024
2	935.9483406113677	0.3353906894243022	4.242274731133024

3	333.86280032274806	0.4505661286380656	6.517681785856221
3	448.26635158413467	0.4112922443551822	-4.720004140200105
3	236.31241183187254	1.1009509127102883	17.713237002052292
3	555.0334344790924	0.26967461185987895	5.426085162062023
3	409.77582414046526	1.2143111327978158	4.7279228830964035
3	912.5350463745921	1.2135284829879005	4.7279228830964035
3	1050.743214435685	0.975835878222515	4.7279228830964035
3	775.2431272850134	0.46959065438908865	4.7279228830964035
3	497.83448343140856	0.7718448456981107	4.7279228830964035
3	970.8152569347577	1.5576257915032008	4.7279228830964035
3	461.2378087164929	0.07117107927710906	4.7279228830964035
3	1173.2483826829753	0.7443434248592811	4.7279228830964035
3	404.9946356455883	1.0886798604658547	4.7279228830964035

4	335.06178667136817	0.4329155418082186	6.851849431789658
4	441.193757887953	0.4200223850710988	-3.8570135712806826
4	252.66850325493152	1.1235724313415651	17.780663454104324
4	557.7809904580508	0.3060294048725955	5.85648331095589
4	413.5234319490782	1.169531372126611	5.156704018070779
4	713.5230936410416	1.0534393416541503	5.156704018070779
4	1006.6447474393325	-0.019067051046571668	5.156704018070779
4	965.8600455267156	1.3270205592927584	5.156704018070779
4	644.1364677144062	0.24958187845075702	5.156704018070779
4	1112.228719489539	0.6168930409855912	5.156704018070779
4	1172.5922529263858	1.1271822035312091	5.156704018070779
4	802.7108015482611	1.7848379759192565	5.156704018070779
4	691.0445689313453	-0.030117578055393515	5.156704018070779
4	1253.145484919337	1.1698358509050002	5.156704018070779
4	963.1726893315694	1.6794656052339196	5.156704018070779
4	1171.4506970761245	0.9108412414924927	5.156704018070779
4	463.35322867205804	1.950970187999395	5.156704018070779

5	349.19223801402853	0.47167220637922386	7.598559822485149
5	434.6199356386079	0.4353503514848447	-3.1517229448419224
5	273.4622117522844	0.91683038013397	18.084940104475027
5	562.3856935376982	0.4246284016137899	5.957174589363028
5	419.22585696325694	1.1383534828893294	5.58866928467279
5	127.94676757561815	1.0552045774974803	5.58866928467279
5	249.82184109626414	1.9427860638049792	5.58866928467279
5	688.2060188079779	1.1400486485505263	5.58866928467279
5	1146.3667594817648	1.1472531908941455	5.58866928467279
5	230.63022544311275	2.6129339498835162	5.58866928467279
5	876.9759903232742	0.1622565150135191	5.58866928467279
5	731.2941637311583	1.474588912645079	5.58866928467279
5	917.1208500269792	0.6136498330587788	5.58866928467279
5	1052.4354726165889	1.3823298795788173	5.58866928467279
5	1322.7898735273457	0.6837643654428864	5.58866928467279
5	970.641104758066	1.3099317632799032	5.58866928467279
5	350.9602826035476	1.7152425935101352	5.58866928467279
5	1365.1876209684615	0.7388170146940443	5.58866928467279

6	356.70343243314704	0.7375678043268136	8.04885661454321
6	432.99451706828955	0.5253872352867994	-2.563431599348064
6	290.15320119291937	1.0613046164592528	17.8612656969692
6	570.358713601437	0.48982529979767764	6.337319969333784
6	419.72115585644536	1.0566901000038182	6.052330816825843
6	508.6167826951679	0.16457992730839793	6.052330816825843
6	659.5140663254923	0.18474079585538491	6.052330816825843
6	1033.7062139314744	0.3930788024596758	6.052330816825843
6	702.785008172907	0.5385083122425781	6.052330816825843
6	196.61684537883656	1.5007860946421807	6.052330816825843
6	765.8998485594942	0.9072184322930976	6.052330816825843
6	423.58511641567515	0.03878600880694269	6.052330816825843
6	570.1756106621596	2.0279830819567937	6.052330816825843
6	760.7764264741459	-0.12516973466841272	6.052330816825843
6	646.71227892375	0.10692654984036246	6.052330816825843
6	726.9231805382259	1.52723804512623	6.052330816825843
6	947.8147657328611	0.9116173972721412	6.052330816825843

7	365.889701666195	0.6360999962110784	8.287125954001615
7	432.61339919205074	0.4966209913372841	-1.660834165694594
7	309.75028231033986	0.9947665678016281	18.3155392688198
7	577.3544230950457	0.4670341496596467	6.46087061149539
7	430.3972717597247	1.099379368090996	6.673426670309084
7	1290.9445739151706	0.9572230842146116	6.673426670309084
7	728.0151737509939	1.2658994018278489	6.673426670309084
7	649.3264806267222	0.677244331234804	6.673426670309084
7	257.11467602661116	2.225171745291661	6.673426670309084
7	1235.9972780478256	0.8114027445267648	6.673426670309084
7	890.7342097694572	1.2066584925819732	6.673426670309084
7	43.27879852491989	2.241102454932557	6.673426670309084
7	745.1840087824835	0.5646190128797166	6.673426670309084
7	227.9327419951911	1.2928074242875283	6.673426670309084
7	863.2675523855361	1.3497403771038339	6.673426670309084
7	551.5189064866936	0.11179312743645867	6.673426670309084
7	483.02634362113923	0.465008911138754	6.673426670309084

8	434.742321408269	0.5849969687449402	-0.84171136444499
8	322.06055016282477	0.7628440484941114	17.978375932132597
8	583.1769635159291	0.5828791764849656	6.811373603064908
8	436.50414074982314	1.0372199124216337	6.584730422664932
8	680.088329431107	0.502834898476898	6.584730422664932
8	115.41494043431783	0.5044708275349544	6.584730422664932
8	366.85837469562847	0.15412372767872434	6.584730422664932
8	1267.8848479506382	0.7139948142663982	6.584730422664932
8	541.6345398878349	0.8687880377552485	6.584730422664932
8	430.268961714136	0.6108914215456107	6.584730422664932
8	645.3211496769467	1.9775645221711609	6.584730422664932
8	631.3303961482821	0.2816361073092817	6.584730422664932
8	1150.0272326948996	0.604277737017087	6.584730422664932
8	757.2580478271436	0.8113724048312756	6.584730422664932
8	412.82219526778067	1.92082753210265	6.584730422664932

9	381.3313394288616	0.6754187041757008	9.456847424823486
9	425.6843923088772	0.5113516988181231	-0.2707800920716756
9	345.6913106656225	1.1201087851456486	18.049618879761717
9	589.9163108105391	0.6307412527248764	7.491254372213728
9	441.49859930997536	1.25181287002334	7.045008629565213
9	583.0968455758814	0.7432942513975267	7.045008629565213
9	262.7176631703536	2.7572841840150173	7.045008629565213
9	715.1953606214383	-0.0481852016351641	7.045008629565213
9	903.3304695088631	1.377966556664139	7.045008629565213
9	361.3971962742465	1.488734149674562	7.045008629565213
9	286.5210462657149	0.5305409966450843	7.045008629565213
9	683.7644852362338	1.2752637804839608	7.045008629565213
9	890.2475913113549	-0.007907568210522973	7.045008629565213
9	1223.3807722191793	0.7567139919938694	7.045008629565213
9	644.1432585107757	1.5924654066181567	7.045008629565213
9	1343.388531276567	0.8171456287021487	7.045008629565213

10	431.2437899555112	0.5086824446583897	0.5624118440719267
10	356.0251076561147	0.9094501218009607	18.456619520563102
10	602.1009406560457	0.31042367828693757	7.659780034619682
10	454.79859263317934	0.9458212150675734	7.747963922478359
10	359.1539004193329	-0.19815565947783415	7.747963922478359
10	1136.402194070338	0.7392289615189702	7.747963922478359
10	1062.1494451011868	0.5474367236431125	7.747963922478359
10	1066.1070995005766	0.45011956829068034	7.747963922478359
10	613.7503875063752	0.29479811785636384	7.747963922478359
10	961.1254930385596	0.3980878337827653	7.747963922478359
10	1051.3550287911007	1.2367611072130353	7.747963922478359
10	136.88360538806032	-2.317322279328288	7.747963922478359
10	1250.1370898688065	0.5734769404976432	7.747963922478359
10	575.3597097334571	0.18249788972119413	7.747963922478359
10	667.4589100420228	1.2947903423994283	7.747963922478359
10	137.6591315626239	2.762557904378158	7.747963922478359
10	697.7450312949837	1.7222086685901505	7.747963922478359

11	378.0276218457117	1.1818241795287365	17.730094500407706
11	604.8043995825258	0.5360731399340136	7.800684852399762
11	451.4459419099812	1.122914620165222	8.364247417664346
11	439.11785239691125	0.334457188296512	8.364247417664346
11	1088.798614351699	1.160328586138211	8.364247417664346
11	899.7074631173317	0.2053561950236259	8.364247417664346
11	932.6044351478168	0.4861385588879388	8.364247417664346
11	1271.73303103801	1.0061520454212678	8.364247417664346
11	823.2868431450725	-0.22859017214260038	8.364247417664346
11	955.8868741406911	0.6625639356440312	8.364247417664346
11	491.87905770540806	0.877237064164226	8.364247417664346
11	836.8207692341521	0.5791200772224432	8.364247417664346
11	657.0453787598286	1.2144664099677664	8.364247417664346
11	179.11089159684323	0.14334961656798506	8.364247417664346

12	406.4114091943009	0.7521711208152909	10.380221231235755
12	433.8931265095756	0.817197063591335	2.0848504026690273
12	395.51069552887174	0.879278623798668	17.832504905094872
12	616.975173250298	0.6280551541524556	7.9568787686825635
12	464.76235559452266	1.0288762639222049	8.267020329038958
12	429.73600646835337	1.1986416840598317	8.267020329038958
12	725.505205523835	1.5305726672267777	8.267020329038958
12	822.875230336906	1.4277691769855556	8.267020329038958
12	577.1360478244318	0.5121101302213393	8.267020329038958
12	372.29871209721733	2.122994173754709	8.267020329038958
12	810.9714113458156	1.5668002510104226	8.267020329038958
12	722.9360646513301	0.6177130101735073	8.267020329038958

13	417.14436462419405	0.6417863318760424	10.386431570306021
13	440.29272375344345	0.6860732172724492	2.4945267659751265
13	415.12840882851407	1.0486583073665026	18.202117685043117
13	621.1738895622415	0.6471807362664002	8.369699841121612
13	482.6683190232819	1.0267216944434423	8.669029138432126
13	978.5682173176523	0.9206144189127915	8.669029138432126
13	1173.3686622504672	1.2941242076243065	8.669029138432126
13	984.961624702259	0.9554824408759888	8.669029138432126
13	1135.3724385485154	0.45872972806559753	8.669029138432126
13	391.73600400956735	1.532853090256372	8.669029138432126
13	520.9222871314769	1.8807389095647489	8.669029138432126
13	1162.8925091669616	0.8711751418668453	8.669029138432126
13	1456.8455399953343	0.9436338548739496	8.669029138432126
13	917.100314580941	0.012850568917580543	8.669029138432126

14	424.3672949305197	0.9028023096032379	10.79073106458449
14	438.2655685320944	0.913217547237279	3.4640814274289946
14	437.5200544743329	0.8427129400862512	18.342419089229733
14	631.3021461565759	0.6856077127458983	8.389677618427614
14	479.2752948089759	0.938378969112104	8.964276145446442
14	1008.4019726274263	1.097606484110924	8.964276145446442
14	317.6148032647125	1.5620099713144766	8.964276145446442
14	1119.6305865430238	1.143142707546577	8.964276145446442
14	813.7378492788234	1.4775667728060518	8.964276145446442
14	750.0882054383827	0.7406170820272647	8.964276145446442
14	542.7422073146787	0.46460884821336446	8.964276145446442
14	494.8830381146655	0.2854769560484802	8.964276145446442
14	1345.7556008726208	0.8425424212515872	8.964276145446442

15	447.959871372205	0.7911404143786137	11.1758324705812
15	439.86460107837615	0.8445085965123724	4.3434365625892974
15	453.5757670742843	0.8634217146258151	18.03656489427344
15	638.4389255252999	0.5107407775428714	8.36786082195028
15	492.71617555749873	0.8823676883868137	9.276705212323902
15	781.3245552186784	0.6132660816722253	9.276705212323902
15	760.6819750734298	0.6778034200264065	9.276705212323902
15	1081.5275659146805	1.1636053266286617	9.276705212323902
15	617.6881744634724	0.4735627108311939	9.276705212323902
15	1190.659926658999	0.8884670589075142	9.276705212323902
15	914.9248173221987	1.3255148797980723	9.276705212323902
15	209.44834117607115	1.4616587287786247	9.276705212323902
15	1110.7438437641215	1.165437481853377	9.276705212323902
15	746.2587852424781	1.4079998176250275	9.276705212323902
15	912.2680618978119	1.1172315733012983	9.276705212323902
15	567.2027129965059	0.5836345820416865	9.276705212323902

16	457.4887264022606	0.867058406100484	11.016568603757918
16	446.4476176915072	0.8869129024579946	5.323492676932247
16	466.63883277229195	1.0200703535055218	18.028630171872344
16	646.9845548969276	0.5945645245156618	9.045456570792226
16	501.81569225081864	0.8490298870824303	9.056913489095624
16	1150.624287287735	0.6919833601481763	9.056913489095624
16	642.2894711911696	0.9576294838890931	9.056913489095624
16	1060.941369814909	0.7592389322921332	9.056913489095624
16	690.6434866782128	1.464865392803269	9.056913489095624
16	613.1957242664096	-0.1349684978384226	9.056913489095624
16	526.5720601222938	1.5310688294660706	9.056913489095624
16	964.153365942426	0.011232544077410594	9.056913489095624
16	1014.7094536465908	0.7909471870687506	9.056913489095624
16	425.2921901071096	1.7261509771832302	9.056913489095624

17	463.94973667894203	0.8545917167364175	11.532877078858172
17	449.6760040144604	0.8671817929571675	5.156210849814865
17	484.3064919165179	1.0041253774847825	18.001604579897837
17	657.6235157614392	0.7829658907986012	9.121949929585094
17	515.3300245342988	0.6962501303015992	9.902933485279771
17	914.6207291337556	1.5410350763702076	9.902933485279771
17	1297.8074646187365	1.0329723272952978	9.902933485279771
17	705.2035558628844	0.19705091824431734	9.902933485279771
17	243.80162105023285	1.3945431910489698	9.902933485279771
17	385.22150646219376	1.6501451369450482	9.902933485279771
17	1170.5541833135228	1.0058240630882573	9.902933485279771
17	778.3167962527559	1.8716512486445482	9.902933485279771

18	473.8155019623553	0.9129016781684276	11.7172275934882
18	457.32211123944853	0.9496887431379624	6.228760326058201
18	500.97709239950836	1.225194765334883	18.073047611079172
18	665.1037956089325	0.6420577434296043	9.542710374074996
18	520.5155939473921	0.8007366814822084	10.123022829011077
18	697.931718935764	1.7745657835973323	10.123022829011077
18	134.92767927883745	0.3693237175964631	10.123022829011077
18	388.8639403211615	1.1719004767065286	10.123022829011077
18	876.8169394088134	1.1631701624931723	10.123022829011077
18	705.6093984735605	0.8194742565846551	10.123022829011077
18	897.7225328731935	0.7434684193638476	10.123022829011077
18	372.49430740326085	0.208039729329395	10.123022829011077

19	482.65097439962176	0.9799777578234916	12.02957386403674
19	468.2235373252441	1.0237901752760064	6.98405212231431
19	523.1333766680906	0.9341602174872952	17.912182286225306
19	677.2590316122172	0.6095298925084678	9.49980673122365
19	533.7646638324936	0.7814324414145363	10.289530581931336
19	838.671909262266	0.2786706395098003	10.289530581931336
19	481.7163251809932	-0.32712628696819257	10.289530581931336
19	375.7807183551528	-0.14314462389492771	10.289530581931336
19	1081.4428564939262	0.948125651879436	10.289530581931336
19	819.5347935686317	1.8098627076484837	10.289530581931336
19	576.9845278138367	1.5853134390533627	10.289530581931336
19	317.82093373689395	2.2551785210640816	10.289530581931336

20	501.24043217582243	0.8245959804288183	11.96142886587183
20	469.7899238596244	1.0777292728148824	7.1851072226096635
20	539.5684529890067	1.1158505388459987	18.15280230465994
20	683.6413392064873	0.5987930576476908	9.782363662765913
20	538.6228245689592	0.8226842959500672	10.43027885771839
20	707.9439318521241	0.5081044230272721	10.43027885771839
20	491.44892715879814	0.7995485488703793	10.43027885771839
20	950.7577867040604	0.7504068913957381	10.43027885771839
20	993.125402746533	1.3430232918678227	10.43027885771839
20	806.0446249496239	0.3877570284178399	10.43027885771839
20	467.6201472654343	0.8322654521537339	10.43027885771839
20	646.0289963143301	1.7575186102505072	10.43027885771839
20	709.9769047716871	0.6220751926777298	10.43027885771839

21	512.1662023013529	0.9732539270518628	12.656916100823317
21	475.0167743083061	1.0713993960283077	7.79442033192984
21	558.9938670406843	1.0712649024410759	18.33522585178197
21	694.8758637018185	0.7748643560810902	10.17410232735025
21	551.4451770256425	0.7851982353214021	10.509852191665415
21	651.6766291989422	1.0680921342732264	10.509852191665415
21	810.6499091248479	0.9771938710203796	10.509852191665415
21	1253.9794361011361	0.7158501401274029	10.509852191665415
21	607.3234538834987	1.1107394293710253	10.509852191665415

22	528.3073396554777	0.8148520159386794	12.310511851973903
22	484.7998204662885	1.1972319080454015	8.772576429529341
22	573.779434640752	1.0122490499774726	18.220714838094874
22	705.0196609478252	0.6352826123897711	10.166125416985157
22	563.0340718047155	0.6087619639137662	10.526977368733629
22	719.0639774924392	0.9160012472614416	10.526977368733629
22	879.3715182950896	1.5955599961400673	10.526977368733629
22	773.8431046004504	1.4572684621995426	10.526977368733629
22	824.6808513473826	0.8526713538534538	10.526977368733629
22	952.9260899060654	0.9538097595446333	10.526977368733629
22	789.3291588964054	1.6242113364155677	10.526977368733629
22	850.2194530748982	0.37174544660284214	10.526977368733629
22	907.8551392313788	1.0496810094842226	10.526977368733629

23	533.5008393894234	0.9357628474428648	12.608222878653796
23	495.57874758741684	1.1342168336984064	9.120459096323986
23	587.6584972550182	1.0284813292981598	18.081619345958877
23	715.3880336745831	0.6382630618249052	10.273879344835677
23	576.1484865967022	0.7157006674354038	11.251772303247606
23	895.9745755704364	0.9111559328637425	11.251772303247606
23	141.12851830376883	0.9524306439880126	11.251772303247606
23	966.6096071731132	1.4261524624068518	11.251772303247606
23	733.8256090785903	0.36592024800536843	11.251772303247606

24	506.84512629769057	1.2436882533237872	9.337113404759277
24	608.344650054595	0.8772668287364288	18.142008939554934
24	726.5479074667313	0.6906741493518045	10.466546417336067
24	585.066349837006	0.5829309198699413	10.97329950738549
24	740.8934077383416	0.6717221379318512	10.97329950738549
24	1155.1303944514489	0.6727112203881199	10.97329950738549
24	1040.5005976022858	0.38172935771747785	10.97329950738549
24	981.4912969913511	1.701917423030604	10.97329950738549
24	585.6214216015885	1.6662944435982932	10.97329950738549
24	737.4495244371163	-0.09705156432448274	10.97329950738549
24	312.73668331374813	0.014241486548646012	10.97329950738549
24	894.3757892062359	0.5521243944092931	10.97329950738549
24	547.2473400252371	1.8280752002309706	10.97329950738549
24	1084.2955822726306	1.2648629835554428	10.97329950738549
24	222.18488151395894	0.017712260254141063	10.97329950738549
24	905.8100401578331	1.232775668239364	10.97329950738549

25	562.1158997364277	1.1163379026353446	12.676495745933059
25	515.9009061067927	1.0840293758302888	9.839408659238225
25	630.3873200270559	0.9294780251871589	17.936348254802226
25	745.896906266772	0.8251169098587855	10.690314328546018
25	591.8994341482821	0.7037241160977069	11.286635618026297
25	691.150504536576	1.6614160299557343	11.286635618026297
25	499.0218573470589	0.17537877733309948	11.286635618026297
25	636.2846900245322	0.5940724278792349	11.286635618026297
25	782.5040918177883	1.4311517965319838	11.286635618026297
25	235.60977649504554	1.9397154653015463	11.286635618026297
25	526.6100071493762	0.9721416365598294	11.286635618026297
25	654.4642498066338	1.6062146894253462	11.286635618026297
25	965.2128370884808	1.9059820503837819	11.286635618026297
25	459.74024890251894	-0.10195227747516823	11.286635618026297
25	813.4217830993932	0.3806332854903644	11.286635618026297
25	143.89165667017443	2.5907345948965883	11.286635618026297
25	489.08891954329425	0.3399646417209051	11.286635618026297
25	944.557227312174	0.765666051212131	11.286635618026297
25	600.9527525657415	1.8532184754802388	11.286635618026297
25	788.1025257109776	1.4169351114888638	11.286635618026297

26	568.4899738211857	0.927115689234997	12.773331684508802
26	526.7443413713245	1.3731762757215997	10.811411276622993
26	642.151173795043	0.8972071359505316	17.98061518437779
26	750.2072372244762	0.8425448001807337	11.129977680432926
26	608.7528997833036	0.5850620532472789	11.771578760064253
26	605.0705383880153	0.7622202737098291	11.771578760064253
26	818.576101824434	0.3486800321048827	11.771578760064253
26	888.4798804150881	1.7153979614486312	11.771578760064253
26	1240.9491336711626	0.673214144290083	11.771578760064253
26	1045.3012446076875	0.12574317295726678	11.771578760064253
26	435.9768812921577	1.9251476071941689	11.771578760064253
26	419.6338125182707	1.8806794289925386	11.771578760064253
26	804.6538495701119	0.5412725889852132	11.771578760064253
26	1061.322342731032	0.1258400657219141	11.771578760064253
26	1064.541835786453	0.5846558443454616	11.771578760064253
26	993.7938245368206	0.4385942427550631	11.771578760064253
26	505.99276343224415	0.8208651246406521	11.771578760064253
26	1100.07935819126	0.8303998293769536	11.771578760064253
26	1158.8550934405064	0.8515584269489881	11.771578760064253
26	563.3215945867031	0.7478256420652689	11.771578760064253
26	979.3220868508052	0.9092813591986864	11.771578760064253

27	586.636008478368	1.0716256068991936	12.989119428776064
27	534.0254394454231	1.1380021481743212	10.482495216667349
27	670.245535562587	0.9961863026631042	17.59747733911151
27	760.3923413537337	0.9100373835475297	10.805375952066482
27	620.3247073030359	0.6360704335000905	11.413497039399086
27	124.34845299818113	-3.1141565016841692	11.413497039399086
27	232.28696364921674	-3.0037924187228313	11.413497039399086
27	816.8212778391954	1.5240647882116864	11.413497039399086
27	1138.8143416357693	0.7036122525136314	11.413497039399086
27	475.0709969303405	1.4742572414801938	11.413497039399086
27	1067.0538955731595	1.4274412366368814	11.413497039399086
27	749.233113583697	0.43919438710199804	11.413497039399086
27	926.2206041332663	1.1077676432904293	11.413497039399086

28	597.3496694787115	0.9472927057008739	13.205067570967811
28	544.6021061162784	1.2721410720135684	11.222945798144094
28	687.2408386903305	0.9234956361696869	17.793997091102472
28	775.9521154509096	0.8814391485054003	11.212640213365137
28	632.8795248482312	0.6348104887930627	11.6680294766711
28	1314.1591869498707	0.8279389273721894	11.6680294766711
28	568.457032400079	1.7276741451094162	11.6680294766711
28	560.2136265859673	1.3318349293814806	11.6680294766711
28	935.0835376936276	1.1644130974586449	11.6680294766711

29	612.2269246205574	1.0166149602001566	13.138175459539877
29	563.4037789561341	1.3299840534091545	11.87391183466317
29	701.3768079431803	0.8422685467118656	18.147338018164515
29	785.141683697162	0.8475800043296882	10.89425721254929
29	645.5329872083183	0.7189745275110537	12.02945161828146
29	953.9737492016836	1.4101994952587582	12.02945161828146
29	947.6283144366776	0.5958899403314629	12.02945161828146
29	192.31815769565156	-0.6507761699697038	12.02945161828146
29	436.0105192917127	0.8567043283889537	12.02945161828146
29	468.3924262908313	1.823462260589845	12.02945161828146
29	255.82364001613465	0.5069439852224602	12.02945161828146
29	568.7173768062769	-0.18321222168362553	12.02945161828146
29	136.82165183098763	1.332705421664893	12.02945161828146
29	1239.8120441757042	0.9385336275030751	12.02945161828146
29	143.35745610355153	0.34154548885272445	12.02945161828146
29	944.642645142344	1.367699198628146	12.02945161828146

30	628.2780687325582	1.0878775517980552	13.257763204765876
30	575.6995545565045	1.4745565691987852	11.898039587286544
30	720.6809942316157	0.9164596232801836	18.06355488483619
30	795.4089003913599	0.8459959905554075	11.244476863135777
30	655.5648587770053	0.6160471681212141	11.890230546812836
30	1019.3915211780344	0.2802335500604224	11.890230546812836
30	899.0231881487192	0.8762846894549102	11.890230546812836
30	695.511862027955	0.9354282119277165	11.890230546812836
30	983.9326417725268	0.33312097161097465	11.890230546812836
30	725.0050769138443	0.26776243133081906	11.890230546812836
30	1068.1201924208578	0.4266667662825982	11.890230546812836
30	904.427974322657	1.0959763637855673	11.890230546812836
30	572.7532392934606	0.5422272658793861	11.890230546812836
30	364.9583351003459	2.37903897682967	11.890230546812836
30	1334.5495121942943	0.766358458983752	11.890230546812836
30	1103.838017024124	1.7803774563570456	11.890230546812836
30	705.4684300928006	1.5829550576449427	11.890230546812836
30	377.7100129123868	0.3599829454791282	11.890230546812836

31	643.5137191257289	1.1002799469187663	13.558451315159628
31	578.2995975401326	1.396861323917928	12.049141884817235
31	736.170305200932	0.9393986520334466	18.05072975400904
31	810.9828266675321	0.7245652504568214	11.450512250568428
31	674.622612313894	0.6296201395920659	12.2878631289694
31	1030.9709514800434	1.0703538858320634	12.2878631289694
31	600.5867452632581	-0.08626241137659728	12.2878631289694
31	994.3687577800487	0.9331042258376837	12.2878631289694
31	231.09294684497655	3.0633387865314643	12.2878631289694
31	532.8632826412122	0.4461343790170719	12.2878631289694
31	739.4914066252511	0.29524677426949997	12.2878631289694

32	654.1088402999715	1.2021778563211636	13.10948042088179
32	600.6824371411327	1.4170049872446975	12.446047788161625
32	750.6320724259666	0.9100324553451077	18.127002976067818
32	813.4905605997668	0.9103513472697297	11.814266309532664
32	681.8767603114396	0.6973768588229539	11.946577802829978
32	925.9486822733687	1.112967017511512	11.946577802829978
32	503.24351317939784	0.26711488933930533	11.946577802829978
32	1030.6720049492603	1.6181987185402553	11.946577802829978
32	617.2812005519405	0.08648795190696407	11.946577802829978
32	118.02967443557847	0.9736820566487278	11.946577802829978
32	1064.63515591187	1.3044903019090033	11.946577802829978
32	923.6999448657873	0.8318094407551508	11.946577802829978
32	1251.7159999293174	0.7559427128926574	11.946577802829978
32	543.5428836264956	1.1454653838304512	11.946577802829978
32	112.7206294435295	-2.846000172586038	11.946577802829978
32	672.6789746401962	0.05529124841767065	11.946577802829978

33	661.0276021382696	1.1602287390902657	13.209014198471325
33	605.1666434383534	1.3083757624780132	12.603136926434395
33	773.9753304711803	0.8700608468046951	17.816309930250398
33	821.3864144159398	0.7928900187569841	11.677247104865387
33	693.8255527613505	0.5658303673348677	12.698060863997233
33	470.31844308583794	1.0654925511987199	12.698060863997233
33	550.5082011526254	1.8112200937728522	12.698060863997233
33	570.0926895514763	1.7068906864162348	12.698060863997233
33	958.5223927607911	1.7381215865712814	12.698060863997233
33	939.7988321460656	0.9556919200404201	12.698060863997233
33	1084.9322920074353	1.4540831633727287	12.698060863997233
33	346.5049930888284	-0.3665687528615894	12.698060863997233
33	467.1290804411158	1.4289547279652384	12.698060863997233
33	994.7735877871397	1.6395324276522147	12.698060863997233

34	681.6328025357302	1.0908207125704448	13.710862034528969
34	622.5910511917212	1.479921091305569	13.198248220687988
34	794.1091182489317	1.0045837744928623	18.19104000259824
34	836.5902901274502	0.9814511300082069	11.597708941964626
34	705.9089204790388	0.446997504817508	12.599136129912853
34	549.4756846991725	1.9623457373202966	12.599136129912853
34	140.07772307894496	0.3418402895229449	12.599136129912853
34	406.30466307470385	1.9155062460518875	12.599136129912853
34	859.7195515970625	0.2593147123033652	12.599136129912853
34	1027.9590326083783	0.5237292919301682	12.599136129912853
34	1202.7068561155988	0.6118010985203673	12.599136129912853
34	1059.1068505319927	0.4853583194278618	12.599136129912853
34	1054.8714474861176	1.329007205280663	12.599136129912853
34	1242.5297331223785	0.9262531704174511	12.599136129912853
34	1261.6254775999028	0.929839931924136	12.599136129912853
34	496.1770921695578	1.2961047827990368	12.599136129912853
34	946.1621876335226	0.3657523881096932	12.599136129912853
34	495.9942173819618	1.129188054694709	12.599136129912853
34	767.5963608948103	1.4206983501412522	12.599136129912853
34	1004.1748512989113	1.1540772592941788	12.599136129912853

35	691.9966223601211	1.097167537773538	13.760543773649966
35	636.3237211641948	1.373708107007853	13.064303538289803
35	811.3421348819568	0.8745071436236467	17.64290478001617
35	853.073189779602	1.0358721536451998	12.14502425080676
35	718.2670482011933	0.5945414446015841	12.546287617783918
35	896.86642143915	0.4043711169743901	12.546287617783918
35	272.99584077839364	0.9840975304240548	12.546287617783918
35	411.1135746960656	1.7322516526845864	12.546287617783918
35	727.0818136984757	1.6158316522240785	12.546287617783918
35	289.5679135002149	0.9702492203075082	12.546287617783918
35	582.3863152184955	0.7818945852100748	12.546287617783918
35	69.28434011593295	1.8613849425193316	12.546287617783918
35	728.6189185873584	1.8110609162204727	12.546287617783918
35	670.2798138302373	0.8239486074050708	12.546287617783918

36	706.8153951228223	1.1504610011962435	13.673848101195972
36	649.6067855874098	1.384243039456139	13.640391000886604
36	831.9148071015273	0.953232033063147	17.942227915142055
36	862.3066577107566	0.6557082330656397	11.812625433244454
36	727.3546009782553	0.5899134726554272	12.404519979204105
36	571.7656703916969	0.4316645263002866	12.404519979204105
36	402.90638552937406	0.16096279849550968	12.404519979204105
36	1075.9882968008824	1.2070183197888564	12.404519979204105
36	1198.4378915502796	0.9369518030556191	12.404519979204105
36	690.7803396968282	1.275875959501458	12.404519979204105
36	777.8107081493143	0.3950819748800436	12.404519979204105

37	721.4328057577413	1.015451197277757	13.719484092470113
37	846.0339813049876	1.0201802492696488	18.32985451022209
37	876.334817885941	0.9207416402441516	11.733623167496273
37	747.4464201323323	0.42338027017612523	12.92714230078585
37	1063.4019395697906	0.6035531835834597	12.92714230078585
37	723.1355293466729	1.3291077492933343	12.92714230078585
37	703.9042449850837	1.0229117615329786	12.92714230078585
37	478.06408422484446	-0.06864982407539075	12.92714230078585
37	1062.2833309289842	1.6479519892654888	12.92714230078585
37	779.9480831606776	0.19938001810363426	12.92714230078585
37	1161.9649278954546	0.7724268102766045	12.92714230078585
37	668.1674510013445	1.6469997833699186	12.92714230078585
37	708.6797514055195	0.2731375975339479	12.92714230078585

38	737.1297691869296	1.113543790464288	13.521198383499055
38	869.9811824499313	1.0760828631324089	18.145552120941936
38	887.0888306851086	1.143803906694246	12.231398221009941
38	758.1737004814499	0.5227866672723299	12.903760250199504
38	864.465996986104	1.3925816031039107	12.903760250199504
38	274.84691919004234	0.05644617911673694	12.903760250199504
38	911.5101715223532	-0.17154935047108735	12.903760250199504
38	849.7144436270321	1.7488454123761774	12.903760250199504
38	1019.3817973097396	0.2746258560437212	12.903760250199504
38	495.1321580384314	1.1797362577634396	12.903760250199504
38	377.7431732803299	0.1960280636098552	12.903760250199504
38	936.8852160335708	1.0339049624870258	12.903760250199504
38	232.32579547464317	1.261772243602268	12.903760250199504
38	1088.4508756959394	1.7314194422045157	12.903760250199504
38	1053.6940291602152	1.8139022452138744	12.903760250199504
38	360.0956955801072	1.9984972662237315	12.903760250199504

39	752.3831146112195	0.9935322788255092	13.475246232129386
39	689.6911757180417	1.5478606711156184	13.990165949950214
39	884.211496998089	1.1097405502302167	17.811450238602077
39	894.9772327393074	1.0366997824232418	12.318953743669631
39	766.474140740557	0.5460249266166202	13.170789607704851
39	1039.9932202429331	1.1302475533796936	13.170789607704851
39	177.93909967070638	0.23743774217543623	13.170789607704851
39	433.2206882518281	1.912382878176462	13.170789607704851
39	893.6444360776923	0.7655461554064699	13.170789607704851
39	862.5312621887871	0.03016838248842093	13.170789607704851
39	294.21789101761635	0.23358761871201653	13.170789607704851
39	1144.551937070452	1.1011987997377213	13.170789607704851
39	988.1920258789712	0.44277403914219327	13.170789607704851
39	950.3152712384402	0.2826684065948461	13.170789607704851
39	183.64015754560145	-0.17587110264266073	13.170789607704851
39	617.0012159646877	0.33375819612763835	13.170789607704851

40	765.9546257472506	1.1339679957033868	13.415653845990152
40	702.9233611611286	1.5002589137810518	14.15863697567965
40	900.5492921972095	1.1643392865285265	17.99027966617444
40	918.5081254807019	0.957133450096115	12.54545178071106
40	781.9242608943076	0.4249296621208715	13.061847381440304
40	1041.204108498429	1.5637170941379819	13.061847381440304
40	1012.9507906094917	1.3175101587311377	13.061847381440304
40	894.629383770732	1.2193740326976905	13.061847381440304
40	728.9909551724634	0.18097373092424346	13.061847381440304
40	523.081330779078	1.8874878132916892	13.061847381440304
40	210.11913088981998	-0.0011465847471755775	13.061847381440304
40	1429.1024925742613	0.7401408283400852	13.061847381440304
40	1077.0508167957585	1.4667669920873094	13.061847381440304

41	771.5946241150083	1.3523191389495313	13.975767146539315
41	712.7153610969981	1.7104239470398461	14.103811750176336
41	925.564551845074	0.9658958314408563	17.955583187479647
41	924.8172413087362	1.0062822721957825	12.317132921924056
41	795.6131802014204	0.4778536579957779	12.876666621438863
41	572.3922903302154	0.7096876395305948	12.876666621438863
41	256.89859674204797	1.6552887964914995	12.876666621438863
41	872.7589933298681	-0.0598450994084506	12.876666621438863
41	753.5168206558768	1.0144231701094504	12.876666621438863
41	1069.8705623730525	0.5926718605133109	12.876666621438863
41	278.24283364871906	0.8446478575028921	12.876666621438863
41	894.5713765503207	1.2157578004022167	12.876666621438863
41	639.4147279714334	1.146805883588441	12.876666621438863
41	731.8205813240688	-0.0825258130361349	12.876666621438863

42	781.0223636062045	1.0183653439337035	13.52752629353012
42	734.8931350390475	1.4512717664011308	14.174853368985882
42	940.223564587622	1.0170594622724698	18.073044846987028
42	810.8075504098098	0.5223459122491623	13.238091497551075
42	304.3031640301445	2.293111167514275	13.238091497551075
42	1014.4357453639076	1.6728763236843687	13.238091497551075
42	807.9090159275211	2.0182188649135524	13.238091497551075
42	617.6407447318504	0.7076536754112132	13.238091497551075
42	1053.6554814496421	1.4520981361034968	13.238091497551075
42	1259.8843668643879	1.1792019159770857	13.238091497551075
42	743.3349060398872	1.1309252637669278	13.238091497551075
42	496.96400647262675	-0.2521409075567921	13.238091497551075
42	1024.8002389920107	1.4111009304391802	13.238091497551075
42	875.6015150215397	1.6206660685008696	13.238091497551075

43	801.2231172111616	1.2707273988792391	13.664463282466789
43	742.6073427913708	1.4989759150599344	14.315593089761231
43	956.4544774110196	1.0184944157702773	18.193609383032662
43	951.3091913314724	0.9195123707126641	12.594425720265868
43	821.4447526489117	0.46150115503473665	13.304530197812095
43	713.495945649822	0.14879390592128416	13.304530197812095
43	1253.985838160936	1.1701137969078883	13.304530197812095
43	851.487067378022	1.4179136904272414	13.304530197812095
43	796.3324173441652	0.4868344912915371	13.304530197812095
43	913.4814804869735	0.10713080054336714	13.304530197812095
43	965.9818495772897	0.16271504991357372	13.304530197812095
43	826.0111840302324	0.5254191826779468	13.304530197812095
43	983.8727041812517	1.2973170930221454	13.304530197812095
43	614.3832641292104	0.5923047923988933	13.304530197812095
43	730.8890856469401	1.6913885750125877	13.304530197812095
43	711.0442369129248	1.1942386823896702	13.304530197812095
43	1013.554833140853	1.09531691345599	13.304530197812095
43	78.84243771751632	0.5812939174649789	13.304530197812095

44	814.0114219731895	1.0723305698628585	14.170526066204502
44	757.4688802233233	1.6404508362010901	14.3157788001908
44	959.5191030998412	1.0539441978649846	12.673701522181094
44	829.5976767297469	0.498806413734857	13.139919092134836
44	1045.9005682771792	0.24995670232692938	13.139919092134836
44	1074.4557077909496	0.6070506557596571	13.139919092134836
44	1047.9945491585333	0.40973081538867107	13.139919092134836

45	826.9531741199557	1.0195248007451674	13.724444958983977
45	774.0654523069924	1.5721982497707274	14.902229411529849
45	991.9510034361622	1.0210811387161958	17.983768483910158
45	974.786506657131	1.0301693259093372	12.556605169403323
45	848.8482314931409	0.5565231180712398	13.261366731076208
45	921.9090884793166	0.053970421520090156	13.261366731076208
45	282.27895007739374	1.1799586839950782	13.261366731076208
45	932.9619456062829	0.003075143594930399	13.261366731076208
45	1312.2446433256744	0.9558777353952467	13.261366731076208
45	286.1272024407552	1.2656556428631571	13.261366731076208
45	511.8568315228292	-0.03335931038336379	13.261366731076208
45	860.8923170591258	0.9932760972505088	13.261366731076208
45	182.85331754496315	2.4676600128976536	13.261366731076208
45	574.7280040652295	1.8327342721225175	13.261366731076208
45	878.4341948187109	1.3598343601733753	13.261366731076208
45	1144.4307652301227	1.2534921334636064	13.261366731076208
45	735.1770281308656	0.9876658213296516	13.261366731076208
45	764.8103848451489	2.0551770806524816	13.261366731076208

46	849.728571354341	1.19368775706708	14.150166552995268
46	793.6488786050146	1.5700650678348138	15.227533175928873
46	1015.932175853739	0.9835499200494933	18.288212803507758
46	989.2555273549675	0.8654590750844532	12.56518675500173
46	859.6948122514714	0.47107582666790887	13.715956319317375
46	46.32354702653311	-1.2255063689705104	13.715956319317375
46	1084.4706490479657	1.4946805110613823	13.715956319317375
46	477.02662232710105	0.07453419478975513	13.715956319317375
46	844.3938934439406	0.6675028828470629	13.715956319317375
46	658.5870100049441	-0.11806633609425347	13.715956319317375
46	722.3388402011967	0.50079009816093	13.715956319317375

47	856.602110667705	1.1734559661636126	13.896663899255817
47	801.1354617667098	1.581255048665958	15.302870487132896
47	1024.1361287832133	0.8658981419755786	17.92032937219202
47	997.4472197753229	0.9531127763561773	12.99483047076818
47	874.7253529937605	0.4660651052164269	13.704489690785133
47	565.6765089950478	-0.11461794594621841	13.704489690785133
47	937.9616173068741	0.9534131037684214	13.704489690785133
47	265.9232020534189	2.3643338448909663	13.704489690785133
47	150.5706395460769	0.4199076926302163	13.704489690785133
47	707.0632938334332	1.2282993268834095	13.704489690785133
47	340.34664305356966	1.6319751139942646	13.704489690785133
47	995.689876381973	1.41613434721035	13.704489690785133
47	531.7744099962507	1.159333804663143	13.704489690785133
47	362.5419389927937	0.30551055028011265	13.704489690785133
47	228.1417954561623	1.026161116328689	13.704489690785133
47	1041.5451648737321	1.3576382175566541	13.704489690785133

48	875.0870810713034	1.2410821414416926	14.313010835967756
48	818.9803925319682	1.7166676832483025	15.798387335043229
48	1042.9884974784354	1.0797809748695	17.962253860104727
48	1015.0169555254923	0.9638126371018895	12.990120338397768
48	884.234729493828	0.3962671728511277	13.499516922977032
48	437.05249034508233	1.3478647996728153	13.499516922977032
48	318.0665270345276	1.1426895371273131	13.499516922977032
48	1162.2037923917042	0.5601565644280103	13.499516922977032
48	1253.1146736566234	0.7064893724866549	13.499516922977032
48	355.9768932402434	1.163422541526914	13.499516922977032
48	351.2637035240713	-0.045513503002776484	13.499516922977032
48	284.0870327516506	1.5244421664132597	13.499516922977032
48	955.504649868881	1.0650792514917777	13.499516922977032
48	815.5420344963405	0.6016402394909338	13.499516922977032

49	883.6769141538296	1.145307758057938	13.782441980775948
49	840.0301076571208	1.5181752379961448	15.314582451749287
49	1066.138715604817	0.9761642652474419	18.149869277369817
49	1031.776579738741	1.0456532169635988	12.683846036246226
49	909.2549343280328	0.4658010276846816	13.73276097120433
49	975.7006466993546	0.1853368398591482	13.73276097120433
49	1064.273648128363	1.5577243357312713	13.73276097120433
49	703.2218981975345	1.6714692403253986	13.73276097120433
49	445.65046124941733	1.4687332576410228	13.73276097120433
49	743.6353021406527	1.9723907735273114	13.73276097120433
49	695.7522165442336	0.9653228756838321	13.73276097120433
49	115.42958221078908	1.4397957328600306	13.73276097120433
49	372.14927111234533	-0.010464191358145853	13.73276097120433
49	618.8497168481707	0.0923738261122829	13.73276097120433
49	682.9826992879645	1.5383767087559217	13.73276097120433
49	1238.5693906792665	1.1793934959460115	13.73276097120433
49	239.5394441156595	0.42590563342415916	13.73276097120433
49	986.4463343125935	1.0810142973516856	13.73276097120433
49	422.07171144893914	0.3927270484699061	13.73276097120433

