scan	range	bearing	velocity
0	315.45375284192437	0.37658620068649445	4.693910948198056
0	461.0644300438324	0.2651218538263161	-6.50991325606028
0	182.07673810887283	0.9137186411348803	18.115117416840484
0	540.9557575827821	0.29940801054999644	4.142023679858956
0	396.49131538514183	1.6131897992418645	3.552595918079187
0	272.8255704891338	1.176977032391027	3.552595918079187
0	490.00315463633433	0.47053301522621355	3.552595918079187
0	595.6974193200399	0.9490266754969575	3.552595918079187
0	867.6588218503053	0.36894159632365836	3.552595918079187
0	967.8003066047727	1.7205186960127752	3.552595918079187
0	1050.632361244332	1.6249626480015036	3.552595918079187
0	303.0420165259144	-0.2182187366810128	3.552595918079187
0	191.64333308225883	-0.5833939339337956	3.552595918079187
0	836.5528573537248	1.0359403848023	3.552595918079187
0	472.84669766699875	1.446698124401281	3.552595918079187
0	796.6027629450946	0.5842688442787887	3.552595918079187
0	977.2668204239291	0.4076486622619219	3.552595918079187

1	319.81491721775785	0.3915463334138951	5.228329092252643
1	453.45260221933984	0.14294138165483736	-6.083064334768798
1	196.10687934544563	1.1054770469361273	18.314068212138544
1	541.021926793234	0.37149181014799787	4.4327502572727555
1	396.242211471012	1.2350384803469925	3.576724050593281
1	530.0114204697439	0.8977673554638818	3.576724050593281
1	560.4689401046081	1.4399621617008052	3.576724050593281
1	119.97637392227386	2.2511682506379818	3.576724050593281
1	158.5916480068529	-0.5120261416117663	3.576724050593281
1	428.4581095136945	1.1514235613169848	3.576724050593281
1	310.88770718094065	-0.007301493800434218	3.576724050593281
1	799.0502021176636	0.306761497433044	3.576724050593281
1	998.9317412293781	-0.022104160000275194	3.576724050593281
1	1035.2430700521973	0.5815272113335439	3.576724050593281
1	884.389158660883	1.3494865799413909	3.576724050593281
1	946.2189113140004	0.726063233035305	3.576724050593281
1	258.1732896693752	1.8202849933225211	3.576724050593281

2	323.8078944890749	0.4243501246165794	5.506897137602584
2	451.3209374090901	0.25411256497801615	-5.526927797811032
2	219.80471357552364	1.0782685371744136	18.32067671995313
2	552.6272792015453	0.36569687786882976	5.256940618055813
2	400.92600370015964	1.3119112702951632	4.028009912214333
2	80.92320587007133	-3.0406637812245236	4.028009912214333
2	825.0661717265673	-0.017561527113644573	4.028009912214333
2	1080.830929350533	1.4404322636691371	4.028009912214333
2	283.47080957750734	-0.31706961835407454	4.028009912214333
2	1199.6337858380004	0.8996529849814164	4.028009912214333
2	991.6289613834864	0.27838601884263375	4.028009912214333
2	863.210035108244	0.929852392307568	4.028009912214333
2	927.7687733657967	0.6963478138792398	4.028009912214333
2	1330.2981849197618	0.7701234941468988	4.028009912214333
2	1284.3261380724944	0.6851771982011096	4.028009912214333
2	719.4364013512936	-0.10787362585101559	4.028009912214333
2	838.7523923657094	0.855192220566947	4.028009912214333
2	287.1136638694515	2.034404075413178	4.028009912214333
2	634.6758010445893	0.33226595398388215	4.028009912214333
2	827.9500205454644	0.14044626456343395	4.028009912214333
2	584.0279114540978	1.1242987027864006	4.028009912214333

3	332.1703217982158	0.5376405734904957	6.114085794081835
3	448.601556839265	0.3474645428607444	-4.1429353301247565
3	230.195470927982	0.8892412101313142	18.239474148219678
3	560.2176773136116	0.36924126162653187	5.473948319151782
3	402.29968850715227	1.1176907635958178	4.759760150466762
3	309.2466598026944	1.5666959220824843	4.759760150466762
3	367.90507954374414	1.3069886404836815	4.759760150466762
3	1070.0359216327533	1.7770176290116322	4.759760150466762
3	175.2205413545254	1.5944545665338872	4.759760150466762
3	1008.1724420323367	1.6285450489173185	4.759760150466762
3	878.2580509796087	1.761395510711974	4.759760150466762
3	648.6359634608832	0.8617671924905892	4.759760150466762

4	347.6245243853238	0.5337137521461419	6.7960185252888605
4	436.974031668537	0.34292985358810163	-3.7979718580164716
4	252.48565697173694	0.9817064219729618	17.8087623063301
4	557.4123056633873	0.40621135906410977	5.480560974982134
4	411.1463745759876	1.1109154698156387	5.106437354207241
4	663.854820070323	-0.07219237705930703	5.106437354207241
4	650.148951901217	1.2204582535675512	5.106437354207241
4	178.68907960328943	0.09727136317734013	5.106437354207241
4	249.61272532541963	2.436844490154976	5.106437354207241
4	176.9893347113333	1.2350119604679297	5.106437354207241
4	644.8693048704185	0.633197906503993	5.106437354207241
4	785.229885616819	1.494623465423101	5.106437354207241
4	971.1216840856588	0.3360679157320181	5.106437354207241
4	822.2460557511095	1.646231054654545	5.106437354207241
4	545.7874224471075	1.4854071003941787	5.106437354207241

5	342.9456387244302	0.51057948912281	7.356830188408052
5	435.34615766275203	0.44341682339984984	-3.2052500700360262
5	568.5244555778668	0.216208431692269	5.8388085561323
5	415.8276283325018	1.4003471609457019	5.771831485129185
5	618.4349099139548	1.1016190138922752	5.771831485129185
5	798.3137677782736	1.526893404445035	5.771831485129185
5	715.8351957013257	0.9403437642399536	5.771831485129185
5	707.1883234476373	1.5021462021477228	5.771831485129185
5	798.1074228703826	1.0876498795334988	5.771831485129185
5	570.0323589961445	0.1563818605127905	5.771831485129185
5	1053.7689259116532	1.2850865315598599	5.771831485129185
5	710.089021016766	1.7843141395504654	5.771831485129185

6	361.74654787381417	0.5055799704021702	8.137926265914441
6	437.38739859103816	0.3822318698599574	-2.340651087758078
6	293.3506343980184	1.0859805795332198	18.094182894261372
6	576.216266364636	0.38306883014242726	6.212270053972428
6	424.0946628454902	1.1710217533537723	5.996356858967256
6	858.5073635365284	1.8970216486415123	5.996356858967256
6	779.2526434939588	1.1478233447785007	5.996356858967256
6	271.30035478743633	2.1584731301444444	5.996356858967256

7	364.8817638243636	0.6648378967056418	8.277091423956326
7	433.9973126970149	0.5042605154831885	-1.4510476322529422
7	308.92162137126655	0.978646428499605	17.952534250534868
7	584.4970406733272	0.4511979028557303	6.5729848935918005
7	430.86884816862937	0.9556133130703177	6.414059901302898
7	867.7393226814478	0.6397336817650585	6.414059901302898
7	974.5789726531415	1.4362203142876309	6.414059901302898
7	955.8418050043588	1.7997898135154595	6.414059901302898
7	959.2149364921328	0.5120726438506642	6.414059901302898
7	826.9583366405022	-0.048218308534780166	6.414059901302898
7	357.4981517090962	1.319048515179889	6.414059901302898
7	316.4509024263583	1.5051741156208367	6.414059901302898
7	725.8232145866965	0.4151738161106822	6.414059901302898
7	1178.124599010249	0.944546209721084	6.414059901302898
7	214.94039554602267	-0.24423683727726686	6.414059901302898
7	827.4393389909512	0.7829163519546384	6.414059901302898
7	1117.2983413570723	0.6740543380533278	6.414059901302898
7	357.67700861979006	-0.01886709314512776	6.414059901302898
7	530.2314008521007	1.3798191187148625	6.414059901302898

8	371.8287841022529	0.6659633418227545	8.844849443678584
8	431.9415928432047	0.5503115413294298	-0.6960906903351805
8	321.2448420427891	0.967898799668794	18.3201956506667
8	581.3088583623224	0.5229283905180027	6.732732809412067
8	430.7117745740167	1.129055184746358	6.812098272233809
8	470.94225865351734	0.8737007839780755	6.812098272233809
8	690.8895976533067	1.645494214807131	6.812098272233809
8	112.14468406756542	-0.3256820520240689	6.812098272233809
8	306.5497961673514	1.7972518695082118	6.812098272233809
8	676.1070454504402	0.4407539738446228	6.812098272233809
8	875.132177020407	-0.05156758454156739	6.812098272233809
8	780.8335238623607	1.4310579872832463	6.812098272233809
8	246.16705205596276	1.8869299989684705	6.812098272233809

9	381.6350730875322	0.7447821689941005	9.107397579447854
9	426.70990885365063	0.522273865941597	0.21796409841172767
9	341.5445378065285	0.8121061440853984	17.8831915100625
9	588.4446056618712	0.4319969423745803	7.250910087465709
9	444.13993343476983	0.968770612468597	7.155451181344371
9	454.4758777961531	1.6741556864894016	7.155451181344371
9	1005.6312816570936	1.2483639794440253	7.155451181344371
9	1118.9789293844908	1.0290060713616276	7.155451181344371
9	376.53240204760993	2.179308888886457	7.155451181344371
9	922.0568466216498	1.166572623937782	7.155451181344371
9	746.3857387853591	0.931668553662844	7.155451181344371
9	959.4611512694134	0.5031767951140262	7.155451181344371
9	132.06398135539138	2.0940977752772434	7.155451181344371
9	962.372929907135	0.27165728002705525	7.155451181344371
9	914.6652127767518	1.1779778987427072	7.155451181344371
9	456.00456646391405	0.8808707718100173	7.155451181344371

10	388.4189424939972	0.8226481187802706	9.54523865800728
10	431.96815744880064	0.5261545700837263	0.8177719150159843
10	361.7104093478086	1.080444055421191	18.137087935843436
10	595.8790851061912	0.33770484870734885	7.532419669471065
10	447.1100764043445	1.003272419753817	7.632014970587848
10	729.8456045406479	0.17123213332186515	7.632014970587848
10	424.94904609042914	1.9829348869546342	7.632014970587848
10	556.5794948277545	0.2767119255958148	7.632014970587848
10	663.3180237427539	1.7341336108692404	7.632014970587848
10	1214.474483577042	0.6565294165724463	7.632014970587848
10	1085.0198193774038	1.8499600096477573	7.632014970587848
10	309.0049731168793	-0.04085831442925036	7.632014970587848
10	841.4269638354774	1.0223838732327157	7.632014970587848
10	771.6405980249989	1.5526882620661286	7.632014970587848
10	1168.8285657374158	0.7048694987964395	7.632014970587848
10	812.6810279633756	1.2865929038440183	7.632014970587848
10	1202.7771219401411	0.7787222076252727	7.632014970587848
10	433.6453516795054	1.159049447830447	7.632014970587848
10	1040.50813938584	0.6523834294867161	7.632014970587848
10	1282.7610942069277	0.9011030544714369	7.632014970587848
10	981.1866647764168	0.4342740998787169	7.632014970587848

11	404.7501493098858	0.775213746382625	10.014918417772808
11	433.82715431240206	0.8051498989876318	1.252265517197529
11	385.3205575218143	1.0533429372927228	18.372451755879123
11	609.6584119024378	0.6287571099786521	7.9275794145056
11	467.1004173640737	1.0742164284137434	7.816428527329342
11	636.8625640017211	1.5173502089603133	7.816428527329342
11	737.945394373961	0.6289773692915691	7.816428527329342
11	660.7208393253068	1.3214225981316254	7.816428527329342
11	652.9873140566561	1.0064688292542252	7.816428527329342
11	938.1481601129904	0.48718649340063197	7.816428527329342
11	269.42630133351054	0.9484522525494252	7.816428527329342
11	460.59744663680607	1.066653050957499	7.816428527329342
11	879.6905924621379	1.0536996555458813	7.816428527329342
11	975.0316007874643	0.21073851752186118	7.816428527329342
11	716.0435004765488	0.859543794612035	7.816428527329342
11	681.8914280909609	1.0693105947370127	7.816428527329342

12	410.448579419751	0.7870670170938905	10.028824348929874
12	432.12964758917155	0.6288069902156533	2.3729386051368415
12	397.8985645667385	0.882716660900513	17.81979245561928
12	611.8836282349122	0.7418691496314569	8.376990273155183
12	467.34978566465446	1.029409226480967	8.627313123078002
12	558.715351445596	0.07303627091947351	8.627313123078002
12	1166.0295852362808	0.7261884619528826	8.627313123078002
12	110.13174581988976	1.8660749359124726	8.627313123078002
12	879.8204406096669	0.8792261287212175	8.627313123078002
12	1368.494677541259	0.7553640243561873	8.627313123078002
12	5.034968422446873	-1.8212970637007129	8.627313123078002
12	1119.0124078229073	0.5895408859325448	8.627313123078002
12	713.51440353361	-0.05748465914871202	8.627313123078002

13	414.395297213013	0.8075761884050692	10.359394358648434
13	435.1258875091377	0.6813717848443586	2.697050852650099
13	417.42317173740037	1.1288112119711655	18.30091607688003
13	629.5191372322931	0.5079656055544803	8.255371709934566
13	474.57481582145334	0.913065329290614	8.666022191162122
13	942.4966368628598	1.5649837996659681	8.666022191162122
13	681.0576312931507	0.02421827227423473	8.666022191162122
13	1099.8882267444092	1.093718185848656	8.666022191162122
13	703.6186225688188	0.31503203275157315	8.666022191162122
13	1353.0896303657714	0.8274460217155871	8.666022191162122
13	998.6771187948063	0.3842315489039907	8.666022191162122
13	1236.8400253064747	0.6660875182625977	8.666022191162122
13	733.5474131883041	1.75199733098705	8.666022191162122
13	1400.4110130236727	0.950819415568452	8.666022191162122
13	1043.1307246419701	0.8292940863284487	8.666022191162122

14	430.65237461538493	0.8851340640754776	10.770494751430407
14	437.36187890061717	0.8501212871121249	3.2574419326881445
14	439.55779903198396	0.802751357848246	17.644445097775733
14	636.1687308779549	0.5058622685496517	8.525860143789165
14	491.2700186265187	0.8305588050063367	9.083485487596842
14	931.2167813198728	1.3156784130784414	9.083485487596842
14	684.6401202118756	0.7119909580068207	9.083485487596842
14	747.7500559468665	1.9247588816646086	9.083485487596842
14	243.61656532720002	0.969534553017236	9.083485487596842
14	933.7020751480408	1.6159192778277263	9.083485487596842
14	1068.6121745106961	0.5274386080204673	9.083485487596842
14	494.9845685975867	0.9964392305538369	9.083485487596842
14	433.4651639781603	1.5169637420889823	9.083485487596842
14	976.9185117178876	0.7058675431261028	9.083485487596842
14	997.7855997802607	0.3631220272000637	9.083485487596842

15	444.9212291738728	0.8122076342876606	11.140245707016021
15	446.58055798025305	0.9205261842296568	3.9233615947683402
15	454.16226228666284	1.1581049489942743	17.96928333516054
15	640.827772093691	0.6651670975890369	8.842160237992921
15	490.22397008967476	0.9414249541211346	9.664838018972262
15	752.5695242556587	0.6112969806176433	9.664838018972262
15	988.6206890327928	0.21301872487183118	9.664838018972262
15	434.00176007337905	0.2262369325225971	9.664838018972262
15	642.8023580229566	0.9982951409434676	9.664838018972262
15	966.2458132913688	1.601464923047272	9.664838018972262
15	834.9726853072464	0.13722631633790344	9.664838018972262
15	305.1332221016043	-0.16289888261525684	9.664838018972262
15	458.7157417210396	2.127422475476881	9.664838018972262
15	972.6281887996308	0.16778685616486264	9.664838018972262
15	1093.9178261239438	0.9479974953320253	9.664838018972262
15	909.2687114450789	1.5565505296835824	9.664838018972262

16	454.33593911274005	0.9311966750511194	11.033997870111484
16	449.7992445137897	0.8307227159495546	4.762456984418885
16	649.4227185308788	0.6210021943952362	8.628957071197824
16	506.10292200678634	0.9809832041507907	9.542670668076777
16	899.6397136434191	1.4402754410780976	9.542670668076777
16	1137.2503067009848	0.5894547563279819	9.542670668076777
16	1036.5503180448623	0.6333607450045602	9.542670668076777
16	560.6222181182405	-0.07456165499732809	9.542670668076777
16	777.0230966045027	2.012878536005195	9.542670668076777
16	783.0845357471708	0.29188263680481746	9.542670668076777
16	629.012887684025	-0.1046086154847427	9.542670668076777
16	704.6721624518743	1.2955516533611922	9.542670668076777
16	121.45302558834062	1.6910215721195982	9.542670668076777
16	604.6235643984974	1.857018304502763	9.542670668076777
16	166.63624253002095	2.876096616374315	9.542670668076777
16	514.0763661756223	0.01019981573390039	9.542670668076777

17	463.6316622465154	0.9438260349093252	11.394291336114119
17	453.8682387611106	0.9019003962332734	5.559265395689401
17	491.5516550115891	0.9254634312399153	17.977801098087927
17	656.9772194683205	0.47977079016398694	9.181320237948118
17	510.7490863137184	0.8413399554926058	9.660003105257
17	425.23479814624307	0.5303422126246068	9.660003105257
17	793.7265927648851	0.31146305767661864	9.660003105257
17	262.41142458153325	2.362839582805577	9.660003105257
17	628.3041434523344	1.4672886126325009	9.660003105257
17	808.042407362918	0.17079908950368516	9.660003105257
17	88.06429250442928	2.611246115639782	9.660003105257
17	919.5088306432094	-0.24561960856655823	9.660003105257
17	837.478489619006	1.7404041403178414	9.660003105257
17	451.76098288040413	-0.06505045519791078	9.660003105257
17	992.1778826564645	0.1881621719026739	9.660003105257

18	474.5173242337226	0.7614204332430019	11.597078453435945
18	458.0274083122609	0.9880757094818413	6.240702724262777
18	509.5164663756156	0.8381991758260603	18.21559486933628
18	664.501002406281	0.5493370408132228	9.309410837224084
18	518.0310630090671	0.6606915507466727	10.113792395000743
18	637.5121792119612	1.8551867114225813	10.113792395000743
18	942.3665790583054	1.787966205785283	10.113792395000743
18	152.4263141026696	2.9365554692664992	10.113792395000743
18	476.00493973429116	0.914663001926865	10.113792395000743
18	637.2022180950119	1.6596412600943822	10.113792395000743
18	966.2791238600536	1.5719405049394743	10.113792395000743
18	636.3912343770974	0.07064085443154527	10.113792395000743
18	894.646586183487	0.41590912323281704	10.113792395000743
18	1342.204048543537	0.885903748106285	10.113792395000743
18	385.17962148139196	-0.35476158851791484	10.113792395000743
18	1250.3903597491621	1.1358175976745268	10.113792395000743

19	489.26548399808615	0.9700888310804833	11.676993860254761
19	461.52988665856833	0.9570695571589696	6.948487983551232
19	521.2080964886721	1.1195720976937116	18.102915947462723
19	530.2648587453859	0.9522730166263675	10.448837005451951
19	72.94533502053861	3.0158571937439875	10.448837005451951
19	664.7373681450753	-0.0907091844330376	10.448837005451951
19	872.7410307215125	1.7050357477171691	10.448837005451951
19	1034.5789507831569	0.413302931592634	10.448837005451951
19	1016.0421172009874	1.6352541296155996	10.448837005451951
19	868.37400096778	1.1510128567964844	10.448837005451951
19	1209.9158721221747	1.1122272256662544	10.448837005451951
19	205.78095036817015	0.9043797517321384	10.448837005451951
19	60.47837078962642	-1.4658674353413286	10.448837005451951

20	471.043766280552	1.1150193394797656	7.591834632353651
20	535.4632253058792	1.045622849846836	18.119916041387583
20	690.4240349096737	0.7607451217595373	9.487471914667683
20	536.7736056884307	0.8752718326818001	10.341672095816065
20	1014.6417386004958	1.6165716482211838	10.341672095816065
20	988.0709304315184	1.0311672885662326	10.341672095816065
20	886.4501247613655	0.8571908032780068	10.341672095816065
20	872.1359588719126	-0.09087098176176192	10.341672095816065
20	811.6665961949158	1.0707926962761523	10.341672095816065
20	495.7568119716121	0.06621309217358003	10.341672095816065
20	1151.948003053915	0.6008259092621848	10.341672095816065
20	907.9730002521512	-0.06636684623349902	10.341672095816065
20	974.7090776126463	1.6650497865938316	10.341672095816065

21	510.72998948033774	0.9862546978224401	12.274911277285764
21	482.02967231652275	0.9335577652272207	7.945543794839269
21	563.7165439643352	0.8725698736858437	17.638968214940206
21	698.0965194545072	0.8304165400496626	9.974402330885882
21	553.7129953817215	0.8249468210095287	10.64903110345038
21	648.9849571341013	0.02137040852228518	10.64903110345038
21	170.9233835101214	-3.0629509951240195	10.64903110345038
21	927.7785041937586	0.6001487469175226	10.64903110345038
21	485.88105474623	0.2565929912990899	10.64903110345038
21	93.19120295908549	-1.8604191867042084	10.64903110345038

22	526.6651281852886	0.9528978209662912	12.681111493903238
22	484.23636157519593	1.0954465830083977	8.61758414264349
22	575.5961051717838	0.9101918819506802	17.9480009573694
22	707.3381616236619	0.741893760488934	10.230520141268777
22	566.6488754692406	0.7326487164392244	10.780815267339044
22	994.8376915312234	0.0440710584359128	10.780815267339044
22	909.7498284818179	1.0446788317612632	10.780815267339044
22	518.795913409182	0.854224653977465	10.780815267339044
22	64.75401120520937	-0.4185891684316457	10.780815267339044
22	1113.2246121039177	0.7013333891696317	10.780815267339044
22	837.6548811989195	1.7360780880609301	10.780815267339044

23	536.3955893533479	0.9309927088485301	12.335802157551703
23	496.17220046128614	1.223821342670008	9.007605284259705
23	598.8229591620556	0.8985789619636064	18.51410275309933
23	722.0202261695486	0.7914499788282217	10.579372188880438
23	577.9252431269495	0.7676995470582768	11.14508263592634
23	404.7125690387567	1.2006791289819636	11.14508263592634
23	1342.80880652872	0.7987885089324639	11.14508263592634
23	303.74318498786727	-0.23157056084354072	11.14508263592634
23	1187.9792655939934	0.8825224838865556	11.14508263592634
23	965.820108892443	-0.07176919781017391	11.14508263592634
23	1283.4180077355923	0.6460678889881695	11.14508263592634
23	762.2862959037101	-0.06687093847363741	11.14508263592634

24	605.8633320005029	0.9956313570831496	17.785361237650733
24	731.2454455915135	0.7625062814880318	10.534602210637887
24	586.1501862525766	0.8576904249169042	11.177631923952204
24	548.5317686887115	1.008089093582149	11.177631923952204
24	966.713071156549	1.0676343835408102	11.177631923952204
24	20.377645294386227	-0.20372194597151846	11.177631923952204
24	345.05429972136756	1.0690912982912322	11.177631923952204
24	714.9307635090171	1.555903149430015	11.177631923952204
24	838.2821918669356	0.8611325763047685	11.177631923952204
24	309.40550034032754	0.6977366331586643	11.177631923952204
24	700.5414454058683	0.3198237105889682	11.177631923952204
24	1038.5819788205654	0.6584140678584222	11.177631923952204
24	950.4153520644691	-0.0016258086932674862	11.177631923952204
24	452.88489367064017	1.5293633417625523	11.177631923952204
24	996.2638790710093	1.7594966651374044	11.177631923952204
24	833.1074637621634	1.9563966166855336	11.177631923952204
24	1132.8084867805508	0.3295818705296685	11.177631923952204

25	564.2805243284824	1.0080453457388394	12.689056984559201
25	522.2805827816213	1.3248210928667445	10.046970421497964
25	626.4299621356017	1.0488789380732686	17.840984046498605
25	739.8642530766034	0.9549690815359207	10.226954318213968
25	598.2478815038867	0.6136470533057811	11.389635113577322
25	1128.5668518529928	1.13860863883566	11.389635113577322
25	909.0986093832515	1.1766231840255568	11.389635113577322
25	1196.7995772192592	0.7255008072305917	11.389635113577322
25	1018.1398006930131	0.5422516975412371	11.389635113577322
25	536.2798694642082	1.3380307725416887	11.389635113577322
25	153.0071208224488	-3.026137851957098	11.389635113577322
25	998.4437231310131	0.2262998356767439	11.389635113577322
25	51.942205967579035	-1.2893010349557223	11.389635113577322
25	1102.0389393730215	0.48149098769450366	11.389635113577322

26	571.9631810470671	1.093254016074971	12.691246642355605
26	523.8654624107197	1.3383089021162067	10.173843456486242
26	646.5727164858208	1.0554213532339414	18.07417905792764
26	748.9278793031368	0.6119968814188862	10.766774860997893
26	618.160718009761	0.5920090170934914	11.546260306224664
26	712.9660456575112	1.1484470693973414	11.546260306224664
26	324.71040522469326	1.5951360104162184	11.546260306224664
26	1022.12308015674	0.5014462200647954	11.546260306224664
26	151.33443796797988	0.11281893965402583	11.546260306224664
26	951.7327271203775	0.8597098378079803	11.546260306224664
26	657.1800835664237	0.3835288639753842	11.546260306224664
26	341.97429076054874	1.7972327222778641	11.546260306224664
26	1095.8679237482404	0.6898227799628818	11.546260306224664
26	1121.8644100270326	0.7433481791169532	11.546260306224664
26	868.6425228494061	0.9080681229884785	11.546260306224664
26	593.9289169307402	0.07233286951611637	11.546260306224664

27	535.49375913961	1.2541165193623307	11.095045437388436
27	672.1920939240864	1.0564345627337908	17.966544781592866
27	765.0793322505923	0.912888964496652	11.180526320099682
27	624.3706820707415	0.7436415994888662	11.677784605561602
27	503.0422960475225	0.3375150231190901	11.677784605561602
27	577.9174386635088	1.760841094600058	11.677784605561602
27	203.9246979796353	0.10689224661705614	11.677784605561602
27	248.7285129369634	1.5590438074173583	11.677784605561602

28	542.8030265800994	1.336625945687338	11.499029542449035
28	686.0966750707128	0.9919706607355382	17.946094526287347
28	771.7281508671334	0.6310273296045168	10.873158177142967
28	633.4099902199189	0.6998016509775467	11.88976345323334
28	1077.225359633928	1.0863493149927623	11.88976345323334
28	649.741070494705	0.22639815479007755	11.88976345323334
28	1154.7945892665637	1.0930210793958335	11.88976345323334
28	1064.6345201119907	0.9994330399629437	11.88976345323334
28	471.7581997893643	0.7652021617407929	11.88976345323334
28	1028.3860530520133	1.59742113788553	11.88976345323334
28	356.6639505965343	1.6075153795188146	11.88976345323334
28	63.16055495939148	-2.42274636574893	11.88976345323334

29	613.4858213528371	1.0088541098322712	13.043994126440364
29	706.0779382235763	1.0109782490131594	17.62812524674494
29	785.8692176067677	0.8184709443303242	11.353368327741093
29	650.4662173116146	0.634822265298413	12.086238962935658
29	180.716303755111	0.10580390597106361	12.086238962935658
29	962.6037263913927	0.05913585518315691	12.086238962935658
29	473.2575512095363	0.8963229182625997	12.086238962935658
29	197.61993513206562	2.693356858446597	12.086238962935658
29	647.461563988505	0.19172374139651954	12.086238962935658
29	976.8566215551926	1.188978608962683	12.086238962935658
29	235.9615489710243	-0.07635222358741388	12.086238962935658
29	383.6125003853828	2.0118432092379264	12.086238962935658
29	1123.752741720047	0.4180195743395598	12.086238962935658
29	580.7074013196036	0.25191066309508914	12.086238962935658
29	952.4804697173927	1.297299637144607	12.086238962935658
29	579.5560540734143	1.2909220996852484	12.086238962935658
29	1191.6411593507858	0.8982239938884738	12.086238962935658

30	622.047979574143	1.2751818323458828	13.28747558200419
30	573.1348553202149	1.2167001739883199	11.942558351646243
30	721.4177874135191	0.8633566816701004	18.13093743873406
30	793.7021230746714	1.0621725050402437	11.58510273025842
30	657.9103306184685	0.657245886942981	12.172892948017546
30	928.2443463117366	1.3597296369372887	12.172892948017546
30	938.6940841743343	1.8083505214627473	12.172892948017546
30	375.29787148145897	0.4372848914247971	12.172892948017546
30	496.20251787278585	2.0174214907435726	12.172892948017546
30	944.8227262795792	1.2974976125181632	12.172892948017546

31	641.6568099952059	1.077902771810902	13.62674032201859
31	577.4646462232471	1.4664981554101233	12.110241895805954
31	740.6116862208481	1.1377753794514154	18.065695587361684
31	804.3075317473193	0.9549096183685203	11.93633642963332
31	666.3718206005018	0.529731041543208	12.317207073940756
31	94.51698022871503	2.662916671099543	12.317207073940756
31	525.2840579922702	0.4067328891602889	12.317207073940756
31	1066.7071066454114	0.9742342904231805	12.317207073940756
31	582.1758756772566	0.43640859775615337	12.317207073940756
31	919.185698575628	0.9030437027034983	12.317207073940756
31	831.3751878566961	1.4343741192463646	12.317207073940756
31	194.81902954822806	-0.18750032180183115	12.317207073940756
31	590.789327284685	1.2623621290054883	12.317207073940756
31	809.6072945860378	0.9221787912692611	12.317207073940756
31	764.5594391650533	0.8421723884347492	12.317207073940756
31	690.8358097376783	1.2539095481063975	12.317207073940756
31	437.5734207045723	-0.30573422368228675	12.317207073940756

32	648.4113414063677	0.9730268022402729	13.397526772951593
32	592.6003103202377	1.2919604258376616	12.216125466502195
32	760.4154158521484	0.8663352234850672	18.197230888773454
32	814.0755745492348	0.8839689120207932	11.816003025393448
32	679.708276958328	0.64616850730336	12.260086531100683
32	647.8579766490863	0.10848266782855083	12.260086531100683
32	666.3974926203259	1.4406172133329949	12.260086531100683
32	1212.596481222716	0.8988828004956726	12.260086531100683
32	855.7239829698829	1.2378714550666505	12.260086531100683
32	914.7653360189527	0.10172057968246857	12.260086531100683
32	356.5714898862995	0.48604485587023183	12.260086531100683
32	622.5506641280318	0.7613717989241716	12.260086531100683
32	1015.323879739911	0.7201925269840991	12.260086531100683
32	972.2909278336896	0.6568084169355247	12.260086531100683
32	953.187935472351	1.5109390308218948	12.260086531100683

33	662.0422098347233	1.1526993482467611	13.458484213158457
33	608.4904935482791	1.4550698542852978	12.578383186296076
33	774.5513423175781	0.956464766009236	17.716859290114044
33	830.883706530572	0.7848452196576569	11.64179570844671
33	689.6744934261842	0.5254778311840719	12.302067054496703
33	751.4024829196377	0.8157119327776451	12.302067054496703
33	729.8690827217156	1.7485008325077604	12.302067054496703
33	661.4551085516313	1.4432369561661793	12.302067054496703
33	896.905400907911	0.1455356978037398	12.302067054496703
33	507.48939763625725	0.6854678907177121	12.302067054496703
33	631.6845414126994	0.5510342678582061	12.302067054496703
33	244.67204359527	2.273336882206595	12.302067054496703
33	1203.676097046851	1.0564321033156334	12.302067054496703
33	234.4042915520734	1.4464363936278901	12.302067054496703
33	514.6312600955029	1.5373451845545942	12.302067054496703
33	1282.4117154489827	0.771497656351257	12.302067054496703
33	663.4166714803248	0.8483491648719672	12.302067054496703
33	444.5753054903574	0.1020257601598357	12.302067054496703

34	682.0677012798417	0.9466216930412206	13.494156384049491
34	620.0117258835479	1.4018438227958712	13.035290544659217
34	790.3709123337954	0.8918181178233485	18.4788657137373
34	836.2743527003042	0.9405902425202749	11.753094542075695
34	703.4907739063416	0.6572032872963327	12.533738151952365
34	322.0464900835347	0.45395276230521453	12.533738151952365
34	867.6598832614035	1.446374900554419	12.533738151952365
34	720.9793846716619	1.0340282777057723	12.533738151952365
34	778.3175141530277	-0.0057571188929551945	12.533738151952365
34	619.3889907361614	1.3634305945394862	12.533738151952365
34	191.2039745086902	-0.34873194904930677	12.533738151952365
34	523.6080155385016	0.2000815566582928	12.533738151952365
34	346.6777876383344	-0.09611096942728053	12.533738151952365
34	748.8231027027498	1.3850690882482464	12.533738151952365

35	693.3506755907292	1.1601412565389424	13.35634374838537
35	811.2565213295852	0.9635168040006352	18.048636215681707
35	856.9426606732551	0.8764569912457902	11.775018236035802
35	718.9705891577539	0.5858931812780533	12.298958957550393
35	952.3340435194616	0.1946425971293179	12.298958957550393
35	599.8113708980947	0.47909554367141555	12.298958957550393
35	947.4857345835331	1.1174777843910417	12.298958957550393
35	923.7496409860535	1.7633436813355299	12.298958957550393
35	778.0142904462488	1.1041243407521337	12.298958957550393
35	1384.772717202357	0.764269532692945	12.298958957550393
35	1084.1387774813882	1.006921464261736	12.298958957550393
35	924.4102834924424	1.8408544093903358	12.298958957550393
35	437.34711832315526	0.648549583404411	12.298958957550393
35	727.9813672715561	1.4696169440455522	12.298958957550393

36	710.0673651664425	1.1093792120472055	13.733716113220963
36	645.7932578564341	1.484342620738782	13.83222175553797
36	827.7738222750011	0.9804457715936459	18.14100910486248
36	863.7144030105811	0.874261896017457	12.037502440694706
36	734.082571845741	0.6376372712783547	12.361521629872023
36	1074.9938452988395	1.3137401901474413	12.361521629872023
36	886.8752103951681	1.5325060064028222	12.361521629872023
36	1219.6555530712526	0.6725906974081686	12.361521629872023
36	772.5279527369454	0.6137168822904973	12.361521629872023
36	1064.7416105388218	0.8059045273393193	12.361521629872023
36	178.65499797844052	-0.2940956809446748	12.361521629872023
36	1047.1594768914238	0.6313854835285249	12.361521629872023
36	1148.5402993740213	1.2094147835873392	12.361521629872023
36	417.35148492563536	1.7311291659227255	12.361521629872023

37	722.4846948647812	1.0956732275195475	13.924474169243142
37	847.859295563103	0.9183314455905094	18.132500969702527
37	878.1698882261423	0.717444196346255	11.703356713551349
37	747.0870112310204	0.48076777465004183	12.92269247340749
37	658.2707975558129	1.6150911636796068	12.92269247340749
37	207.68414313548357	1.4955248186656709	12.92269247340749
37	84.93585051492008	2.2502011951803547	12.92269247340749
37	503.41069682500034	1.0421058458430372	12.92269247340749
37	798.5707368033108	0.5753383605592794	12.92269247340749
37	863.1684548011159	1.5458497407132465	12.92269247340749
37	144.15230356713613	0.2777207594634793	12.92269247340749
37	653.7802953342543	1.4561276981806743	12.92269247340749

38	737.8156673818413	1.108918775047736	13.961974365316864
38	670.4239777351705	1.3666683962764223	14.023275380952008
38	864.8204109693885	0.969468352071112	18.29101294069118
38	890.7742887770007	0.9985143860466069	12.28464298697237
38	759.2506207072726	0.5123569352277999	12.647282712120468
38	895.2109171020393	0.4055241848152991	12.647282712120468
38	641.1961693166946	0.05989052370823888	12.647282712120468
38	854.8846515574983	0.9547225452680094	12.647282712120468
38	998.3890172798056	0.07384406712096636	12.647282712120468
38	288.9076446036091	0.2046295011222209	12.647282712120468
38	826.6457353349688	0.7923687866831218	12.647282712120468

39	741.5846295154864	1.025701052798168	13.816895990541129
39	690.7408023943685	1.5303708550045652	14.061632719120867
39	887.6245404788086	0.8836635195801914	18.06637690634874
39	904.3490597905837	1.0619477993018973	12.433281380445075
39	777.4951079079632	0.5198892258628552	12.691106309392781
39	971.0806576704351	1.7958437084999797	12.691106309392781
39	997.3050463767358	0.7342456387272932	12.691106309392781
39	776.0716469965872	0.9453239686115236	12.691106309392781
39	638.5490658278869	0.4884254150360761	12.691106309392781
39	861.0905580464744	1.3734308592268964	12.691106309392781

40	759.5936691502386	1.1114655475105655	13.559510811195352
40	697.6054052702092	1.544534541539517	14.03640960374452
40	898.042336549711	1.2217194891187735	18.18599568560576
40	911.6376324336	0.952879384887699	12.809683169703364
40	784.4209687608325	0.49809197027114277	12.552015898083686
40	831.1180278724634	0.3987388507468379	12.552015898083686
40	408.11640884075194	0.4328764549653243	12.552015898083686
40	940.9519176514024	0.12352671022194109	12.552015898083686
40	482.1393845466678	0.46392097657081943	12.552015898083686
40	795.0039354090985	0.10834437545579279	12.552015898083686
40	623.6382206378593	1.6202760759313992	12.552015898083686
40	1079.2456857479056	0.702362424804515	12.552015898083686

41	765.7087862557065	0.9255500300292673	14.101090025446167
41	709.654598112872	1.4880128533644825	14.03749498715338
41	922.0346263241613	0.8474841061227012	18.08142672706983
41	926.6954139165174	0.957303879505914	12.116709181954302
41	793.1073812388001	0.6557195044794153	13.127893344188696
41	1037.8397034539278	0.5216284992153686	13.127893344188696
41	1034.6371149390736	0.8683285926676791	13.127893344188696
41	709.3804371166377	1.7030634475240223	13.127893344188696
41	317.2062437871358	1.4827046293776218	13.127893344188696
41	468.49206805542724	0.26465814573623897	13.127893344188696
41	973.4994739837896	0.569890734178066	13.127893344188696
41	679.0331564675917	1.4358252503793851	13.127893344188696
41	826.2818593278246	1.4875871043459803	13.127893344188696
41	894.1467755490888	0.7806089203653886	13.127893344188696
41	693.9103852988349	1.308998776493643	13.127893344188696
41	837.9100478139309	0.1222490411165528	13.127893344188696
41	924.9983241336821	0.6624632833376474	13.127893344188696
41	171.36112275799087	2.96157335509473	13.127893344188696
41	1011.3235139712517	0.857920727270536	13.127893344188696
41	150.96302810142151	-2.889701392063862	13.127893344188696

42	793.0811581245235	1.1488272142702647	13.619419655702634
42	732.8306614000256	1.5449494418977434	14.57924345958206
42	936.5376084012775	0.9761951882157998	18.352812662120858
42	939.9127353399383	0.9587749904936257	12.177483220091654
42	813.6288911405701	0.516022601112355	13.324053322262944
42	859.1832646213417	0.06995150080836904	13.324053322262944
42	894.4684942634041	0.011381442747975742	13.324053322262944
42	532.488379078038	1.5621140814543844	13.324053322262944
42	257.14702114907755	0.15414249750493958	13.324053322262944
42	580.2808853317417	0.38578642524456863	13.324053322262944
42	953.763894706288	0.9856082903553914	13.324053322262944
42	669.4776223641336	1.1679488024006874	13.324053322262944
42	639.5155954376634	0.18895596258104452	13.324053322262944
42	426.47562946835177	0.2753753465022275	13.324053322262944
42	1088.625744769366	1.1866649533968014	13.324053322262944

43	807.608134623204	1.19356001189775	13.845767648917604
43	744.5119051579497	1.4180178959253653	15.010107558344863
43	955.6895198267061	1.0656570003613013	18.531759470192846
43	946.4066142314764	1.0096566525567907	12.585956355220677
43	813.8034758189275	0.2633628403503236	13.390792128941778
43	974.961811228676	1.3536109830657204	13.390792128941778
43	855.0232204078349	-0.00908905011021409	13.390792128941778
43	853.2297478058897	0.28247090044363754	13.390792128941778
43	435.1931811590058	1.6555730586515396	13.390792128941778
43	904.3891076392803	1.1155096712236017	13.390792128941778
43	1323.3709614471213	0.9255956497375122	13.390792128941778
43	357.0205099135649	0.8336971190176439	13.390792128941778
43	917.5220064936257	0.04158156759346589	13.390792128941778

44	820.8993553424715	1.2572330038500146	14.335153054978006
44	755.2493843751241	1.6327661466140153	14.928120601989674
44	974.510465598604	1.0128551244717086	18.008924929185696
44	965.0899602989971	0.9853751756797372	12.858349904831794
44	834.9262255992376	0.5915113527425562	13.447134880959117
44	696.7454679927816	0.19902579822045413	13.447134880959117
44	798.8687527675474	0.8948945407754617	13.447134880959117
44	370.96265472272745	0.8875000255084322	13.447134880959117
44	1070.8809032748547	1.4618039239207916	13.447134880959117
44	621.387776881761	-0.06054479993206945	13.447134880959117
44	501.41122728063425	1.7006871662799827	13.447134880959117

45	832.6193612559348	1.2708831833799001	13.78352331969204
45	776.2128498871218	1.5793311031556463	15.001759976196158
45	987.161540283746	1.0254543077181186	17.8956932499391
45	973.3274590159751	1.007363368487241	12.806178387296468
45	851.1717004393093	0.3716604279455149	13.294712855027615
45	1195.5326792412004	0.7942986348864859	13.294712855027615
45	1260.5713042625384	1.0650646432289717	13.294712855027615
45	821.889674326204	1.0752106468894507	13.294712855027615
45	1230.4375268861663	0.5898964048381498	13.294712855027615
45	1271.781358086893	0.9016825118084509	13.294712855027615
45	828.1461081928027	0.06822272610426672	13.294712855027615
45	420.5650790720706	0.15199351954152834	13.294712855027615
45	980.0429543427368	0.6725504917371965	13.294712855027615
45	181.6319223509006	-0.20869483783308693	13.294712855027615
45	766.3724750891608	0.5664034761523656	13.294712855027615

46	790.8160816556808	1.6187306994675557	14.987828299622407
46	1004.5327490755229	0.851066491263065	18.248818781384433
46	993.2948139632248	1.0389341575055624	12.95105236475832
46	862.6039444681788	0.5273182557451797	13.537631060175535
46	542.2586180943654	0.01222059812298544	13.537631060175535
46	594.4917439593153	0.5897002311938931	13.537631060175535
46	416.8241973983675	1.8583220242862686	13.537631060175535
46	500.142549183253	0.17579626747007987	13.537631060175535
46	447.0071610993614	1.8579284386767045	13.537631060175535
46	967.5938168737076	0.2998384747968474	13.537631060175535
46	236.26792362721736	0.6486756385252178	13.537631060175535
46	1055.9793681222645	0.9948215979559749	13.537631060175535
46	1257.9833380213229	0.7721586863324184	13.537631060175535
46	214.77319716717724	1.4452628303050388	13.537631060175535
46	1024.1267237770924	1.2957681281149704	13.537631060175535
46	570.4632417118903	1.722735774865543	13.537631060175535
46	681.1937799407043	1.4908362434783318	13.537631060175535
46	827.9089678184919	0.25211482709540917	13.537631060175535
46	694.8110050620206	0.8255287371983422	13.537631060175535

47	853.3215321401652	1.2329051471018286	14.267630121532054
47	808.3448269874249	1.7341780001696927	15.19112644660909
47	1026.4811284571392	1.0059029927826033	17.82302858253607
47	1004.8269493209227	1.140834740163092	12.856798483894895
47	875.3036110128777	0.3309641174021615	13.257720933674989
47	562.4651201002777	1.7969115313933397	13.257720933674989
47	824.8126754415733	0.8825906490482568	13.257720933674989
47	1473.6776560378016	0.7578415313865453	13.257720933674989
47	808.3439377000179	-0.09712136124594195	13.257720933674989
47	1187.9314043201637	1.1749022950329855	13.257720933674989
47	530.9145313562093	0.6168777379455469	13.257720933674989
47	150.127729511967	1.5464220409231932	13.257720933674989
47	1073.8634696619129	1.0274513834955978	13.257720933674989
47	370.5007721632839	1.3232552486411622	13.257720933674989
47	829.8262762210405	-0.01760962662507489	13.257720933674989

48	873.3536052241235	1.1463917303935656	13.949429620637284
48	811.5331299979885	1.633052630240571	15.215077475203731
48	1046.0376068546393	0.9692556375558747	18.175016238266636
48	1015.1688940108683	0.9879658370265387	13.07369454025127
48	890.2131645632907	0.45828243050005085	13.37846375078943
48	964.437291375838	1.6257513229172567	13.37846375078943
48	695.190071056451	1.6769852044592508	13.37846375078943
48	960.3111439926148	0.18900006755918503	13.37846375078943
48	1336.3547971378837	0.6191432420690197	13.37846375078943
48	468.41548811581583	1.7857292894547512	13.37846375078943
48	1010.008198491463	0.20512780573786155	13.37846375078943
48	1109.6137144741292	0.9109684985726387	13.37846375078943
48	1057.8653715655405	1.7554843197339098	13.37846375078943

49	884.3823880649614	1.2093723790252544	14.356293159357653
49	838.9951608316876	1.6492308660053394	15.6095167412057
49	1061.0297112649328	0.9977894692652316	18.122298439721
49	1024.3218026359732	1.1436382727708303	12.83486625345932
49	900.4822734662536	0.5028841290051214	13.572805796227094
49	761.4238246600584	1.9648460205313605	13.572805796227094
49	651.3343958980274	0.8656895016565378	13.572805796227094
49	720.832673381625	1.1702900213597274	13.572805796227094
49	1095.8986450639497	0.38010830213185604	13.572805796227094
49	646.5920793718676	0.7534948640178598	13.572805796227094
49	702.516888415192	0.1575551527106646	13.572805796227094
49	1199.0508764282263	0.6764342528477586	13.572805796227094
49	375.3992293104106	0.2085858435907028	13.572805796227094
49	821.6498812459829	0.9105606720754977	13.572805796227094

