scan	range	bearing	velocity
0	322.501309857803	0.341330255136933	4.69262298314818
0	463.00703464284845	0.1291403982158143	-6.758610393592269
0	180.83885191923545	1.00261263841974	18.03862256233785
0	540.8907881367523	0.23419533328489214	4.360005953723748
0	398.33914697161697	1.340248738439841	2.6419035852916988
0	1332.450664558908	0.6130260571313932	2.6419035852916988
0	872.2199144631269	1.2641644060078616	2.6419035852916988
0	374.04645491751035	1.9118076142919178	2.6419035852916988
0	1057.71750001435	1.6332738947288437	2.6419035852916988
0	976.6594809133345	1.7990068307133007	2.6419035852916988
0	513.051947465394	0.9496160400031529	2.6419035852916988
0	202.42100043769662	-0.08558985542149339	2.6419035852916988
0	1224.6893113101355	0.7488977878348477	2.6419035852916988
0	710.7719154665207	1.0252890044498935	2.6419035852916988
0	1083.7603532074731	0.3891527086053487	2.6419035852916988
0	810.9881740338037	0.654735737309807	2.6419035852916988

1	450.4464276790905	0.2798967747005832	-5.860324105318222
1	196.92516287107532	0.9351395847659036	18.138158878794066
1	544.3015246341852	0.11349040244978428	4.299589132299069
1	403.82627375511873	1.3964120134331197	3.5516434369762235
1	856.941432076334	-0.01938285687917217	3.5516434369762235
1	338.23963019628627	1.347468126202997	3.5516434369762235
1	932.1823712061382	0.9821221959318314	3.5516434369762235
1	1102.9973920531472	1.294572542688883	3.5516434369762235
1	1333.1584070092365	0.794273277723072	3.5516434369762235
1	868.6838619286324	0.6668898585308499	3.5516434369762235
1	554.7565025473492	1.0970123085991677	3.5516434369762235
1	1040.364137873218	1.6631631523185078	3.5516434369762235
1	1357.03765615453	0.9376771132741458	3.5516434369762235
1	111.33280677617263	1.5044242594085597	3.5516434369762235
1	914.3590485592812	1.6269411493931403	3.5516434369762235

2	330.6185202624547	0.36765911426147935	6.016752718791518
2	448.2767984602282	0.21533443841591052	-5.431323371159372
2	215.24962780443735	0.8964307680353563	17.832962457565145
2	549.6308487150877	0.4443675908992151	5.208748114541598
2	395.9276144836406	1.2430921716338428	4.417594959784528
2	716.3325161953996	0.3047504069138839	4.417594959784528
2	904.168314402032	-0.05151569847803353	4.417594959784528
2	297.5167714319216	0.5458845124187215	4.417594959784528
2	958.9850085645464	1.184440101025187	4.417594959784528
2	708.7759343061085	1.020243755921189	4.417594959784528
2	234.0084565925219	-3.0045675310043616	4.417594959784528
2	924.6889584209652	0.6537196291677245	4.417594959784528

3	331.4974050850066	0.5405799946244215	6.599959670574268
3	444.01089907245984	0.48582492462525584	-4.714848946696774
3	238.14573836352508	0.9534420386294654	17.892494897111344
3	561.1682586892974	0.28598447715363884	5.447177690773481
3	405.36330186860454	1.3791106971989664	4.789970414632278
3	470.532456087279	0.17791162841838296	4.789970414632278
3	1003.1676812411877	1.1033982590229474	4.789970414632278
3	845.6863289017593	1.0356393364672394	4.789970414632278
3	1295.511266844392	0.8152740134589204	4.789970414632278
3	885.254050103971	0.738341063165155	4.789970414632278
3	363.73351119128876	0.5025856502205073	4.789970414632278
3	905.1915097871671	0.10624349611553388	4.789970414632278
3	902.10873286317	0.598007717781146	4.789970414632278
3	551.4806052017846	0.656067935778331	4.789970414632278
3	666.8329226743299	1.4486648931054653	4.789970414632278
3	558.4813928717126	0.29775002092659814	4.789970414632278
3	582.3384819917559	0.39254264419772034	4.789970414632278

4	440.7017049160911	0.4776121969655841	-4.039070394116287
4	249.14057751365524	0.9637600121778721	18.102267807869534
4	554.5898671055662	0.43600834560874835	5.75734367808925
4	414.6020977181824	1.316044970679306	4.811892223512961
4	621.735289910805	1.378495360017919	4.811892223512961
4	1123.7543666265544	1.127964201098196	4.811892223512961
4	955.4323064470111	0.884280781543408	4.811892223512961
4	900.8020901516311	0.4567400490106897	4.811892223512961
4	535.9258916976919	-0.1369634979822436	4.811892223512961
4	596.7115386840354	0.49750948610894136	4.811892223512961
4	486.0595332118086	1.6036908962422194	4.811892223512961
4	740.5803505937035	0.07653702401683095	4.811892223512961
4	678.6361425294004	-0.015019346023150994	4.811892223512961
4	646.8299561209046	0.8924865597477221	4.811892223512961
4	1104.651112552139	1.0772682460400267	4.811892223512961

5	353.42251514287415	0.6285903577043221	7.881771627461659
5	437.91928902269467	0.40222221487107485	-3.061897186933668
5	272.2555197792113	0.9220773674677808	18.042044119262417
5	565.8322909231132	0.47408610682257757	5.7013503965768795
5	415.2834239101432	1.130715311364636	5.458234800772368
5	1225.9014828489667	1.0521875862088634	5.458234800772368
5	953.7544041904962	0.4879912925133434	5.458234800772368
5	896.1095160189582	1.5112298166661338	5.458234800772368
5	722.9214062432808	0.5328174736873111	5.458234800772368
5	565.1686079066453	1.4332767911151583	5.458234800772368
5	54.922355196136	-0.015424293998338189	5.458234800772368
5	668.2210488841821	1.2733168622953113	5.458234800772368
5	265.09030959539894	0.756270351958852	5.458234800772368
5	735.7301891772021	-0.023064054463185536	5.458234800772368
5	49.70664298128216	1.9259324424587108	5.458234800772368
5	1160.862701340283	1.183522207443367	5.458234800772368
5	931.5396148171059	0.5750762180133857	5.458234800772368

6	360.4795630487226	0.6608780605603549	7.88171138381996
6	287.64023028134204	0.8958312046898439	18.067623971910784
6	572.7685226877722	0.17265958346667765	6.185295059764213
6	426.6595343170482	1.1754770421205207	6.096168884535654
6	987.7910157820435	-0.10281867676491102	6.096168884535654
6	227.17046318520272	3.064448557057668	6.096168884535654
6	664.3869655529717	0.10009648600806402	6.096168884535654
6	38.77124330553332	-2.942807919688145	6.096168884535654
6	1165.2283372019679	0.5722855279428497	6.096168884535654
6	504.9814395242185	0.6826208208488134	6.096168884535654

7	357.90923739094814	0.4774843030240979	8.379427475119822
7	432.19824679243516	0.5492960871069018	-1.3458442135130446
7	305.20463403074007	1.1012462308473348	17.950612334012696
7	578.0309785796618	0.4582981898387791	6.792009184710629
7	1156.0336391085675	0.4871982011518936	6.792009184710629
7	563.3325054809508	0.24094702823871364	6.792009184710629
7	826.3787563098211	0.7226584298623533	6.792009184710629
7	828.5677787348134	0.8957205323002135	6.792009184710629
7	820.695206376875	0.9868208741623441	6.792009184710629
7	594.7974116697261	1.1744365769564693	6.792009184710629
7	444.1460343979898	0.7584703936602942	6.792009184710629
7	589.5145938953121	0.7586538867811606	6.792009184710629
7	1071.7126283471428	0.572524673710262	6.792009184710629
7	185.65272002369684	2.728475624117559	6.792009184710629
7	728.3335440524905	0.2898662735255142	6.792009184710629
7	733.9566921500995	0.038982771943667366	6.792009184710629
7	766.2254191471104	1.7019951507323525	6.792009184710629
7	381.5502733338377	-0.18981422191470187	6.792009184710629
7	1179.4631138951681	0.41844572666013197	6.792009184710629
7	836.0523437070876	1.7177789663507488	6.792009184710629

8	370.4007858098072	0.4960609541999983	8.901179130790585
8	429.503077656406	0.5462933983819118	-1.1032778547476978
8	323.1957486814905	0.8439006387567028	17.536366534278752
8	585.2666843351267	0.43737194414118963	7.1485211121418475
8	431.6994387852335	1.06469690305514	6.848248053215149
8	588.7085172720181	1.7341333388796016	6.848248053215149
8	467.53082027524795	1.2367495547300675	6.848248053215149
8	950.003497960592	0.24017295370476985	6.848248053215149
8	71.92861014767247	-1.439356776219289	6.848248053215149
8	803.2600229744788	1.6103649719740238	6.848248053215149

9	374.90044781904896	0.6215685779256668	8.819268901229785
9	430.04364784098965	0.5444938153381651	-0.8209584283021711
9	343.88114346023525	0.9907144920797016	17.837698967071294
9	594.3132768133695	0.6760864545495266	6.8456817454299985
9	441.9194380634252	0.9201740372210865	7.385983418724525
9	1018.0780652759659	1.8412726342111183	7.385983418724525
9	369.0299931969656	2.0707589110785305	7.385983418724525
9	1104.8218035223179	0.6833370383031284	7.385983418724525
9	331.6303483218258	1.6278038825599292	7.385983418724525
9	29.14624048445095	2.4954049705133214	7.385983418724525
9	911.9758475841849	1.0578584237809523	7.385983418724525
9	584.2858543230818	0.9079247036862785	7.385983418724525
9	943.5069088511285	0.391871509435031	7.385983418724525
9	1292.5531066480037	0.7898949481463342	7.385983418724525
9	362.27988279387824	0.7836821049220659	7.385983418724525

10	391.3490798499608	0.6352785828658036	10.068109780973392
10	427.2665310762119	0.650583925399809	0.4354085811663959
10	355.89465101287334	0.9416816706275982	18.026029697499823
10	597.9415527159384	0.5022555824815302	7.49425017448949
10	453.0955059687776	1.0977696375678974	7.895254309433284
10	1054.5418806383932	1.6104310778371196	7.895254309433284
10	955.6275438066136	0.4120050425025955	7.895254309433284
10	272.79243196732494	2.0369562487068866	7.895254309433284
10	1040.0686843877008	1.671009262979567	7.895254309433284
10	1105.941118950753	0.7222686450649278	7.895254309433284
10	291.8929722876857	-0.16029939140966465	7.895254309433284
10	319.56127903154055	-0.24863610914242634	7.895254309433284
10	689.1465637564504	1.6845055341966393	7.895254309433284
10	213.39402462220426	-2.9086876412228313	7.895254309433284
10	854.0794695740628	1.5798549813084375	7.895254309433284
10	659.6141988958786	0.765989044197195	7.895254309433284
10	1068.1024647637419	1.3929002587551367	7.895254309433284

11	399.33461188301897	0.650800531279521	9.697106285662278
11	430.7359861211418	0.5096120038911078	0.8118760157254478
11	381.1896116773566	1.0332026608094889	18.374690760824713
11	606.142329228404	0.3933644918894456	8.098935436784414
11	199.31401494566927	-0.1472115569564678	8.098935436784414
11	1128.2478961816785	0.4005364049695432	8.098935436784414
11	1190.9848389691756	1.0037154803801935	8.098935436784414
11	478.42730183647797	0.6105393077303356	8.098935436784414
11	355.70888175515023	1.4901627329438576	8.098935436784414
11	870.3168122385881	1.1667454326636195	8.098935436784414
11	144.6492647988767	2.160834591507768	8.098935436784414
11	734.6360250370217	0.8182455821858704	8.098935436784414
11	717.9059684032861	0.5000478334243048	8.098935436784414

12	413.4385532499789	0.6947174533897026	10.58582676439553
12	434.8220188327116	0.7790114288457265	2.355720861932726
12	397.2810270782738	0.9555600254732064	17.925566728245133
12	611.6541613672487	0.5251898113395196	8.2779636498561
12	471.1728412276444	0.9020200548699353	8.375902255096344
12	538.2950109209646	-0.16924141083510866	8.375902255096344
12	1225.7418357934132	1.0245381193374934	8.375902255096344
12	1211.932364308368	0.47985331204981185	8.375902255096344
12	1014.6983334143932	1.3202315171703582	8.375902255096344
12	715.6502464484549	0.16538789866316717	8.375902255096344
12	731.5133971108179	1.531993596107704	8.375902255096344
12	287.5275035661356	-0.2318032212345602	8.375902255096344
12	719.3925907519924	0.7369130676731169	8.375902255096344
12	570.5869188151888	0.9360308330736737	8.375902255096344
12	121.66725108630203	2.40338188049515	8.375902255096344
12	467.3334280644629	1.9596864467617179	8.375902255096344
12	554.1465096087451	1.6879181196146187	8.375902255096344
12	1182.2730207119207	0.7890983189129012	8.375902255096344

13	421.6735524218753	0.6909450951348541	10.781470774926198
13	431.1378448987159	0.7592940159176943	2.8920804019207473
13	415.3946722837878	1.0172790144100825	18.208442235944602
13	628.2925031717378	0.6727846710037955	8.309386270585062
13	475.1274018976403	1.020633131820283	8.320341202705958
13	1280.0984608594467	1.0079904481848871	8.320341202705958
13	1079.3496752149717	1.017215677638966	8.320341202705958
13	605.1379784170165	1.6720356902596816	8.320341202705958
13	977.2933393381682	1.4363351199510104	8.320341202705958
13	1348.191627433138	1.0222457293092428	8.320341202705958
13	114.00967642259546	-2.2405184227942256	8.320341202705958
13	1136.2829822774595	1.0172467525861166	8.320341202705958
13	75.22207352397656	1.7473299524966448	8.320341202705958
13	426.8004626725071	-0.242369551530016	8.320341202705958
13	843.8549458357138	1.7205743095759642	8.320341202705958

14	432.3690709530962	0.7917673552530057	10.885121005398203
14	434.32411497708813	0.7832067432967166	3.2165638392753566
14	435.1454364302987	1.0321051074036305	17.762733858434316
14	627.0653588147845	0.5606700055026054	8.51745004271629
14	483.8836713976569	0.941933080076991	9.024942186109408
14	1075.2427937750451	0.5138623454223415	9.024942186109408
14	1250.417368107331	0.5038304275398597	9.024942186109408
14	669.1563373091633	0.008000741901422095	9.024942186109408
14	247.35061838124227	-0.23797830933720837	9.024942186109408
14	1051.4283206942364	1.678742053786003	9.024942186109408
14	927.4812705648122	0.04876671371581512	9.024942186109408
14	677.8641733301162	1.094798892576698	9.024942186109408
14	331.68226156491477	2.2810233492782004	9.024942186109408
14	67.51539595221155	-1.2215143739014984	9.024942186109408
14	837.3566343432789	1.7282377903516752	9.024942186109408

15	445.9986510450444	0.8176014720482133	10.997102072312398
15	442.5295298810238	0.841799871289869	4.187681251009309
15	447.7598156061279	1.0644293266993121	17.958155870322212
15	638.3078703235564	0.677700317626718	8.78183818957522
15	495.06355893579496	0.9198570272460703	9.344625362739778
15	969.4524772711193	0.5467108211983693	9.344625362739778
15	856.1205541671352	0.5768588721078971	9.344625362739778
15	827.4579984860168	0.7768957710273825	9.344625362739778
15	1018.4997515427965	0.8011913394719863	9.344625362739778

16	454.4971946522169	0.9193172485277863	11.050346590867292
16	451.68516367476235	0.9219082515036547	5.014975854149158
16	468.1381458257308	0.7290753128353336	18.163217744510625
16	655.5199762239653	0.6860479419615112	9.089644049058146
16	503.983225186024	1.0823407678238648	9.6056867488225
16	670.8683110373812	0.8160496447629662	9.6056867488225
16	323.0709196970515	0.3571159054381644	9.6056867488225
16	469.99800392873306	1.238395598312818	9.6056867488225
16	498.09528780399285	0.7920579129929195	9.6056867488225
16	768.2477775305603	-0.08565629720394949	9.6056867488225
16	1098.35382223961	1.7102687502243001	9.6056867488225
16	1028.475360767651	0.7814434424238019	9.6056867488225

17	464.6353001765705	0.7471831107554243	11.259362012623818
17	452.3823022824397	0.8646822343568797	5.764189203398642
17	491.45654688609795	1.1557060250809905	18.37060706898508
17	660.5539867696288	0.6049471939558492	8.996804580164616
17	510.123127285685	1.024177009073435	9.888047093537226
17	899.8098186624712	1.5203813275398157	9.888047093537226
17	790.9485037800318	0.7394127168989189	9.888047093537226
17	1146.9903519056916	1.0377106626687416	9.888047093537226
17	604.7312843230721	1.0333204421670361	9.888047093537226
17	562.1176375555314	1.3547799816188861	9.888047093537226
17	808.3793519218572	0.018301606507932864	9.888047093537226
17	1217.7513204937743	0.9659473669391465	9.888047093537226
17	94.14307755879754	1.5873322502640397	9.888047093537226
17	1317.8879600108903	0.7001798179443947	9.888047093537226
17	1183.8078636440703	1.1767016418884166	9.888047093537226
17	1228.044593520971	0.6872326648441845	9.888047093537226

18	475.53376688483553	0.7910460769355636	11.247519415863028
18	455.5988902743668	0.9906570372968979	6.26128119000866
18	500.95618513994305	1.163113520952071	17.86350443309556
18	666.1299774757998	0.6369458218938606	9.524629387985886
18	521.9069904353452	0.6857359217548412	9.763567392490987
18	149.98807626025402	1.9617087036736516	9.763567392490987
18	981.7256418786151	-0.1307751601259503	9.763567392490987
18	151.08454447869303	0.17329725819815048	9.763567392490987
18	1094.4250179672567	0.7723124228194517	9.763567392490987
18	864.9116187549613	1.4986531093114726	9.763567392490987
18	1354.1758419464984	0.714724345358458	9.763567392490987
18	545.2136501972731	0.4483877454573517	9.763567392490987
18	1037.5138610689278	1.9102535726793701	9.763567392490987

19	489.2387644715892	0.7669026678398082	11.661764724865357
19	459.9956168373172	0.8879169481851035	6.651338785885406
19	522.3641001958001	0.8342779507015773	18.158486374605445
19	673.4425567903597	0.7859761065402378	9.319310588453297
19	532.693986029133	0.8466424431138139	10.2353174369269
19	993.0562812157787	0.359421201632778	10.2353174369269
19	331.48798530298063	0.11936019026254806	10.2353174369269
19	953.893208209634	1.0320949695607529	10.2353174369269
19	733.2590961125046	1.1304347159681152	10.2353174369269
19	824.710196694674	0.07179980370789407	10.2353174369269
19	1383.5548383930363	0.6537472486385061	10.2353174369269
19	767.7345434861109	0.058850435183510325	10.2353174369269
19	628.4133523904601	1.343615817747713	10.2353174369269
19	834.2500920558869	0.5717609279773658	10.2353174369269

20	499.09373877135636	0.8900503125031978	12.349135495314652
20	473.97514358772895	0.9969681482153991	7.363531447091599
20	543.1367449675708	0.9931063897360867	18.443354177198415
20	688.723072508094	0.684431077476182	9.838916547302768
20	543.4587304833252	0.7344494438015865	10.39092724948075
20	648.9576641294454	1.4173650553037278	10.39092724948075
20	328.30003549821777	0.13036312884388018	10.39092724948075
20	829.6594996555168	1.1480204994320762	10.39092724948075
20	865.5637353227745	1.6196933467378576	10.39092724948075
20	612.9920331771207	-0.09573559006346474	10.39092724948075
20	407.20263257807306	1.1206436871133836	10.39092724948075
20	507.8403493967023	1.2686462572575794	10.39092724948075
20	740.8097519708431	0.8254870218904736	10.39092724948075
20	662.6973642101121	0.469445180756352	10.39092724948075
20	590.1970417571713	1.8741393188447548	10.39092724948075
20	471.9701939142902	0.26227335883632197	10.39092724948075
20	763.0864944887081	0.008499273338775891	10.39092724948075

21	512.9442972773045	0.8608959336364854	12.159586798835832
21	476.36577421171944	1.0161461892341674	7.745139318285702
21	558.7768896236456	1.1539596500457954	18.065760791913714
21	695.1553902050356	0.7801705230447846	9.803329659477399
21	555.919902247853	0.6347544951131087	10.37366232831319
21	645.2459129365003	1.548481927723386	10.37366232831319
21	992.0289456410289	0.011509912751852284	10.37366232831319
21	893.466101793297	0.4443213702580411	10.37366232831319
21	736.25227917855	1.0755664707175823	10.37366232831319
21	343.5479223538302	0.10524058977126323	10.37366232831319
21	565.3339004085648	0.3778592364477387	10.37366232831319
21	249.4771799453787	0.3096741486395252	10.37366232831319
21	1255.0413885244034	0.934418821789554	10.37366232831319

22	521.6529215814334	0.9555914792523854	12.188408478717552
22	492.07854820497624	0.9659588635555376	8.574122571457469
22	578.1243456934451	0.970696444040235	17.795427026618363
22	709.9666284338149	0.8113698996691953	10.265483776503343
22	564.3652585093914	0.8920000961904603	10.677244277561496
22	1045.2573630763068	0.8706188638813065	10.677244277561496
22	952.84078912748	1.6363189561204776	10.677244277561496
22	956.8132267519977	0.7554923351005486	10.677244277561496
22	1175.9010756510875	0.9667878543231269	10.677244277561496
22	769.1014043776768	0.6099545795009068	10.677244277561496
22	191.7916811055714	0.5141870934224134	10.677244277561496
22	1139.1453177772444	1.0471173222060772	10.677244277561496
22	1036.5698573533862	0.6423531776244026	10.677244277561496
22	893.8681585894296	0.6893385074454874	10.677244277561496
22	242.18445570304013	0.8206477446516983	10.677244277561496
22	1085.9338660442043	0.6750740338051924	10.677244277561496

23	533.1780482720148	1.118861020600303	12.508551118367217
23	501.52335117825135	1.255184453600052	8.959703229808948
23	597.0922522266625	1.0212901168570296	17.70988106304646
23	718.6747940360079	0.6515909720543918	10.621591789772586
23	573.7506034056222	0.7709842366067652	11.007249460405939
23	818.8805923852127	0.09405141953446283	11.007249460405939
23	522.2608582599715	0.8601126694800555	11.007249460405939
23	864.9854468923623	0.2683877047056313	11.007249460405939
23	982.3015408058745	0.609983240499338	11.007249460405939
23	1336.4199853673576	0.7888648294329584	11.007249460405939
23	1001.0279552401101	-0.1644895954887811	11.007249460405939
23	603.4167407477473	2.016468807521576	11.007249460405939
23	1044.364314858916	1.364672005880626	11.007249460405939
23	970.840869664202	1.3953269559528487	11.007249460405939
23	571.2065722268346	0.7207552714995583	11.007249460405939
23	584.3332950248483	0.4547909345693082	11.007249460405939
23	341.0614559216075	0.3088850241374366	11.007249460405939

24	551.5315114805786	0.8680384325138429	12.571007574109197
24	504.4932135205938	1.071222559658837	9.391784630833936
24	616.7301043186832	1.027976568974138	18.00655227760323
24	719.1392996867169	0.6856609545385608	10.379495159953924
24	590.6884944643828	0.8899956254736379	11.459754929733418
24	91.20007957326307	-2.3122573345627044	11.459754929733418
24	188.02157426361512	2.871536857876815	11.459754929733418
24	940.936207743679	0.6646859036975339	11.459754929733418
24	383.6309543083316	2.024497067903006	11.459754929733418
24	731.5978762268277	1.4231424964349053	11.459754929733418
24	426.3723735030574	1.0427811145317518	11.459754929733418
24	487.88413012834474	1.3175504056747287	11.459754929733418
24	566.1778967220043	0.34609494608940805	11.459754929733418
24	855.3415284525163	-0.091892755031641	11.459754929733418
24	234.46546519877003	2.2144220578363143	11.459754929733418
24	913.1255649651739	1.0103977006906024	11.459754929733418
24	601.4845743731343	0.8041180292562202	11.459754929733418

25	561.4469457796754	0.8702614454942376	12.478862883193438
25	508.8185253994572	1.2133423362437148	10.013501452730425
25	625.850469171275	0.8798453311417926	18.18290890625622
25	742.3639059554538	0.6498245497827587	10.524145858344529
25	595.6464522834435	0.7566921091731365	11.433432508767593
25	1073.9846654599105	0.9725095545122108	11.433432508767593
25	1043.9619534321162	0.5817934295853187	11.433432508767593
25	1450.1776899235863	0.892742419842559	11.433432508767593
25	1065.4563271744073	1.078220121665506	11.433432508767593
25	339.22200798018287	1.8353878855026764	11.433432508767593
25	506.70127431239825	1.3017704934629077	11.433432508767593
25	395.26309121303314	-0.10180115368915298	11.433432508767593
25	804.7837990008934	1.2831528336037736	11.433432508767593
25	1147.9558014240204	0.8267604962027787	11.433432508767593
25	295.340368686515	1.4680241815668245	11.433432508767593

26	576.8712778561116	1.0644440697551776	12.842925861417898
26	527.8382636828914	1.1713458072392409	10.22340227540261
26	654.6147072338225	0.8457959758808521	18.120198294077802
26	748.2426490139176	1.001054699671202	10.805736668478357
26	610.0312581057099	0.7607657374306837	11.584410894925929
26	1066.507821685458	0.642494762555774	11.584410894925929
26	874.5155900142189	-0.1009146245577609	11.584410894925929
26	971.1953037733343	0.6467740812367586	11.584410894925929
26	958.038181357128	0.8861876014743234	11.584410894925929
26	1065.7330271563328	1.116403052262202	11.584410894925929
26	593.3754813468674	0.15014154072043606	11.584410894925929
26	526.0112611529303	0.5336053693512246	11.584410894925929
26	1180.0674204271183	0.7096558201057307	11.584410894925929
26	1473.051759930385	0.9203746627527831	11.584410894925929
26	289.1908432491159	2.416832650827124	11.584410894925929
26	174.21626882206857	-2.670222201390873	11.584410894925929
26	778.9035666999525	1.472029037794337	11.584410894925929
26	610.2730635563715	0.9919892381767459	11.584410894925929
26	591.166598943683	-0.07941694998321383	11.584410894925929

27	584.5106867617122	1.1112627344191461	12.99993434483169
27	537.0907676921931	1.1952462822995336	10.681925808569398
27	669.5287505281069	1.0252649078841445	18.281748879557885
27	758.8345504900656	0.968384404800793	10.96924897335034
27	620.4486431848467	0.811129216311968	11.820132573459288
27	715.9757103112047	0.6489840754884971	11.820132573459288
27	533.3540418165516	1.1258281546395768	11.820132573459288

28	598.9385027739677	1.0294093667201576	12.822216692971285
28	546.203898696118	1.2252386938174458	11.23382258619645
28	686.1163856029162	1.0113294904393426	18.012408643605262
28	776.2452049569712	0.7187613865973024	11.190999709961282
28	536.5634238154594	1.119134667313268	11.190999709961282
28	400.0710974175721	0.19267912752569288	11.190999709961282
28	1086.0640509750256	1.0322566813412055	11.190999709961282
28	1145.8717579491413	0.916262739749606	11.190999709961282
28	280.2682507817549	-0.07629105312170746	11.190999709961282
28	1116.7457125863318	1.335517142369902	11.190999709961282
28	757.9921601335623	0.44759987905611387	11.190999709961282
28	1136.6280231019405	0.9631601632104055	11.190999709961282
28	649.8485695548101	0.21598717017778746	11.190999709961282
28	181.7809975960388	0.98365115849288	11.190999709961282

29	615.4204941338428	0.9495844355931198	13.069198954341022
29	553.1696967234296	1.4212200125037466	11.820250863360608
29	704.2338106565264	1.0210093473954074	18.392837303244296
29	777.4475434834395	0.9024878027124142	11.487983713042818
29	642.5880122414759	0.5290411948667001	11.970405887173824
29	798.3889120703869	-0.19533159050654814	11.970405887173824
29	280.0911100903198	0.6573088339406181	11.970405887173824
29	860.0178616197336	0.337886848277294	11.970405887173824
29	702.3932757401909	1.2785500894451018	11.970405887173824
29	49.634992437352565	2.5413475842805777	11.970405887173824
29	117.45769767704714	-0.5595892223632292	11.970405887173824
29	756.1816394002458	1.0525742665897742	11.970405887173824
29	1077.8671857228967	0.3275205456445517	11.970405887173824

30	625.9031367509419	1.0252227218876948	13.163768368323524
30	572.7061855610327	1.3970991593434967	12.017526850575711
30	723.4798558400595	0.9938195405320072	18.080737469330458
30	791.882096937696	0.9232599573808056	11.258341079974674
30	658.4833049762999	0.7122885383877121	12.003006595758999
30	992.5558058349759	0.4622794109477267	12.003006595758999
30	1164.1048306229754	0.9090790864405065	12.003006595758999
30	994.8368447726968	0.4296628550980909	12.003006595758999
30	889.4458500624413	1.3146066594672934	12.003006595758999
30	720.1201630792307	-0.06541893068909072	12.003006595758999
30	1054.768980395702	0.5944431233524926	12.003006595758999
30	359.3550682376045	0.2341210586011995	12.003006595758999
30	57.98867820080225	2.904044570540981	12.003006595758999
30	883.1026755780838	0.8101188943278511	12.003006595758999
30	587.6155987712496	0.8638137570535894	12.003006595758999
30	1024.9353951122444	1.2448366625012335	12.003006595758999

31	641.1231912892919	0.9619070648024031	13.013171831263984
31	585.3951631893274	1.361361892031854	12.436808916054702
31	735.9837617529705	0.9087254538666618	18.054857556728003
31	802.4388968913354	0.839943469152476	11.560100497467966
31	663.3154734580663	0.6843851994236823	12.258578050522623
31	103.6822057824326	-2.970882453153741	12.258578050522623
31	1034.2388896431958	0.6553137449350339	12.258578050522623
31	867.5490575671256	1.5151532370913696	12.258578050522623
31	1076.1513331521446	1.2513034052647665	12.258578050522623
31	1041.4476965766967	0.5556401650648426	12.258578050522623
31	1125.9985404863169	1.1868066661287553	12.258578050522623
31	777.4962631313389	0.49495970217323176	12.258578050522623
31	926.8493455780564	1.0190743818506027	12.258578050522623
31	103.60332117675017	-2.8247534423781135	12.258578050522623
31	219.99446328103838	2.4023918392164494	12.258578050522623
31	283.35565811229884	1.0662438704940305	12.258578050522623
31	1008.5811242611782	0.5087291732966688	12.258578050522623

32	656.4125102245381	1.0079515181841094	13.40971915260962
32	592.4841235124496	1.553367625413698	12.17334085483675
32	758.4807160684393	0.9973240819244386	17.784157957756488
32	815.9784117104385	0.9781290794330628	11.540608138984313
32	680.9407299932409	0.5338896901362388	12.548286041629511
32	1290.1802631422763	0.8107099723228914	12.548286041629511
32	1259.6166267570952	0.891156325848561	12.548286041629511
32	323.5905732685041	1.8905290338270513	12.548286041629511

33	669.732268231475	1.067329497560072	13.256624752887015
33	605.5359887281867	1.4198587101105695	12.888545649405716
33	775.9833576459141	0.9218812202270784	18.053547743417774
33	831.8885919703133	0.9843993817381145	11.795541932074036
33	688.9441836102604	0.5474029659572827	12.493268328178273
33	894.2871077825498	0.5344746050769134	12.493268328178273
33	366.4860682045475	0.38954958604553	12.493268328178273
33	255.99672420752435	2.5601704358745456	12.493268328178273
33	1210.1176384083494	0.6104292245831102	12.493268328178273
33	186.9503778657389	1.804157329278159	12.493268328178273
33	663.3494788579686	1.1242340232769057	12.493268328178273
33	1046.6478781965168	1.493472755085618	12.493268328178273
33	404.3675193537332	1.378671515606348	12.493268328178273
33	245.5461147271765	1.7251785682037453	12.493268328178273
33	166.26080372178012	-0.5563448142451378	12.493268328178273
33	783.2319336157486	1.0374167939049928	12.493268328178273
33	1087.270332070021	1.3020434994272254	12.493268328178273
33	893.7296591809563	1.3626952144580347	12.493268328178273

34	682.1428726833934	1.2665672251240063	13.52841796179193
34	615.8848183331299	1.474687584686096	12.784610203378557
34	795.4169245711009	0.9475966055007105	18.438766385972396
34	839.8358624371353	0.8426933744305034	11.75368524028863
34	707.3329267756424	0.6225619457177286	12.340031222624663
34	716.0924444742076	0.5012916232060283	12.340031222624663
34	618.7532369317194	1.8072203191792693	12.340031222624663
34	312.744681450579	0.9319145883572189	12.340031222624663
34	779.5976668827999	0.7742539129232981	12.340031222624663
34	246.95370129525026	1.1754717901059188	12.340031222624663
34	1329.047964617193	0.8942847986134688	12.340031222624663
34	1182.9143663084367	1.0423347700408123	12.340031222624663
34	943.9545567272519	0.824727825800518	12.340031222624663
34	86.27338252964904	-3.1523290888954074	12.340031222624663

35	691.4509832388292	1.2473408764401808	13.49604288793629
35	633.8510925239644	1.3596100058861247	13.031729150928173
35	805.7189304421637	0.8473434253666994	17.552461306711667
35	850.7697185339298	0.8959882478713928	12.203239361935212
35	718.8993719989019	0.5630544534520769	12.248435219838354
35	161.85405054046484	-0.4238751976092334	12.248435219838354
35	719.0932201454469	0.3348057875127445	12.248435219838354
35	999.4728808879421	0.31279675994308515	12.248435219838354
35	411.7274043957839	0.9467021117375923	12.248435219838354
35	1198.0163313566113	1.0876450926195746	12.248435219838354
35	850.20306976091	1.1291945941988901	12.248435219838354
35	1152.3021081524255	0.627210885851495	12.248435219838354
35	961.1836727472968	1.523523647692322	12.248435219838354
35	357.52295134376453	0.06380411631952042	12.248435219838354
35	922.8383497147404	1.483766392663164	12.248435219838354
35	660.5685719564536	0.60873870774156	12.248435219838354
35	876.8955868007575	1.1084582791112572	12.248435219838354
35	971.5169713388486	1.0752342552449825	12.248435219838354

36	704.4363420089871	1.0186399052087098	13.653495766243758
36	644.7960224388551	1.4266508943145872	13.09851497283598
36	829.0045452194232	0.8696627008847821	17.707825954061153
36	863.2025102801447	1.0493517132587065	12.068852433581396
36	728.2945203614397	0.5691013183797465	13.153636885521903
36	840.1385256916006	0.9150199976829793	13.153636885521903
36	213.9177918393623	-3.1587459952717145	13.153636885521903
36	1009.7662489793917	0.9838238058167675	13.153636885521903
36	578.898307170882	0.9756220294109227	13.153636885521903
36	413.16445740668166	0.825794877653616	13.153636885521903
36	754.3703850041505	0.35502622866950667	13.153636885521903
36	1117.648108603056	1.2487049533377963	13.153636885521903

37	722.6789367162586	1.1945514938378303	14.148395175235263
37	655.9844382155482	1.407283107136979	13.99576006054738
37	843.8160274374824	0.9949193864149254	17.800396162403924
37	878.9997263113943	0.8632998843636739	12.114084485141603
37	747.6469843606038	0.609040002319773	12.77174292332738
37	977.9600674207577	0.7932912948022074	12.77174292332738
37	930.2876697993955	0.11092870596128573	12.77174292332738
37	917.2354597638284	0.856918940460546	12.77174292332738
37	263.65220146412315	2.768308810949438	12.77174292332738
37	448.3034575301414	0.03927412220597418	12.77174292332738
37	1004.7986698445332	-0.028487093984843205	12.77174292332738
37	424.6465293446601	2.1738121030609308	12.77174292332738
37	514.7670935067058	1.034858686932034	12.77174292332738

38	735.2870671402894	1.1199157301809226	13.549766153080737
38	672.7355252371409	1.4906669600372067	13.791051712981101
38	862.2633953454188	0.9125964907448658	18.08539619238089
38	886.6212118711453	0.8795345420328269	12.314119950979293
38	752.1445660863177	0.5261366686640364	13.016936133534422
38	696.3562103249784	0.7302149994705195	13.016936133534422
38	934.5919873801828	0.3863733461811319	13.016936133534422
38	1038.510626864462	1.101144852044394	13.016936133534422
38	888.118379798149	0.3149537722712943	13.016936133534422
38	822.077005739622	1.465093317315059	13.016936133534422
38	704.968489618531	0.9465811651258916	13.016936133534422
38	811.2502795946083	-0.06722864951825391	13.016936133534422
38	848.5881445300596	0.9788555462205619	13.016936133534422
38	848.7169251322892	-0.04765736009952532	13.016936133534422

39	749.1797958441491	1.0467149511565195	13.788638710756535
39	681.4461625947571	1.4849904682900454	14.267702454836579
39	883.6043989694173	1.0050711068066065	18.344237090071775
39	894.9090789855348	0.947479051737295	12.389411442595502
39	773.7558996933408	0.5638232010261083	12.76316794693177
39	889.6662297137964	1.314595323316898	12.76316794693177
39	781.4675386459257	1.5462836450773625	12.76316794693177
39	971.1347465029775	0.1406735605210535	12.76316794693177
39	978.9244904877648	1.7354530836684585	12.76316794693177
39	1278.0067534859527	0.7386610650604156	12.76316794693177

40	760.2554201859514	1.148076051227858	13.683338344906163
40	700.7906372532944	1.357368426058196	14.29927238252647
40	899.4318596337956	1.2772854099573745	17.93340865562785
40	911.3499533624419	1.0525366839476806	12.411653480597993
40	784.7579093358197	0.3818818328314566	13.257937087910697
40	1113.4801871094473	0.7060297920659688	13.257937087910697
40	1361.9516947384882	0.8265610371466414	13.257937087910697
40	1042.0840445566962	1.256274233188518	13.257937087910697
40	1008.1563051125622	0.6202629019357069	13.257937087910697
40	515.6578932630628	1.9630580171193472	13.257937087910697
40	1046.4701860637153	1.6745817915390888	13.257937087910697

41	769.6554674566322	1.164961542025914	13.954589609786257
41	717.9423540476233	1.4152958576006753	14.434863056213302
41	917.8357112820595	0.8891237154599233	18.145741794777262
41	930.1815716669487	0.8524558785318435	12.270647389650469
41	792.7844616404	0.5159489571185847	13.140850341346018
41	438.6029481353056	-0.0926437593365454	13.140850341346018
41	1243.326609328517	0.6389964005944342	13.140850341346018
41	369.2023404857191	2.119385650091064	13.140850341346018
41	910.0759391366933	0.46036183581194096	13.140850341346018
41	619.1889573382979	-0.04067757766582579	13.140850341346018
41	699.3544733106818	0.9302107385461634	13.140850341346018

42	787.5189165918345	1.2007582691852172	13.770288367074803
42	731.9168221389459	1.5916609325840856	14.596272513113638
42	941.2744444481257	0.896759306738813	17.72654919522504
42	934.0495768108357	0.9860800658181265	12.55726548754649
42	813.8522016281955	0.39694747545826403	13.402263763505317
42	459.5545135871676	1.9016506405565423	13.402263763505317
42	522.7877115693602	0.4633017699614507	13.402263763505317
42	746.3361972740979	1.663727912539065	13.402263763505317
42	718.1507869842384	0.8941026491447244	13.402263763505317
42	239.60095275736566	0.16986043653359595	13.402263763505317

43	801.3164872601245	1.1449272716294505	13.80752063368117
43	747.5682552193584	1.5926128490710993	14.783805336931495
43	958.0613654219708	1.1583138790166172	18.51128302916146
43	952.2578328723586	0.9939010815627434	12.676117767401683
43	824.2421671563714	0.48325457668594635	13.191093476075736
43	229.04739974402366	2.97399731781343	13.191093476075736
43	845.1576014990144	1.8192268096625026	13.191093476075736
43	881.1041279607465	0.420198225208942	13.191093476075736
43	372.0115225931669	1.081798161186107	13.191093476075736
43	1046.8896168352292	0.6613324619886838	13.191093476075736
43	892.6772573518263	-0.035967017243050854	13.191093476075736
43	135.71848860421238	0.7414989888745487	13.191093476075736
43	452.76206533969906	0.7045400908838606	13.191093476075736
43	468.4986856446209	1.1946943808788135	13.191093476075736
43	399.1650074296488	1.0612288379038677	13.191093476075736
43	644.5821980500832	0.9083297553838589	13.191093476075736
43	78.96368830519819	0.8727015450326243	13.191093476075736
43	987.0026026411933	1.6705247755650814	13.191093476075736

44	816.8530951294784	1.149122791395902	13.741767905319955
44	761.4670666942303	1.39417590125024	14.684008738201104
44	966.349352733175	0.9346339412338927	12.863533948362962
44	839.6394426920382	0.5078297027532568	13.26633187451228
44	1025.6179487165214	1.2976417532625688	13.26633187451228
44	590.2166251049998	1.6232460296163373	13.26633187451228
44	139.18433026166912	0.12069554689139152	13.26633187451228
44	1138.8721088610223	0.9690379703497557	13.26633187451228
44	853.0984668590204	1.374188012990647	13.26633187451228

45	831.9721623894322	1.2177915219602886	14.17344455528787
45	774.477981538156	1.5532827006729426	15.008569475170875
45	990.9985921353821	0.9027371287008417	18.354631401913235
45	976.2281956034972	1.1113623402377053	12.724078093747474
45	852.4220317120717	0.541318867707846	13.362533507896595
45	624.0683939234842	2.008703948105135	13.362533507896595
45	1324.8278226579494	0.7630353494137704	13.362533507896595
45	840.2935862098786	1.3608090600537401	13.362533507896595
45	211.02391099266316	0.28014559848066617	13.362533507896595
45	395.8113446230839	1.5917282892703275	13.362533507896595
45	1124.991670601977	0.7201314241899013	13.362533507896595
45	190.9606463447583	2.8850386923266877	13.362533507896595
45	932.2454830338402	1.212170281633256	13.362533507896595
45	337.22179631239334	0.31301508824020374	13.362533507896595

46	845.5750134474303	1.1248321515551392	14.162492077814509
46	792.5016563948222	1.4948600849808202	15.121067340411887
46	1013.2176850329485	0.8664893512692369	17.919959336540458
46	983.5792475212523	0.8864976199217791	12.485389946046535
46	861.6417429038921	0.4560488568184945	13.384015799667331
46	887.6475272818321	1.1617143030954524	13.384015799667331
46	983.5491789668423	0.9583125181301635	13.384015799667331
46	778.3184227298037	0.25264911567110904	13.384015799667331
46	865.575107901653	0.2244810808086635	13.384015799667331
46	668.6082435126572	0.7610029251765534	13.384015799667331
46	614.2928648003973	1.020708235116591	13.384015799667331
46	195.45525964141416	0.5919390301660321	13.384015799667331
46	889.5460496325334	1.3938752999734811	13.384015799667331
46	1119.4149535201354	0.4749300907737803	13.384015799667331
46	813.1025704816456	0.9513486814375398	13.384015799667331

47	860.7366869173597	1.2386644703043728	13.966525344690329
47	811.3328804541197	1.5298700378388774	15.256872557792004
47	1025.1971093091458	0.898892846644797	17.73135799428417
47	875.4792853091232	0.4733651146676696	13.534333915725338
47	337.51767027034333	0.0640396131127392	13.534333915725338
47	979.9939844163141	0.8987124949620442	13.534333915725338
47	54.77723996176694	-1.0108154861946368	13.534333915725338
47	881.2112200681461	0.3038367679848437	13.534333915725338
47	39.17211636935132	2.359126668627977	13.534333915725338
47	932.6288255286216	-0.05901605970429619	13.534333915725338
47	900.5693254763708	0.23085013826576245	13.534333915725338
47	655.0029568422234	0.06333132080623655	13.534333915725338

48	872.6792741854334	1.2806065383011376	13.926616833826772
48	824.0512151673545	1.4966262138684874	15.328122976449553
48	1051.9926109490066	0.966609658617921	17.958537633689016
48	1015.831248452534	1.0830832682209854	12.956849579553674
48	891.8673475921074	0.5693518932921053	13.728579822479125
48	836.0113446901378	0.6403375986287481	13.728579822479125
48	943.9155290695267	1.3522344480820572	13.728579822479125
48	1135.778408007005	0.9966794351062354	13.728579822479125
48	624.6677334332252	0.6057671580556292	13.728579822479125
48	1053.9707708212911	0.5830465751833744	13.728579822479125
48	819.0206860332971	1.5478359630682101	13.728579822479125
48	675.2971391670116	0.32792838134573254	13.728579822479125
48	1135.9435900176902	1.1627515527456402	13.728579822479125
48	647.3799446520437	0.07442915013343429	13.728579822479125
48	751.3701856606009	0.08593928976185201	13.728579822479125
48	797.0902093499124	1.390712189530163	13.728579822479125
48	290.2332118115107	2.1333157933041416	13.728579822479125
48	360.0895393363904	0.7409394057011701	13.728579822479125
48	419.3796397416681	0.6567937594679487	13.728579822479125

49	886.2392651738608	1.1251554514123252	13.997782668826416
49	839.2021213351306	1.5865446895966564	15.58790178133244
49	1065.8664815941545	0.949539882574863	18.401537468855604
49	1028.758911924779	1.0681535478350304	12.964823102246976
49	148.61010895874483	1.9948485845014203	12.964823102246976
49	896.4769693339738	-0.19391288077650143	12.964823102246976
49	1032.946843658486	1.7901950651026572	12.964823102246976
49	1022.3736520451923	0.4833096205363191	12.964823102246976
49	1116.8608333758207	0.9066717674569407	12.964823102246976
49	690.8295178389898	1.433206593295456	12.964823102246976
49	579.4356677985171	1.5097683495675074	12.964823102246976
49	107.21809723795744	-2.0987988497157266	12.964823102246976
49	1306.7266332140805	0.7682676250197278	12.964823102246976

