scan	range	bearing	velocity
0	318.031665373942	0.3210775489151769	4.8664042135853425
0	464.9327026521595	0.15748351676018718	-6.467774691865778
0	180.78962367327455	1.0244364493517841	18.261548219421314
0	544.3482486561657	0.30998023625953	4.188122001530555
0	398.00875902763	1.402113232772179	3.0933135161869814
0	973.5878584894793	0.09240302885554037	3.0933135161869814
0	659.8385189847784	0.1895811056870743	3.0933135161869814
0	390.27365213348344	0.6669172851217485	3.0933135161869814
0	554.474899561176	0.797615753040701	3.0933135161869814
0	214.1550042890636	1.8872270686043866	3.0933135161869814
0	1323.670042880552	0.9755469799687135	3.0933135161869814
0	1073.1342819557974	0.7382818016594244	3.0933135161869814
0	403.6723241469637	0.9315176327706948	3.0933135161869814
0	667.5138187311942	1.6278024213452502	3.0933135161869814
0	361.83476249257103	2.292313308859522	3.0933135161869814
0	1139.613827716863	0.8265381431622736	3.0933135161869814

1	318.5740900990476	0.4039112417377125	5.4842605942348515
1	452.92638524336917	0.22340108035022405	-5.535063173900407
1	201.3145781266267	0.8355991711004609	17.666802571240506
1	549.8705774625475	0.15499907658662407	4.283049650050452
1	397.889194720534	1.355346762384027	3.7561039721205005
1	905.4868401126471	0.18811017390699936	3.7561039721205005
1	325.22680112195525	0.9979359992920356	3.7561039721205005
1	983.1343635482168	0.718975416712416	3.7561039721205005
1	1011.2014993006474	0.5677167576006498	3.7561039721205005
1	554.9286328336682	1.709167962688695	3.7561039721205005
1	471.63829029198996	0.7502073468755945	3.7561039721205005
1	1367.346373188346	0.7714610914635747	3.7561039721205005
1	1003.6962904991681	1.6069878058852964	3.7561039721205005
1	682.286530631821	0.7875036904942306	3.7561039721205005
1	770.8543841233881	0.40326958428172377	3.7561039721205005
1	344.6395242606447	1.2577769967064643	3.7561039721205005
1	287.8315065276582	2.4087235433988354	3.7561039721205005
1	744.9869284016324	0.9168258908604418	3.7561039721205005

2	322.51621837087407	0.38381815206094083	5.458898015305886
2	451.72873103145776	0.31052043092998816	-5.117228174603297
2	215.22799744284947	0.9577290950718182	17.696711393138674
2	556.1932869313493	0.4659208880208329	5.092879169001097
2	404.6965079753049	1.2677744232066606	3.7944150770446186
2	1030.069559080735	0.5372184999233571	3.7944150770446186
2	477.5154224635755	0.5295969006286482	3.7944150770446186
2	1064.9566223075587	0.5550683590665414	3.7944150770446186
2	297.2829477314189	2.2900709865605613	3.7944150770446186
2	1293.5188106568426	0.8011086770737852	3.7944150770446186
2	1055.1610305329782	0.6884302533627555	3.7944150770446186
2	719.7478639800969	0.6127025599544526	3.7944150770446186
2	130.6023685894413	-2.86784068270625	3.7944150770446186
2	492.237830411741	1.852835325554014	3.7944150770446186
2	1305.2634915620179	0.6830232624184757	3.7944150770446186
2	781.443875548807	1.7540819194303612	3.7944150770446186
2	983.2779128871405	1.8110266040259022	3.7944150770446186
2	483.8242774687903	1.9081772196340432	3.7944150770446186
2	329.95216745727754	-0.292451420036266	3.7944150770446186

3	447.18830503523577	0.5027387587998601	-4.255687294874516
3	238.00321623495896	0.9542904136764515	18.095950609601008
3	558.2217956990393	0.40230540872643517	5.246783870972772
3	408.415534016124	1.223342380460063	4.953736708036902
3	985.0307769449781	-0.10344665980105852	4.953736708036902
3	353.28794542745794	1.223273302735764	4.953736708036902
3	561.0428759945077	1.9772623853840778	4.953736708036902
3	970.6241887783403	0.69540375199288	4.953736708036902
3	710.5114209946321	0.17335875356139463	4.953736708036902
3	654.2658550498943	0.8517304198746867	4.953736708036902
3	100.52850173849414	2.2951423412628316	4.953736708036902
3	621.8890560283835	1.4043101716940698	4.953736708036902
3	173.43507916905168	1.7853932081921267	4.953736708036902
3	665.9486670429557	1.1898437682743728	4.953736708036902
3	508.800185205372	0.30236822187199364	4.953736708036902
3	869.8377784169662	0.34210863325742247	4.953736708036902

4	436.5576141704185	0.4002523500657714	-3.8516493536607643
4	255.96006785893263	0.8882597719414992	17.67475023578098
4	561.7731273620518	0.34299245538075107	5.910371286864788
4	415.0796287481397	1.1679910368018793	4.968098439003327
4	505.71377520120745	1.0098374082377748	4.968098439003327
4	827.4092343901991	0.46440168218409544	4.968098439003327
4	583.158784340708	1.2760351687537375	4.968098439003327
4	296.018780921194	1.464131468944537	4.968098439003327
4	404.4880024046984	0.3115946652925723	4.968098439003327
4	1379.9418983401886	0.7274403984228509	4.968098439003327

5	345.3231836034256	0.5681673479334912	7.548294122181649
5	433.98404416187714	0.3917450348783285	-3.24395706857687
5	271.29135890423834	0.8906445510407894	18.32346448544252
5	566.6074991015155	0.4632333408887352	5.745333841346266
5	416.44323706604786	1.22791988068352	5.665471970768349
5	50.04621004527743	2.6707171629838276	5.665471970768349
5	1052.8733999327135	1.120032735515052	5.665471970768349
5	665.1735535046822	0.9134204455997534	5.665471970768349
5	1025.5683433151078	0.3612383571888469	5.665471970768349
5	1012.7234390197763	0.6780251841424361	5.665471970768349
5	754.821107686373	-0.10926743832310618	5.665471970768349
5	588.3998323161532	1.6417353393341594	5.665471970768349
5	829.6664493399984	1.5309701781081402	5.665471970768349
5	562.2279293964593	1.048471270430181	5.665471970768349
5	372.7568133404263	1.901288379307422	5.665471970768349
5	1179.3966587680095	0.5874154995156449	5.665471970768349
5	1154.6392107640245	1.2652595217457383	5.665471970768349
5	344.75493182350056	1.5213094536548868	5.665471970768349

6	359.2519079169765	0.39891682323624916	8.093457883727307
6	431.5482235217585	0.4965723404769963	-2.441560096277645
6	290.90177716147605	0.9863545350886975	18.135642662812582
6	574.3542241699323	0.3918782824880943	6.207148529093844
6	427.1053423925432	1.145748088728796	5.90308101964527
6	792.8268624768907	0.7985620855662118	5.90308101964527
6	670.3259467565559	1.162469929637171	5.90308101964527
6	892.0024393692097	1.1099876332895604	5.90308101964527
6	738.401902782924	1.7617773918920345	5.90308101964527
6	889.5785847808845	1.2387219380278334	5.90308101964527
6	908.729103311589	0.40761174530183203	5.90308101964527
6	311.4438649445102	0.2979384452588899	5.90308101964527

7	360.86208397866756	0.4534860239059475	8.603101205922599
7	434.21921393064537	0.6155839766307835	-1.760268926890811
7	309.20922808504963	0.972072030157379	18.014273775409738
7	578.8512019055606	0.43942596317443866	6.673474303844681
7	430.6176984599874	1.154276786586293	6.447731365268936
7	356.30460384405075	1.7604773676722623	6.447731365268936
7	1022.8884944174906	0.6424825845687724	6.447731365268936
7	1021.5520664116165	-0.058741926284828466	6.447731365268936
7	536.1830617499944	1.5315389934020747	6.447731365268936
7	889.4476023505295	1.434924834451149	6.447731365268936
7	936.49921404188	1.0474347290638542	6.447731365268936
7	573.8581778360115	1.7869150783722911	6.447731365268936
7	101.91480456152925	-0.44876346312433996	6.447731365268936
7	151.0812927398576	-0.7455143762684462	6.447731365268936
7	587.2520362015915	1.6774329059497035	6.447731365268936

8	372.55851883813483	0.6200595403002467	8.977653706597163
8	433.4648536893808	0.5253838954137799	-0.6308344084472995
8	321.98841303500484	0.9503213252024438	18.075185631404963
8	584.867053910841	0.46905802070891933	7.143457068380187
8	434.2468191325657	1.194210271257996	6.936867023001803
8	668.6352003627113	1.6475453509552853	6.936867023001803
8	508.63625412874575	-0.07186801357697989	6.936867023001803
8	969.737932900878	0.5561183029465735	6.936867023001803
8	232.20001564218373	1.434837152910837	6.936867023001803
8	390.8292855591424	-0.016322839490583052	6.936867023001803
8	958.5518956365017	1.2017102037689815	6.936867023001803
8	1050.578750593942	1.719810167299597	6.936867023001803
8	1125.9813539211834	0.6885288545951895	6.936867023001803
8	1038.429171239826	1.0877964114447554	6.936867023001803
8	841.110466605091	0.032092558506621335	6.936867023001803

9	378.24334821309986	0.5482743782567578	9.245937794635827
9	426.18858339157055	0.48292304780555995	-0.21501725473544253
9	346.1446056768999	1.0269498631163085	18.2701887468341
9	586.6911676652383	0.47981804568762765	7.337671437606946
9	444.98036695161323	0.8959240274951609	7.304436931754901
9	809.780325195325	0.8250719711788498	7.304436931754901
9	956.4656139293518	1.6143457151153244	7.304436931754901
9	628.9736558674537	1.8608139447830017	7.304436931754901
9	960.5360269581319	0.8645589198930423	7.304436931754901
9	727.1375961138526	0.9880503935324805	7.304436931754901
9	301.95779099214997	1.5638470478132294	7.304436931754901
9	572.5327001822521	1.913697146002478	7.304436931754901
9	715.0840557078635	1.1886153354230002	7.304436931754901
9	898.8459093540747	0.527784804903239	7.304436931754901
9	860.3261996369512	1.6005941320636767	7.304436931754901
9	229.98856800146896	-0.22391700040579426	7.304436931754901
9	913.8029925033267	1.5570582111354787	7.304436931754901
9	640.5992550545955	1.0415158652999559	7.304436931754901
9	1103.623189010661	0.5004254709502151	7.304436931754901
9	147.83326892571714	0.11843797906826503	7.304436931754901

10	396.2000437108899	0.6471674306946414	9.543357170328127
10	430.37252594566297	0.6378204835813477	0.3767703066772239
10	598.6135125267116	0.4275397378077765	7.458677046757959
10	450.300076547152	0.9474327313413351	7.56724660677819
10	595.368252234265	0.032223799190745694	7.56724660677819
10	916.2147684415988	0.6814753324433653	7.56724660677819
10	630.9135013728915	1.4052714858713982	7.56724660677819
10	693.039835528996	0.45314413096028855	7.56724660677819
10	553.9375816361617	0.7521648381215207	7.56724660677819
10	675.9240197816488	1.3086787490337068	7.56724660677819
10	562.8638198738897	0.7609335618132879	7.56724660677819
10	137.36701002114972	-2.9282191219545814	7.56724660677819
10	1275.1115111393176	0.7970196925103235	7.56724660677819
10	316.3220913174021	1.2179902815660664	7.56724660677819

11	398.87784571940443	0.6708969572070671	9.912296766560099
11	429.4412932454851	0.6042267939416295	1.0478016043122065
11	379.14807129841597	0.8547239381724809	18.04465049197256
11	609.7943751186992	0.4537430306847926	7.455344566453523
11	452.9784869789649	0.9824507289293913	7.9741585061578855
11	485.42401770877035	1.3511043358883965	7.9741585061578855
11	1095.6613463542435	0.48916207128135614	7.9741585061578855
11	975.2097754964199	0.9402882510817908	7.9741585061578855
11	375.85114814941426	2.21339162092981	7.9741585061578855
11	92.05219923895025	-3.11009534729931	7.9741585061578855

12	409.8734929549916	0.6421715677297212	10.672540234838436
12	433.88277972007126	0.8020948183012824	1.9524078132225415
12	392.81855896827386	0.8975358380486468	18.04913108488168
12	614.1925286210878	0.6633492717284646	7.742727320335476
12	469.94144308815174	0.9909510505223594	8.093942619120144
12	826.4960582352139	1.5432054488384144	8.093942619120144
12	1129.817775969151	1.1436598738621777	8.093942619120144
12	1022.4410740306275	0.8648381226693487	8.093942619120144
12	647.9026761204789	1.1396177370478908	8.093942619120144
12	1199.406698839569	0.7211705390122973	8.093942619120144
12	1015.9851911140498	0.804784641995886	8.093942619120144
12	711.3325084385452	1.544741236793269	8.093942619120144

13	423.49584242082983	0.7642885552228194	10.636014318762877
13	432.56590222659764	0.6492587552755362	2.9290260625790525
13	411.4875138893356	1.1156771425861733	17.73082578290106
13	621.8847801116103	0.6437143100827132	8.107492850162147
13	473.4364888917128	0.6442180503498927	8.583905841652777
13	203.9868294680408	1.4071738290802425	8.583905841652777
13	898.5138130109331	1.717684199754166	8.583905841652777
13	830.9567770063379	0.23792923494271262	8.583905841652777
13	920.2090610143231	1.0871609320281477	8.583905841652777
13	1459.324602850821	0.8303123837832351	8.583905841652777
13	69.42847836259325	-2.18582371958772	8.583905841652777
13	773.1748714034477	0.17170874013818982	8.583905841652777
13	424.8766010369841	0.37233265360199147	8.583905841652777
13	502.89867561419686	2.027544597912335	8.583905841652777
13	589.8674751217345	1.6719577752594978	8.583905841652777
13	373.04068231989254	0.8049354854147024	8.583905841652777
13	1235.8004532407722	1.034150180510801	8.583905841652777
13	971.7344116210262	0.37650968596186635	8.583905841652777
13	1008.293325051849	0.7589213852445135	8.583905841652777
13	1016.5687641474063	0.9824640535228094	8.583905841652777
13	119.80619384887314	0.07328123995076172	8.583905841652777
13	823.7252585058748	1.3542645151280395	8.583905841652777

14	435.5266835880073	0.9148985838462964	10.796444200674271
14	442.15221948132114	0.7466144576658468	3.670440504648328
14	433.47510448935685	1.0611628276478506	17.808260692362886
14	630.0622940537845	0.5941097684036003	8.691020729253795
14	487.32153650249967	0.8442940415944294	9.1254291372756
14	1302.5488987978854	0.5969694073066449	9.1254291372756
14	818.9656745802092	1.8886297374935828	9.1254291372756
14	642.9221118826536	0.7635865344137727	9.1254291372756
14	1015.1273624232638	0.8012278976521179	9.1254291372756
14	1020.1751024782733	0.6500872690164946	9.1254291372756
14	737.1370003729636	0.4535050630527332	9.1254291372756
14	493.5819983575825	1.2540002329317812	9.1254291372756
14	646.896636464712	1.3631064082582278	9.1254291372756
14	1087.8190752143971	1.0303862569524436	9.1254291372756
14	294.4513604327767	0.5908328149140896	9.1254291372756
14	851.8720565899249	-0.23532833562297806	9.1254291372756
14	471.64501143855546	0.24793696889509254	9.1254291372756
14	1051.0721776857222	1.7397244351001477	9.1254291372756
14	454.47154997967596	2.0261924605954285	9.1254291372756

15	441.6136486515263	0.731101200934187	11.132683920838495
15	451.47198236171613	0.9449742152491168	4.475596665891043
15	454.6655442344449	0.9633055608740078	18.04906166172742
15	640.7284648954245	0.4628331444814539	8.754850590590944
15	489.18639508608624	0.9277727123770143	9.420620190627252
15	897.891933923757	0.7356210117975248	9.420620190627252
15	761.8281551567613	0.20862849326971278	9.420620190627252
15	90.12805984141113	0.3850654505513258	9.420620190627252
15	319.45202796345285	1.3033788911102944	9.420620190627252
15	924.6769917935906	1.7433939933782567	9.420620190627252
15	424.183814966745	0.8817713676965669	9.420620190627252
15	417.11365111151974	1.7284129392873535	9.420620190627252

16	453.904060392141	0.9193813053033757	11.21434334159465
16	448.31782320538264	0.7906266164072002	4.913070630142411
16	467.5465706220517	0.9938542447164128	18.062056718364353
16	653.4285225836496	0.5382885027889477	9.399030506505557
16	504.02317171643864	0.9227635119077103	9.709164647298078
16	94.76931387313633	-2.3015544864742665	9.709164647298078
16	1081.949499633108	0.6469324450586725	9.709164647298078
16	964.4674060299337	0.4943080874269693	9.709164647298078
16	872.2612055804457	0.23820445244611707	9.709164647298078
16	1117.0773639009728	1.395967206064271	9.709164647298078
16	1175.8383338570818	0.8060496624008331	9.709164647298078
16	891.398886749553	0.7032754901252377	9.709164647298078
16	828.0644301521259	0.11024507810544086	9.709164647298078
16	743.0881540950529	0.8732285955393736	9.709164647298078

17	462.5259715132875	0.7458995967062891	11.590561595508955
17	457.6828904819972	0.9827232815273409	5.866189320810743
17	491.7100797175639	0.9473902750213234	17.72782011937828
17	662.3008147485252	0.65917946208792	9.092668578856731
17	516.9446218005185	0.8065907145098182	9.619566672966302
17	830.6815178029963	1.373703285925332	9.619566672966302
17	863.7420462065239	0.9693227527396219	9.619566672966302
17	715.5910592761965	1.8776674802730036	9.619566672966302
17	1061.3441517228719	0.924556573159515	9.619566672966302
17	296.73805321796374	1.1673442298048387	9.619566672966302
17	1113.0521450450372	0.5639390755298948	9.619566672966302
17	175.33529707760556	1.2166863009324629	9.619566672966302
17	1044.7928855087628	0.675096425070545	9.619566672966302
17	869.5636682092543	0.4923794991656215	9.619566672966302
17	381.564934658301	0.3142983997132729	9.619566672966302
17	830.041831280695	0.7499534838907016	9.619566672966302

18	481.391066549551	0.8631804098791983	11.529490985760344
18	455.2685571374363	0.9563741184468942	6.321041481673334
18	509.2195299921539	0.9793287185968673	18.141383298791503
18	668.5153359142669	0.6484033755023056	9.164541026374483
18	518.7085812961866	1.1016210479541257	10.265431706886542
18	641.059532646137	1.9362503304879555	10.265431706886542
18	526.8574659402234	0.057756120785145894	10.265431706886542
18	716.2027604760565	0.2505138306362875	10.265431706886542
18	428.1585909292039	0.11783507039741653	10.265431706886542
18	916.4088470451558	0.4729015983782916	10.265431706886542
18	804.2130191470504	0.21051151212469332	10.265431706886542
18	405.11547477857704	0.8695486325931766	10.265431706886542
18	924.6170627380641	0.6787247990215115	10.265431706886542
18	1012.0687336174145	0.5843679945000603	10.265431706886542
18	63.65389145473291	-1.32494951841029	10.265431706886542
18	1152.6205111965548	1.0770434947046137	10.265431706886542
18	532.7396595954684	1.734656921443311	10.265431706886542
18	490.4445625679847	1.1204634120817867	10.265431706886542

19	489.19900875366244	0.9958861390620452	11.87678620624283
19	520.3362637280484	0.9806949776274577	17.853212877662532
19	676.3064883049365	0.8316238977808743	9.479215193170429
19	525.5978073633261	0.8821752891969471	10.125936961849199
19	1033.2937690598749	0.18462156858625112	10.125936961849199
19	443.6024315866335	0.8459202422001119	10.125936961849199
19	910.1386892228719	0.07546297646127387	10.125936961849199
19	223.7969579935348	1.4243958018085097	10.125936961849199
19	765.6302584225591	1.8099603144609944	10.125936961849199
19	869.9331923459761	1.2816930917495573	10.125936961849199
19	1001.6086449637395	0.3771666022572128	10.125936961849199
19	541.5245668280091	1.8872371227378797	10.125936961849199
19	407.7316571737618	0.4545130881561574	10.125936961849199

20	502.5061757660414	0.9709356020439539	11.988581101850789
20	467.8985349375667	1.0389461909042568	7.3913730157659705
20	540.2186176637698	1.04734479713012	17.980832489838004
20	689.0252502238524	0.7662273610330322	9.110880524692405
20	539.7579027736576	0.9075790843275576	10.234693500696222
20	967.6972929266537	1.476173163868669	10.234693500696222
20	162.40958822630392	2.47104007342783	10.234693500696222
20	675.5372234729617	0.2519360666108777	10.234693500696222
20	848.2003217183228	0.4101600836937554	10.234693500696222
20	334.68185438019765	0.48892277287649344	10.234693500696222
20	439.7184089025367	1.6762502999103979	10.234693500696222
20	571.8838419632422	0.6368466050148847	10.234693500696222
20	37.19620528805273	-0.4061592555213529	10.234693500696222
20	663.8153238720491	1.8058299837065328	10.234693500696222
20	924.1792495589085	0.47703258062216947	10.234693500696222
20	433.60070676571553	0.07147511537195256	10.234693500696222
20	1090.5395936427014	0.6487898963992889	10.234693500696222
20	670.1367068150506	1.7994287027747995	10.234693500696222
20	982.6303059408007	1.302428349786374	10.234693500696222
20	806.2657637415815	0.45644162861600074	10.234693500696222

21	514.3375338762875	1.0059221555384708	12.025204762591255
21	479.40943402582604	1.2863407227567365	7.938160156274627
21	556.3266465996587	1.0154048327010372	18.261754370826594
21	697.0366481206186	0.6846989336185814	10.040593206366182
21	551.2979239820482	0.8456829142262545	10.747424722090685
21	755.3920860805281	0.810879580241939	10.747424722090685
21	469.48904773911113	0.5764421099646956	10.747424722090685
21	1259.6666958126864	0.9675098981909136	10.747424722090685
21	648.2697868754418	0.9102945006357465	10.747424722090685
21	837.119966369262	0.5155030960498621	10.747424722090685
21	898.9802918668896	1.4520350888763116	10.747424722090685
21	846.1363823145608	1.1032456906402348	10.747424722090685
21	289.5496733064072	1.814715040543305	10.747424722090685

22	519.1616130770882	0.927778625630972	12.590676130881754
22	581.983839977783	0.8530695788111348	17.828718012734203
22	708.8483593539482	0.6312548814898452	9.883059874375409
22	563.1855312209489	0.6761166380779745	10.989129722001627
22	957.8992428635127	1.5858726227990778	10.989129722001627
22	656.5589819688028	1.8526740397179902	10.989129722001627
22	292.89915637658476	0.5281685206481295	10.989129722001627
22	731.1565448544715	0.4014163396213508	10.989129722001627
22	787.7630105333515	0.00868276939645236	10.989129722001627
22	1011.369554101534	0.8100738354484913	10.989129722001627
22	1109.7799473534728	0.7206752179573511	10.989129722001627
22	973.4389039061153	0.7826769033391343	10.989129722001627
22	1018.4330597921814	0.9357777509475593	10.989129722001627
22	371.325707984358	0.514342218751117	10.989129722001627
22	1013.6215821949238	0.5296693748789676	10.989129722001627
22	562.1568407639778	1.074007678691155	10.989129722001627

23	534.262057903111	0.9730182904458128	12.339475710316538
23	491.220998136238	1.096139192457619	9.147550622436835
23	598.0783372130213	0.891260796774005	17.774502713802594
23	715.9688109094925	0.5712862365885009	10.309752872091893
23	572.793949492737	0.6369070006542304	11.16291791410606
23	881.6227280541128	1.7065252234882986	11.16291791410606
23	102.38608334451952	2.3146536682263514	11.16291791410606
23	705.3028710997912	0.21457706082671735	11.16291791410606

24	553.5148903804862	1.0258097462238345	12.550361032563316
24	502.23359618784275	1.2065183156321364	9.543992911270497
24	609.4633517124327	0.9664183493808585	18.047408724311122
24	730.398322242658	0.8514031422790092	10.750920676257385
24	582.6868824139851	0.6040170521465914	11.66646719925732
24	252.27314729247908	0.8650941792028053	11.66646719925732
24	887.0456206464827	0.07248163421082628	11.66646719925732
24	385.2267466060442	0.12609261664559882	11.66646719925732
24	625.512515141891	1.2797685494397237	11.66646719925732
24	718.7381178429334	1.8819260907437665	11.66646719925732
24	1092.4288186889946	1.2315826820392402	11.66646719925732
24	143.26494507398303	1.291402136573092	11.66646719925732
24	244.75548417721285	1.5528934217111643	11.66646719925732
24	746.6667853723859	1.6066645467705674	11.66646719925732
24	1023.7746607325504	1.1252040304524107	11.66646719925732
24	676.2351804428672	0.23192474367520421	11.66646719925732

25	561.0251828382923	1.1758933522294428	12.955960141823299
25	517.239870232825	1.04715303136419	9.696628854117892
25	630.759347910321	1.1278395947512405	18.004011559859162
25	738.6795262204047	0.874334778601521	10.446052578460181
25	593.6448023293192	0.7685861401114071	11.136199689140794
25	1124.7394158297388	1.0244123482942278	11.136199689140794
25	1136.9616440393258	0.4851515593255952	11.136199689140794
25	606.5914321339593	0.1978693885886744	11.136199689140794
25	836.794875647362	1.1617653644980326	11.136199689140794
25	843.5027096621508	0.01674525408986463	11.136199689140794
25	303.4575716405884	1.929499856311695	11.136199689140794
25	759.463249117546	1.3964383265018274	11.136199689140794
25	194.66771458405688	0.12911064729648605	11.136199689140794

26	573.8825840866671	0.957120589749473	12.722241210503853
26	524.2357704097851	1.1437020142415817	10.230978548695099
26	646.2855674774854	1.054487398857293	18.377670198201542
26	751.5245141481622	0.5898239626932349	10.75117877213426
26	607.2943902556375	0.6148078910920118	11.657341212077412
26	403.77655282394255	1.4413525357551698	11.657341212077412
26	863.9929934644123	-0.11000981212516486	11.657341212077412
26	1194.9373657422013	1.2800748147088863	11.657341212077412
26	921.0367035098974	1.656041129355936	11.657341212077412
26	368.71570304568735	1.9092806153116415	11.657341212077412
26	1223.5200402903642	0.7893077780553359	11.657341212077412
26	253.50655002950236	2.0917810924186115	11.657341212077412
26	790.5882379618786	1.2795514470170297	11.657341212077412
26	772.4061030685804	0.6781912934076058	11.657341212077412
26	1206.3009921145724	0.8977703458084114	11.657341212077412

27	588.5576173947344	0.9278282697316347	13.108021915458155
27	542.1705129099076	1.3105413729312483	10.475871936384765
27	673.4856810204432	0.8191771736981444	17.968838976536063
27	758.5352909900466	0.6749370595432203	10.983401167773133
27	620.2046526698547	0.7505623116711332	11.845506860497105
27	892.7774956795321	0.21135682749450885	11.845506860497105
27	780.3856198294485	0.2895361512603254	11.845506860497105
27	1181.296219618143	0.8308625729665211	11.845506860497105
27	1207.9051442411599	0.9488243011575326	11.845506860497105
27	164.01623714136565	1.0435853281005816	11.845506860497105
27	577.9557469618368	-0.1508677754337408	11.845506860497105
27	733.4713443407452	0.5302911219396912	11.845506860497105
27	1007.409750941553	-0.03152680449349992	11.845506860497105

28	595.6257267036679	1.0464823366730922	12.934212005113475
28	552.1050689972353	1.3366029861281044	11.154788092115886
28	684.2716494338725	0.9565433765341153	18.11948533603096
28	773.4915467777225	0.8576778421967846	11.135170157157111
28	627.8185478677273	0.7289218250120093	11.81996816136091
28	886.5653402778254	0.24612388343115482	11.81996816136091
28	93.9227048347124	-1.5007302789994463	11.81996816136091
28	1128.477243591805	0.8513315585907077	11.81996816136091
28	978.845083308918	0.21326841868089003	11.81996816136091
28	956.7175376845414	0.5208160090016223	11.81996816136091
28	361.69616560841166	1.9783875538833124	11.81996816136091
28	645.8035195996617	0.48720359732766794	11.81996816136091
28	1076.9119460793627	0.5901376342664653	11.81996816136091
28	857.2975982117445	0.46129519810911657	11.81996816136091

29	610.0596642986451	0.9432419840741594	12.729936663172996
29	556.4252745931071	1.2820946281963606	11.645378458458051
29	702.9733980559726	1.0048270689953973	18.387236685915674
29	785.1984097501479	0.9716127908568744	11.066442824772768
29	640.3063179539414	0.4309243518561504	12.279726000377154
29	1000.4110820665035	1.2376287235649983	12.279726000377154
29	181.87598939447452	-2.747218588622891	12.279726000377154
29	799.2538053723043	1.611875645827231	12.279726000377154
29	1293.1664238425394	0.771243154083464	12.279726000377154
29	313.1297845897603	1.5936109868240744	12.279726000377154
29	495.17274693913953	-0.10490013615561994	12.279726000377154
29	916.9364969522263	0.2368072247361772	12.279726000377154
29	934.866292275748	1.2168080120894793	12.279726000377154
29	773.5844228071113	1.807251511479414	12.279726000377154
29	961.9384003942332	0.8834960098214528	12.279726000377154

30	627.0541124551467	1.0239234075774257	13.186231964946165
30	569.6048634474778	1.3279267716630678	11.85836809677099
30	795.3854828858708	0.9989416667036741	11.281108288073487
30	661.1123495873524	0.6304129782885747	12.20340554257323
30	680.3746595701967	1.0076689002568127	12.20340554257323
30	1012.6939771289632	-0.06870294231409699	12.20340554257323
30	1066.5041620718073	1.2898548661584017	12.20340554257323
30	852.0077530871221	0.1725970306881756	12.20340554257323
30	870.5241816236421	1.677210994440196	12.20340554257323
30	328.30071247036983	1.6131908115392317	12.20340554257323
30	558.1368553433907	0.08399234288031507	12.20340554257323
30	769.4668500179095	0.1781062913067189	12.20340554257323

31	642.8806466493952	0.9986271077902735	13.232339254780285
31	576.8006705839351	1.3042261450318253	12.127827519540785
31	732.8427764295523	1.0276827628892098	18.116003016089103
31	806.3039028868632	0.8978124834709166	11.361381205849963
31	667.4776754253065	0.7106445366032462	12.436413283312916
31	810.1430841639909	1.3550121450950867	12.436413283312916
31	1178.6392380010557	0.7381671448209522	12.436413283312916
31	789.0243243365727	1.1809145611966985	12.436413283312916
31	718.4197976428644	1.0003289166671832	12.436413283312916
31	210.59883697503253	0.672990423652895	12.436413283312916
31	1098.8072175197588	0.815872715101896	12.436413283312916
31	329.13002885937175	1.9414410023406632	12.436413283312916
31	870.3965171891596	0.3969992238006972	12.436413283312916

32	653.8701268864032	0.9795799354058399	13.720454959557616
32	590.6932432036341	1.3005660406637478	12.485042998156997
32	754.3997190267971	0.9070481408807763	18.01801597011589
32	818.4063843311005	1.035402691878118	11.472550150744114
32	683.0827558365224	0.5270900608965676	12.395290692483028
32	152.27619269530084	3.054055262786696	12.395290692483028
32	748.7776103083753	1.1129941256232323	12.395290692483028
32	528.0693072977324	1.2524975368258375	12.395290692483028
32	814.4431769023291	1.4830566154158291	12.395290692483028
32	1055.7112086814602	0.6705657884252848	12.395290692483028
32	886.6398432355287	1.2615544435502246	12.395290692483028
32	377.05585729704256	1.5665551908371722	12.395290692483028
32	1304.7663797661128	0.8431704866671788	12.395290692483028
32	331.2478939231165	0.4688475046621134	12.395290692483028
32	663.0541106573378	1.39029623516207	12.395290692483028
32	1135.6564974412156	1.1029625111637045	12.395290692483028
32	185.04843346698422	2.320229467243184	12.395290692483028
32	780.1020574674453	0.2948185975631885	12.395290692483028
32	1254.0619822365936	0.652421478703672	12.395290692483028
32	919.4077942951533	1.26113168299251	12.395290692483028

33	659.9405591884267	1.1478257475162639	13.176076354634079
33	603.8405703358837	1.1867165997745626	12.254250203304032
33	773.4782713245393	1.1452943655518792	17.681541505679355
33	823.3614396349445	0.8005767335931148	11.611870473642833
33	698.624845725769	0.6037042013409488	12.417063166958604
33	849.9032602967623	0.38821634547479705	12.417063166958604
33	369.20787504151485	1.5468230005852133	12.417063166958604
33	263.07280965874145	0.7117126568886564	12.417063166958604
33	663.442505037809	1.7706529525616728	12.417063166958604
33	1007.0635956505583	1.3923478023847955	12.417063166958604
33	528.1816899121047	1.9302958535601382	12.417063166958604
33	1036.5229590986437	0.36176387183328934	12.417063166958604
33	1245.436572966477	1.0572683098843294	12.417063166958604
33	838.4587287712905	0.3985826624854662	12.417063166958604
33	222.30934470405867	1.5967584487187938	12.417063166958604
33	255.8126532826093	-0.34188120561690216	12.417063166958604

34	679.3194868202756	1.1285370468626237	13.428153199348031
34	621.9260601068103	1.3027469533671652	13.244593895438602
34	798.6693849772101	0.822915012900137	17.822250834032975
34	834.4769410119449	0.8765652184227045	11.909755018929408
34	707.2628414244152	0.6266847698002952	12.484888140738217
34	1215.655475304308	0.6028354617258469	12.484888140738217
34	779.8959009271485	0.17509533132445215	12.484888140738217
34	580.0141724747695	1.8185036468077183	12.484888140738217
34	729.3944764342782	1.9582629263777303	12.484888140738217
34	1044.647481214855	1.5352335976842708	12.484888140738217
34	957.2819871168416	-0.060713771080545764	12.484888140738217

35	691.9333793861971	1.1501619285351157	13.853987575206046
35	631.2134202087461	1.3607447219255526	13.212210966558427
35	856.5625178392602	0.9408567750781279	11.89537901536351
35	714.7809551907601	0.4962374110823336	12.616720554219905
35	486.1201705018164	-0.09418272936902741	12.616720554219905
35	961.7500535375231	1.3438837003136195	12.616720554219905
35	1001.6385993956966	1.3052369442508454	12.616720554219905
35	1017.4641858437859	1.1534874602303347	12.616720554219905
35	821.8037093135915	0.15711168892918442	12.616720554219905
35	709.4367246385274	1.2219666992569438	12.616720554219905
35	414.50536093059236	1.3233673679300082	12.616720554219905

36	709.5100036131532	1.074872373581834	13.43185111128955
36	832.376952347483	0.97884415890432	17.83008470038819
36	864.1336180470921	0.9828464470002967	11.876630773718599
36	734.4753721828516	0.5998977825055704	12.792412320845957
36	792.0835521365693	0.7988016093916931	12.792412320845957
36	777.4563219391171	1.4410073686619995	12.792412320845957
36	628.4276584339038	0.3521572684629257	12.792412320845957
36	872.5720469745223	1.1222602376515254	12.792412320845957
36	352.2933711363148	0.61924508591165	12.792412320845957
36	1189.2162082392256	0.8716105197385663	12.792412320845957

37	720.8477369628973	1.2491603824026432	13.776694241021634
37	662.2849538851905	1.6019907098963477	14.079614844397163
37	845.7305943866039	1.0660933350339112	17.912438002445537
37	875.4986726315383	1.020053060171415	11.905813239864267
37	738.5733253513315	0.5050024372089827	12.846142198162582
37	978.2598516225252	0.9252478018079127	12.846142198162582
37	1057.9973240304084	0.6796537636341713	12.846142198162582
37	621.692266335977	0.157642895888367	12.846142198162582
37	944.3794648881673	1.4896672835640643	12.846142198162582
37	1270.4826000762635	0.6935946958128816	12.846142198162582
37	492.4901714793262	1.2738843950204701	12.846142198162582
37	1041.0239601120677	0.8033578905796205	12.846142198162582
37	666.085508282829	1.6390655503133966	12.846142198162582
37	1374.768508374005	0.769896315218566	12.846142198162582
37	1070.283377197404	0.5602561364950285	12.846142198162582

38	731.025905087405	1.1332674186458216	13.362145633360536
38	673.0843168419353	1.5050952151464159	13.952178867714501
38	863.7388402288055	0.9382740046080448	17.99944235766452
38	889.1799113314801	0.8395442037373105	11.993361824567987
38	751.8788157230807	0.41886075264356387	12.779697391954716
38	1111.2424778013783	0.7552412925572101	12.779697391954716
38	947.7657868063275	0.07334195494936646	12.779697391954716
38	1024.7098836186956	1.1771623635127606	12.779697391954716
38	1123.3807548286775	0.7085866281483589	12.779697391954716
38	371.4102541516428	0.6537632985563451	12.779697391954716
38	1068.3099884206022	0.9279641165564604	12.779697391954716

39	743.0565889852883	1.2216697027837402	14.030739708896101
39	683.9656360074889	1.4651580208403656	14.315278847957165
39	884.1037019307267	1.1290750208512301	18.173564559141436
39	899.4050615566235	0.8781426086778715	12.426855868131051
39	763.9637981359979	0.7607729585160538	13.024903918931473
39	1222.3352979492981	1.0368258883732449	13.024903918931473
39	1207.7029544049396	0.8757747649215005	13.024903918931473
39	847.2518582370622	0.3874975873300033	13.024903918931473
39	87.99324212300444	0.6027865827440334	13.024903918931473
39	867.7361213942619	1.556263482968706	13.024903918931473
39	788.2207515795966	0.5097880571141847	13.024903918931473
39	715.6311538909946	1.7147066038559218	13.024903918931473
39	720.5849343264755	0.8564193142696379	13.024903918931473
39	1077.0299388866079	0.5437284095941365	13.024903918931473
39	1196.8931560116491	0.49736421814973375	13.024903918931473
39	936.4557237885762	0.2872397150039577	13.024903918931473
39	869.2982673508002	0.5692200769269873	13.024903918931473

40	761.109323419243	1.1944654889027768	13.693030214931609
40	902.6147305953461	0.9817399898633979	17.955001176909768
40	914.2202917508178	0.8870162914746061	12.47824343216207
40	783.226996964724	0.5499435106536482	12.6971017212899
40	655.2148527781226	0.04613267149500821	12.6971017212899
40	354.80215118347087	0.34096581143908256	12.6971017212899
40	952.4523727430153	0.5925297285025724	12.6971017212899
40	1302.7645154408135	0.747500159929086	12.6971017212899
40	321.6980825539023	2.2881295165222757	12.6971017212899
40	170.87685018072187	0.7961275995038797	12.6971017212899
40	1106.5281207148664	0.8477364782140506	12.6971017212899
40	583.2835708852639	1.325580088224724	12.6971017212899
40	826.5749764272956	0.8484224002536319	12.6971017212899
40	899.7519274648556	0.4254894662726409	12.6971017212899
40	215.2762646813492	0.7561721822596985	12.6971017212899
40	1005.6732396331242	0.44172338697560254	12.6971017212899
40	819.5700563359626	0.5041681394900308	12.6971017212899
40	370.4380757981492	1.3317091451691934	12.6971017212899
40	700.7209222058568	0.0030333140616361108	12.6971017212899

41	776.4222158704879	1.1369513223249645	13.781575372699779
41	716.3241394306987	1.401958174269997	14.684430807682729
41	917.0998420190853	1.1046192730050055	17.864009187591638
41	930.9912831013553	1.0079292397264967	12.355313984101915
41	795.8463090500167	0.5992976239173118	13.380420810213941
41	500.4154352346901	1.1586383624617378	13.380420810213941
41	265.217863183008	-0.3937147201683899	13.380420810213941
41	932.5561028521402	1.3006477513799752	13.380420810213941
41	546.9792188507353	-0.11575412476874633	13.380420810213941
41	431.77155845144665	0.8265595622768692	13.380420810213941
41	1098.8652350069578	1.7980449578166158	13.380420810213941
41	188.3478700528875	0.13408263445394344	13.380420810213941

42	794.7816816898633	1.1356227949513584	13.929903797617433
42	727.4379248040474	1.6748914593694375	14.514466447637759
42	939.3857420574647	1.0667403060972227	17.371080681638837
42	939.3903091808173	0.8837913811922888	12.576381882040502
42	807.7842090849708	0.5994110623619943	12.928059988661213
42	412.0487945833573	0.5849131318586169	12.928059988661213
42	405.04864300354336	-0.2603692595226433	12.928059988661213
42	871.3677781357607	1.4631288277792556	12.928059988661213
42	943.3344079648734	1.2187530541515534	12.928059988661213
42	174.13366773014118	1.030369658687516	12.928059988661213

43	799.5627418512141	1.178688329071049	13.854767399306095
43	747.0515786678118	1.580959392237164	14.687759224670671
43	957.6874708526657	0.8769626864609263	17.902407009704124
43	950.348245508913	0.9064216466406262	12.411042522857729
43	829.8124751668186	0.60032605834845	13.833453175835457
43	787.4700631458096	0.5569450976036479	13.833453175835457
43	1061.4235923349656	1.5862178074241822	13.833453175835457
43	870.4085311593853	0.09735572593271652	13.833453175835457
43	1089.733780203876	0.9312485948003724	13.833453175835457
43	1038.607862760559	1.2172791823045208	13.833453175835457
43	858.622615912995	0.35794870272860785	13.833453175835457
43	1110.846336167873	0.5093003707891096	13.833453175835457
43	246.98570864318526	1.153741286467011	13.833453175835457
43	773.3809722000359	1.2835106808291095	13.833453175835457
43	870.9053236899834	1.3655199722458307	13.833453175835457
43	1066.473186858656	1.00426436133278	13.833453175835457

44	818.8028381191981	1.2330947359564204	14.237887191907085
44	763.3739101104954	1.5361798471144679	14.584734527959768
44	960.7407592073773	1.0010760181805969	12.708454194191328
44	834.9744535758384	0.5551013063458158	13.367357662059895
44	605.5162763356697	1.3713071238342245	13.367357662059895
44	860.6977322328845	0.9666416318328681	13.367357662059895
44	808.488049066106	0.39876862001737096	13.367357662059895
44	99.72712984541079	-1.8678266515262811	13.367357662059895
44	845.233819042905	1.486477768049632	13.367357662059895
44	192.6838458051878	1.1877845561059788	13.367357662059895
44	1039.8723108196286	1.333690152337612	13.367357662059895
44	530.9178613262814	0.11948210064994348	13.367357662059895
44	483.825281173778	1.8273642159576662	13.367357662059895
44	258.07615829543306	-0.39934613569921296	13.367357662059895

45	830.2526270528854	1.2287042627841287	13.80589621085729
45	774.9444021390486	1.517313317396853	15.139888171800731
45	986.0140323277122	1.0138322117247383	17.968260882919648
45	980.8460630847068	0.9529187425905	12.4840407154185
45	849.2272050251412	0.45363034977767774	13.331280014130423
45	1207.6489636801782	0.5757870374576123	13.331280014130423
45	218.45971575896348	-3.19116824433352	13.331280014130423
45	746.7539400700468	0.9907941765262929	13.331280014130423
45	1032.7032465137834	1.5983137390122493	13.331280014130423
45	95.74217471782777	-3.107167938626109	13.331280014130423
45	1263.5047006456177	0.9302110888133568	13.331280014130423
45	667.5113681697387	-0.19056070986425902	13.331280014130423
45	1068.0378293621595	0.6800797357456182	13.331280014130423
45	121.59920618548865	-0.3653331700809754	13.331280014130423

46	846.0072782206234	1.2617528019094262	13.874976842379846
46	787.214466801105	1.594038173077213	14.915618787824545
46	1008.8399136950527	0.9657115178931688	17.85507744646693
46	985.3942882670128	0.9307933706013941	12.691112652468268
46	865.178730499296	0.4688076185070647	13.759819131725765
46	789.5998607477912	1.7453164177172387	13.759819131725765
46	236.67934101800998	2.1409152266970137	13.759819131725765
46	825.2398228306542	0.2693335480548223	13.759819131725765
46	537.779174120149	2.059383317267957	13.759819131725765
46	269.4891428306413	2.592460656430653	13.759819131725765
46	695.2010498017785	0.3076234348347281	13.759819131725765
46	181.10983587184165	0.4826364579279472	13.759819131725765
46	718.3618598595751	-0.14442333383903988	13.759819131725765

47	861.8237113095539	1.2556691521573902	13.810310104034322
47	803.3386032347545	1.5628904084286948	15.168448205637855
47	1026.0164206181187	0.8012724185178718	18.03977340940511
47	874.607854801718	0.6260149553161114	13.279281619770922
47	695.56380497033	0.8577161928718636	13.279281619770922
47	70.9075884560063	-0.0026406909660532524	13.279281619770922
47	959.4179259132598	1.1447516002754408	13.279281619770922
47	1246.9709517975655	0.5905402326687389	13.279281619770922
47	934.7025964544458	-0.17568902927636298	13.279281619770922
47	1100.3138771616348	0.8180392100402177	13.279281619770922
47	708.4757212543383	0.728322504670863	13.279281619770922
47	1133.0685254987454	0.8445112658183129	13.279281619770922
47	455.8181141734839	1.3425348954010445	13.279281619770922

48	869.8277612397388	1.2061011021155141	14.207101385453079
48	1047.6841509693531	1.073874503403337	17.905320582133232
48	1020.6005616012616	1.0271445018560812	12.927179769352085
48	887.5629381899757	0.39605177269486297	13.548851005420854
48	592.3294969459878	0.02866915183385036	13.548851005420854
48	1112.319855003895	0.8403363827798565	13.548851005420854
48	567.921595138889	1.3906279472451863	13.548851005420854
48	785.6987304084039	0.49073115643847637	13.548851005420854
48	358.0720817090516	1.1121440752005742	13.548851005420854
48	760.7214280294381	0.8624245539182733	13.548851005420854
48	585.3725908200043	1.4573355310330658	13.548851005420854

49	885.5181185681272	1.2437682798057168	14.257214954429122
49	837.6853863968711	1.5170948886597742	15.246664502141078
49	1060.7380885095786	0.9397641454317679	17.89790896022225
49	1027.3954468090387	1.0872620614889232	12.623855778160417
49	908.9827805262726	0.43266390393263937	13.866618297613632
49	683.7284436311479	1.6033373111381888	13.866618297613632
49	1083.5386411923428	0.9097326082268804	13.866618297613632
49	1197.0502511502555	0.7071100089207125	13.866618297613632
49	1007.6195000392175	1.0899453460565216	13.866618297613632
49	772.6243614682322	1.1312386906684864	13.866618297613632
49	450.7604453242805	2.158130760120209	13.866618297613632
49	610.2685117798624	1.2104529970497184	13.866618297613632
49	768.3841694005223	1.5335279627922502	13.866618297613632
49	525.8453723549318	1.8550677853325757	13.866618297613632
49	519.9896958378974	1.6102587852547527	13.866618297613632
49	820.1490506354461	1.6352651972502077	13.866618297613632
49	1048.3594540364477	1.4200014887996433	13.866618297613632
49	861.179299023221	1.0058982797078209	13.866618297613632
49	687.1830004545661	0.8521249795168215	13.866618297613632
49	1224.9620460042581	0.7368500927929418	13.866618297613632
49	857.2400422301494	1.8548242950556912	13.866618297613632
49	896.9922954435254	1.7346096643671838	13.866618297613632
49	1135.9914601766836	0.5399112358165081	13.866618297613632
49	1333.0066217248454	0.6904865956621312	13.866618297613632

