scan	range	bearing	velocity
0	316.85618244188134	0.24035464509334936	4.764165709472629
0	462.02998076555195	0.2374876404741363	-6.559636192285797
0	185.2762625415421	1.0111955269328485	17.8139238888377
0	395.5208807360343	1.3096910985295518	3.039980172074083
0	235.96822515211545	2.357149695883602	3.039980172074083
0	1148.6233734228767	0.6853750622712274	3.039980172074083
0	1257.9167630345923	0.8757160488559227	3.039980172074083
0	707.1587130577071	0.6970707585886156	3.039980172074083
0	1333.2014935172333	0.6700942358710126	3.039980172074083
0	777.1320995921143	1.199472741020791	3.039980172074083

1	322.8056447018955	0.44721571187593123	5.254736865302574
1	458.2035968807166	0.1892004085090106	-5.93756791651952
1	199.93508242767325	0.9603871553916474	17.82297977945399
1	541.7178579484611	0.1705982896283075	4.374640989144597
1	398.67435909828373	1.2825199485183674	3.539810394948862
1	709.5703064006414	0.04335350219731621	3.539810394948862
1	1003.7498925970432	0.5486588042687136	3.539810394948862
1	519.8734247266718	1.3474129750833468	3.539810394948862

2	323.80151785962374	0.4349424503549734	5.53295974541563
2	449.2040362937442	0.3453264039008845	-5.0503716393994065
2	226.91310834944795	0.9458406099051657	18.063324125955067
2	550.9566304943276	0.38232178973243225	4.93106079171109
2	404.5180662377228	1.4556675294977481	3.8777291784712773
2	330.9144196631669	0.07450617549594159	3.8777291784712773
2	337.09306012826636	1.5698271132308463	3.8777291784712773
2	980.9003096965616	1.187368094581555	3.8777291784712773
2	952.4643982704649	0.6493919990190429	3.8777291784712773
2	298.29054837237703	0.6181144671061684	3.8777291784712773
2	938.9630667474877	1.6592470204168224	3.8777291784712773
2	844.0178160778098	0.2979557393736034	3.8777291784712773

3	336.0726884372117	0.4957542590544603	6.674992930416535
3	447.429857459197	0.3397412111273572	-4.282773324999032
3	234.45608670683845	0.7634941946653683	17.939398572845775
3	556.1769724493033	0.4668396513582983	5.461511811963552
3	411.31589277272155	1.106302413738416	4.587025624016008
3	963.0446413630274	1.6445170125901831	4.587025624016008
3	752.1117801678167	0.6385333420514878	4.587025624016008
3	896.0509425128233	1.6808318421339843	4.587025624016008
3	552.9070999964526	1.026337803997903	4.587025624016008

4	342.65188721976745	0.5574217858333375	7.16422945494215
4	440.92668334888594	0.378125855563229	-3.6487593391185555
4	248.7343190238751	0.8745794155852562	17.69600262762424
4	563.114769558355	0.490942351927642	5.513998135894624
4	413.5820855336171	1.1849158139657618	5.351179768063743
4	644.0168676757696	1.4846549380379843	5.351179768063743
4	230.73474153781672	2.76788802582792	5.351179768063743
4	179.4670271751297	0.20552487657537666	5.351179768063743
4	379.8758982680277	0.8035354184603843	5.351179768063743
4	1003.1277397028114	0.04040821901587587	5.351179768063743

5	347.3040185068925	0.5127695021895052	7.466194707413703
5	441.71141903213055	0.3353776818499716	-3.215752945189377
5	269.74986140198195	0.9828266385436948	17.91995637627478
5	563.7524594345155	0.3410130165417487	5.86610676440167
5	418.3919436877654	1.2685744651618474	5.604134054968589
5	154.63891041643708	1.4431270431766046	5.604134054968589
5	431.2199287458103	-0.1469740756021789	5.604134054968589
5	643.9611898892256	0.4602946823561975	5.604134054968589
5	389.4579039241533	2.1155051866226247	5.604134054968589

6	353.5815560231026	0.6613396348594767	8.17395520017557
6	428.54784626622154	0.4184426233904689	-2.4302161430984492
6	293.3474284514979	1.1066269265402235	17.976427438948853
6	574.205300211398	0.44998247927777335	5.821562727210046
6	425.57715727361267	1.1632429716562462	5.848701625267138
6	825.8462700662063	1.3934055231607767	5.848701625267138
6	1210.1635882428604	0.8868856317521252	5.848701625267138
6	306.98648421754825	1.8130175164582094	5.848701625267138
6	1159.2518073638826	0.7833127689866942	5.848701625267138
6	952.1586988374173	1.7997434716465943	5.848701625267138
6	138.3975839380657	1.860896339919668	5.848701625267138
6	623.4687132295982	0.7983504362902938	5.848701625267138
6	1087.3783604292234	0.9980636447035269	5.848701625267138
6	838.9975492467399	1.7729894385056264	5.848701625267138

7	360.80362210224405	0.6059530455070679	8.012782569900358
7	426.72585035472895	0.42378460221774894	-1.881850593467734
7	305.61951596597004	0.9532837101034847	17.936289358908564
7	580.120308899046	0.4416015670838399	6.621950633542023
7	430.85420732016615	1.061914898579474	6.446588390430927
7	1044.404478320558	0.9681898409927273	6.446588390430927
7	1032.4052043558045	0.6181975388506808	6.446588390430927
7	1078.0621470373621	0.2695498430479031	6.446588390430927
7	736.1329633510076	2.0469192659052564	6.446588390430927
7	1113.1424899078975	1.2395788929057872	6.446588390430927

8	375.4346999233875	0.596381725945639	9.183147980664799
8	430.0655565992002	0.5964214909910995	-1.0713278647355142
8	587.9745262905085	0.5890034569838688	7.1154411903155035
8	442.5213087754611	1.1114410317517576	6.872926767534212
8	1048.225834263012	0.9425609882829962	6.872926767534212
8	891.2949182876029	1.8054808046168622	6.872926767534212
8	1208.6387080599845	0.8252747699994799	6.872926767534212
8	675.9797422956259	-0.14274589530808146	6.872926767534212
8	964.4066264164122	1.526699186283255	6.872926767534212
8	948.9926134290004	0.10852063488417105	6.872926767534212

9	436.2781689801081	0.45256596830470397	-0.49861625499387713
9	338.61056192108083	0.9131542822284677	18.137385248332546
9	598.1340428076431	0.5322039623898064	6.954911652694926
9	442.9009889040041	0.8682331656551421	7.5105032579028315
9	579.157050391248	0.8427715146617835	7.5105032579028315
9	1307.4842324345814	0.8782142039939249	7.5105032579028315
9	1068.9634168104467	1.1705142265961537	7.5105032579028315
9	1365.3305960945113	0.802980054247847	7.5105032579028315
9	171.23760163747133	1.6001156470415556	7.5105032579028315
9	900.3374696922255	0.29537671295268847	7.5105032579028315
9	988.6507763104652	1.3013571231562306	7.5105032579028315

10	388.87862615348683	0.8698622517485228	9.44762770658614
10	431.1240939408925	0.5093067400165139	0.6633322437815187
10	359.4639421598728	0.9528106751461313	17.906445945505308
10	601.2623195196886	0.6036721593233356	7.27075158893813
10	446.6644229927853	1.1392936607250457	7.382543612408594
10	1269.089902668748	0.8115659627255162	7.382543612408594
10	510.76802734803323	1.3387685804797218	7.382543612408594
10	681.9937127683808	0.40320271408871705	7.382543612408594
10	709.4978885318061	1.011130918597932	7.382543612408594
10	712.2963755570244	0.858720917682293	7.382543612408594
10	576.2050045882631	2.0362367839517828	7.382543612408594

11	396.7448003247291	0.6304160148607957	9.538451148483778
11	431.738659584216	0.7126523920387935	1.389759087153584
11	377.6112589830252	0.9851552084631112	18.226164208906052
11	605.7609475976394	0.5153533813835728	7.9142283383692185
11	460.14395745121845	1.0538126098128635	8.011169856025413
11	753.0423606617094	0.35926091205963806	8.011169856025413
11	911.2566820486019	0.24720610821974062	8.011169856025413
11	1031.4984785410986	1.1265350086502215	8.011169856025413

12	405.0259255409716	0.6647568769271095	10.41287388636839
12	429.7809311140898	0.7189718190290147	2.230018911663011
12	391.74941224044403	0.8551791988789859	17.7308098930109
12	612.9067380348179	0.6426304581200459	7.839660405536533
12	468.9452894013412	1.072418410055283	8.350906324809737
12	909.1681883789837	0.4765479740616746	8.350906324809737
12	768.9443246101438	0.16128970145200688	8.350906324809737
12	248.78277539795562	2.0623635683854085	8.350906324809737
12	830.7611913710748	1.4017557125696076	8.350906324809737
12	988.36172082524	0.588729775604569	8.350906324809737
12	588.5335787788254	1.9257088669038909	8.350906324809737
12	770.3061905597543	1.0329666704833698	8.350906324809737
12	647.1800254909487	0.7026277016990854	8.350906324809737

13	423.44579690770684	0.8066155747615813	10.570104649227552
13	437.3733121527264	0.4746480559643223	2.8691055556153824
13	422.2762316611417	0.9443318977784427	18.139924803851383
13	471.76778350096043	0.9678589646041614	8.615292101099895
13	42.36088257065267	-1.9890022243365135	8.615292101099895
13	703.5534473051187	0.15044352843905878	8.615292101099895
13	726.5111761614413	0.2455668746278305	8.615292101099895
13	1201.5312319010907	0.8886792162323125	8.615292101099895
13	624.7361102114232	0.4952541818143201	8.615292101099895
13	61.109050003469584	2.4820274525667685	8.615292101099895
13	1040.179486886966	1.987795971290477	8.615292101099895

14	429.2674710187754	0.694276357169497	10.684680062067866
14	444.71898891102614	0.7344696475561001	3.665885245379243
14	427.7560789581494	0.7873167431049312	18.06875434536824
14	486.20553361349505	1.0560320515008539	9.147691737686698
14	893.9636777996293	0.7297707305944733	9.147691737686698
14	241.18734432438256	0.6040940931733483	9.147691737686698
14	667.2909209558384	0.9198762064389411	9.147691737686698
14	94.34868113273743	-0.31130962495408115	9.147691737686698
14	965.9580927541173	0.6529263714536963	9.147691737686698

15	442.46661818941783	0.9097581312975982	10.858075890703905
15	440.924065559352	0.7053677353627626	4.210907467157243
15	449.0362676909082	1.0393398321567868	17.89550774519706
15	639.8805130240681	0.5180724815056699	8.492409449670188
15	88.99536520989568	2.8083054056555237	8.492409449670188
15	1125.748241282239	1.3825163927704474	8.492409449670188
15	360.350930782505	-0.24853915575326685	8.492409449670188
15	717.7372526464555	0.11198575673791081	8.492409449670188
15	802.4089151142349	1.4128158272548346	8.492409449670188
15	139.04271205887233	-0.2881318544515393	8.492409449670188
15	1214.9410244820613	0.6891277704632848	8.492409449670188
15	1134.5362200753837	0.5571787446350027	8.492409449670188

16	455.77397318028915	0.8862519113206577	11.230130041987533
16	445.4763667122213	0.848155418466459	5.007144820989965
16	474.64061605613347	0.9794877464119927	17.66683847541603
16	647.6421356611415	0.6123250095990593	9.29584756686258
16	504.9580040514413	0.9502983685497661	9.637923347136402
16	938.0607137242383	0.0241445095652056	9.637923347136402
16	423.36057710647026	1.6664362292967174	9.637923347136402
16	1104.5590829792475	0.9226023810809899	9.637923347136402
16	221.5526976781839	2.523454327747188	9.637923347136402

17	467.6886859898739	0.7610897791848605	11.446641830271005
17	450.8680716755402	0.7903513356836038	5.5738030435075325
17	486.2478374870821	0.9502553445519246	17.700284370109856
17	663.5017512442658	0.7166445768936114	9.109696855361724
17	511.47200238468713	0.7983186982442125	9.542583855450214
17	814.932228793698	1.397003758662349	9.542583855450214
17	1018.3366091204588	1.568423501237776	9.542583855450214
17	1138.6349433473008	0.9313759149475558	9.542583855450214
17	813.1320566084988	-0.23343742861422914	9.542583855450214

18	478.72306922880017	0.7983422230748347	11.211381111411612
18	452.3940846799827	0.905257173870851	5.859682876975538
18	505.952668609306	0.7982046443718398	17.800002157409295
18	675.302554314657	0.6866722169748045	9.678512947548173
18	522.2235823562576	0.9544362528992316	10.189416016018162
18	1091.5711232100982	1.0585063801237786	10.189416016018162
18	953.4041849230777	0.7340829609640722	10.189416016018162
18	518.9922870155099	0.619741193263995	10.189416016018162
18	409.18742657600734	1.7757296350255587	10.189416016018162
18	318.1704302357765	0.9903626455991946	10.189416016018162
18	237.6801255150366	2.5142681276636485	10.189416016018162
18	876.0206397715349	-0.060762241256713125	10.189416016018162

19	489.904791544374	0.9721168921230758	11.820487012803481
19	464.33034864923053	1.0906440190696607	6.499803170548594
19	522.8881351609674	1.0143899194619967	17.846604052005695
19	675.6093465961609	0.7844619213662436	9.562475184492595
19	528.7475017406526	0.9333946172099811	10.526114120180486
19	136.23875669822877	0.7232348555858314	10.526114120180486
19	901.9463214429761	1.1108402501974917	10.526114120180486

20	502.7799126838249	1.0351667172901096	12.174854737051193
20	466.10703613910175	1.1329506382172119	7.089195180262444
20	544.8219847648163	0.9900132543101816	18.08545729092392
20	695.4258174411949	0.7134893641964142	9.767075866198779
20	543.0602318977616	0.8690909172931378	10.334294842732415
20	976.8432927103137	0.2611295232404481	10.334294842732415
20	998.1946077439096	0.8002084101536983	10.334294842732415
20	594.0773071577025	0.7126298436567495	10.334294842732415
20	705.4833844645289	0.5398714362469512	10.334294842732415
20	1052.9697101386575	0.4271248050831491	10.334294842732415
20	880.9792801313424	0.8918195639009734	10.334294842732415
20	385.68016511587206	0.15353879309577856	10.334294842732415
20	796.6034715790277	1.2455797167389282	10.334294842732415

21	513.3331394889458	0.9335347638141689	12.121598875675621
21	473.64182637453814	1.0722223926997616	7.999669137094911
21	559.7562169603676	1.1449255418190663	17.996339903644405
21	703.1649804990785	0.5875372038628348	10.195209444378431
21	556.2199093485915	0.7935608288434204	10.725275582394103
21	173.0238785703108	0.5093146584131197	10.725275582394103
21	704.6206952189344	1.6132755636418326	10.725275582394103

22	524.8458578022726	1.000696733433333	12.343932533367486
22	490.7968677510379	0.9202993298824961	8.358664719553346
22	579.8172395499153	0.9483688773823064	18.28223388944167
22	702.2961805201726	0.7360867170490687	10.139686517586188
22	562.9374624403808	0.7570151240129276	10.871403807054746
22	786.6098742059463	1.3653417191465271	10.871403807054746
22	622.308080002267	1.5502760969779033	10.871403807054746
22	1422.1065183780513	0.8081351122447729	10.871403807054746
22	918.5275836104367	0.6088870943151697	10.871403807054746
22	1100.2992692726752	1.3089030292207307	10.871403807054746

23	534.4251030129568	0.8990679011364924	12.49989973810254
23	493.05041437839805	1.0861309591625286	8.91178645383248
23	597.6982703975461	1.0320427291439922	18.533660116466976
23	721.0491888396311	0.6715174881462492	10.004172564600463
23	575.7910302759038	0.8206576753467889	11.089764119007679
23	540.0879041341942	0.47336751703980384	11.089764119007679
23	590.7610717165428	0.15790889921134188	11.089764119007679

24	549.381862295523	1.0467865789032138	12.987078157148584
24	502.6944983841134	1.0705911743394667	9.635764118917994
24	617.8182233065774	0.9802011447097937	17.862365382421256
24	729.9820050030174	0.9831594510622983	10.671010348553699
24	583.9953677516809	0.7946473188044317	11.116079072766002

25	564.3143313046331	0.9609183555081157	12.710519255939912
25	514.35503599336	1.4189864672387493	9.670673548442725
25	624.3643517413758	1.0961467104559341	18.00439493129722
25	735.069001033661	0.7354616657817135	10.290023085623496
25	599.5778112981156	0.6722075653701793	11.111819837949977
25	767.1664021653454	1.7705287377005912	11.111819837949977
25	866.9019392713213	0.05911875436284225	11.111819837949977
25	1164.9927388079188	0.6196601743142077	11.111819837949977
25	1153.0234209257812	0.9865903063795833	11.111819837949977
25	773.9267120130783	0.842763039731011	11.111819837949977

26	575.3496014194774	1.1210516616449862	13.052791050585242
26	525.5929734232946	1.2445736439002637	10.212602553517597
26	653.7947408373859	1.0459467954085295	17.88750258671768
26	744.3858167424332	0.5486718384611678	10.635930535533138
26	613.0074628679055	0.6947743187459325	11.498290713559328
26	101.35267590835333	2.537460598719576	11.498290713559328
26	597.0713338404144	1.5754710465099762	11.498290713559328
26	713.1996912746391	0.9320438477380664	11.498290713559328
26	234.0317487570122	-2.988316667393525	11.498290713559328
26	89.63651110634632	0.6534836660525476	11.498290713559328
26	692.4515799557835	1.7550357688542557	11.498290713559328
26	141.9734735509596	-0.6062895393426031	11.498290713559328

27	586.8496383397156	1.0743303864623348	12.880788510234034
27	536.560184232135	1.1543435605540509	10.761231452956908
27	757.8283664101256	0.7888415006190602	10.690976444205733
27	622.3785666580312	0.6626865546625753	11.840258210337188
27	965.8858033888586	0.7752592751666065	11.840258210337188
27	963.8561472661838	0.3122952648344618	11.840258210337188
27	942.9556435774641	-0.03890289871638626	11.840258210337188

28	603.0624594138203	1.1147360009594927	13.174620164182864
28	546.6581935603976	1.3865386812333762	11.067099922581466
28	687.2928121909486	0.9254494318716107	18.40943717183086
28	632.6268386114989	0.6280572278649571	12.22013243990007
28	1347.4350687867561	0.7136504616950463	12.22013243990007
28	516.3401965130114	1.7909160173846574	12.22013243990007
28	162.19383404141308	2.0255293338353977	12.22013243990007
28	376.7213192529528	1.551113983663846	12.22013243990007

29	612.8404003097481	1.2754529608089684	13.178356518355127
29	559.8599757692757	1.2922515932075553	11.776976133714479
29	705.8051501047071	0.979049060553905	18.072689355558
29	782.1291905805494	0.8124630758066449	11.190092544815672
29	648.9947283987527	0.5733133975058737	12.138276537397513
29	1095.649899367058	1.0945994658997935	12.138276537397513
29	706.3344216751182	1.1499003206536915	12.138276537397513
29	1042.7159708090858	1.5319631613705966	12.138276537397513
29	976.1956706074536	0.8001263099821699	12.138276537397513

30	627.595769054804	1.0381414683148562	12.859255197526947
30	575.1396684855025	1.220908221163093	11.81862416550067
30	722.9890537836773	1.0859951053051586	18.008515570546333
30	792.9656393418236	0.8177280022121792	10.927172411220685
30	651.9344789934574	0.6156802759568736	12.054577308376674
30	265.1621845711485	2.4316206595198504	12.054577308376674
30	1189.9649151441502	0.8173847067801965	12.054577308376674
30	949.9537109970239	0.18801866034841835	12.054577308376674
30	958.2223760361234	1.7092061820730766	12.054577308376674
30	312.4710706356012	2.146075026106757	12.054577308376674

31	641.4147216911094	1.1919997074110167	13.2680368292636
31	587.037108246449	1.242634300022131	12.51791870865002
31	741.2306202716358	0.9295192765657142	17.59952252876479
31	665.0483170965748	0.6650091678269914	11.969551929659424
31	1399.6603834445816	0.8782190833241039	11.969551929659424
31	1327.2621965264616	0.7903548455321298	11.969551929659424
31	597.1334381574228	-0.036214871650704444	11.969551929659424

32	658.2190442608796	1.0606540892960263	13.30964732600509
32	596.0702752993345	1.262223059314902	12.28483892370778
32	753.2993122379112	1.099300245561669	18.0415866129276
32	814.6315273331496	0.9526844075929423	11.6764910748849
32	678.4983057859108	0.641266725002758	12.187034343108367
32	974.6109194329814	-0.08714174458889391	12.187034343108367
32	344.1586666608259	0.21426764923903657	12.187034343108367
32	1366.5620408734758	0.9613237100434703	12.187034343108367
32	702.596393747786	1.9513371530941397	12.187034343108367
32	797.5682501934358	1.0598263930240615	12.187034343108367
32	54.38935858034137	2.2019866298093387	12.187034343108367

33	662.9606331576734	1.2360471465887768	13.54249076914973
33	606.7627136755705	1.3988710831964237	12.680760161825901
33	772.935032832497	0.7622733159007226	18.04307758884158
33	821.7224283836272	0.8524820336162554	11.708180636421105
33	697.3917289484882	0.6181072642237438	12.399333525520742
33	729.2835414838372	1.616334464648157	12.399333525520742
33	990.3468862475233	0.8452265668482577	12.399333525520742
33	794.4852965785329	1.840119144730279	12.399333525520742
33	959.4375959954807	1.058782583004569	12.399333525520742
33	200.06772916893502	0.3639815502345534	12.399333525520742
33	889.8336975378485	0.993876490914809	12.399333525520742
33	406.11299517276836	1.3582419332565494	12.399333525520742

34	683.1612051558379	1.0952608760699052	13.715145294965485
34	621.2894355192124	1.4814046985998246	13.313028364151638
34	794.8645711743978	0.9486111048221841	18.09697891131723
34	838.392068677361	0.9828803691797532	11.579529970371349
34	706.4042311238566	0.6401990987189982	12.473370976156183
34	746.7229753700261	0.19410973591676894	12.473370976156183
34	223.95550494890074	-0.46636457478182997	12.473370976156183
34	441.53389651035565	1.8647971497492415	12.473370976156183
34	828.2468312650944	1.7276950065354482	12.473370976156183

35	688.9925310142224	1.230980450506315	13.519633631312933
35	628.3378018153326	1.4511560635715768	13.751579760662054
35	813.9255405547385	0.9324231635100305	17.92379384829517
35	723.8055488306663	0.6228182246692293	12.783470338742061
35	417.3661793119186	1.2001536259293906	12.783470338742061
35	649.7128812926422	1.8597416560355704	12.783470338742061
35	538.1477216034865	0.6994030595419466	12.783470338742061
35	908.4303016938414	1.5377045721987652	12.783470338742061

36	709.5557313395544	1.1116384120701592	13.416236492664485
36	649.6818234856804	1.534300525305661	13.544085610341385
36	827.8215036373442	0.8893668612775194	18.155806579766352
36	863.6038850022079	0.9678036500471121	12.100449689688853
36	729.4570540233808	0.5755232181094274	12.641284945949735
36	1325.2869291849756	0.8592524639417658	12.641284945949735
36	1123.9250075585176	1.0141205759626843	12.641284945949735
36	578.325891964495	0.5349599587524558	12.641284945949735
36	884.6004298319906	1.5042054166388574	12.641284945949735
36	716.3177714199456	0.9764510108805922	12.641284945949735
36	1024.3943139500666	1.7656670867341142	12.641284945949735
36	900.133773708334	0.1983326170297094	12.641284945949735
36	1031.2525253027584	0.7916654228192388	12.641284945949735
36	1117.168449502584	0.4449103574971505	12.641284945949735

37	723.5109170396981	1.1432458686960392	13.78408421581737
37	662.8665550168761	1.4221708007734875	13.626562115105601
37	842.4840166910645	1.1880368095728007	17.952961253329004
37	875.6610550054372	0.8535824102977463	11.943355394106668
37	748.05362533633	0.5842670986309529	12.73235868261864
37	994.4604342139982	0.1668987773910007	12.73235868261864
37	641.3590802675395	0.9144702594011958	12.73235868261864
37	378.92548219214075	0.3716965414857626	12.73235868261864
37	161.52858086253232	-0.4903624662295944	12.73235868261864
37	931.4178417764853	1.5864174308488843	12.73235868261864

38	738.1777255001053	0.9475331356924153	13.584710533258084
38	674.8156050358134	1.5106084156213402	14.055098702284537
38	863.5323781850948	1.0157419048629142	17.961847959038252
38	886.7449229619408	1.0791940564455094	12.474374402919665
38	756.6079488612652	0.5793947707506963	12.772669665060977
38	1310.5902718463742	0.7892473888454652	12.772669665060977
38	1309.6346970772572	0.8201128580250933	12.772669665060977
38	704.0169444362701	0.0777880267587849	12.772669665060977
38	63.00486436972201	-1.8284069143747887	12.772669665060977
38	760.509757830384	0.2474083722651387	12.772669665060977
38	646.7556431798719	0.9750597668747065	12.772669665060977
38	622.8189795901603	0.6581268646112972	12.772669665060977

39	747.752642604759	1.1425296999935437	13.83743283810453
39	686.9347643982643	1.4058016896439123	14.183766364495693
39	880.3799189308832	0.796430277529867	18.090829760726606
39	901.8754841930167	0.9244765976345767	11.92171739364052
39	768.308005682829	0.45079895683333854	12.76397097347591
39	990.0169420291825	0.9873659193472714	12.76397097347591
39	316.53969278326286	-0.12381229882409359	12.76397097347591
39	783.8145378313678	0.025613330374261313	12.76397097347591
39	933.2146352081895	0.7691634695614709	12.76397097347591
39	615.1877347222253	1.207429183976863	12.76397097347591
39	213.01345806840754	0.8829650167316488	12.76397097347591

40	763.6616201637561	1.2022971285771409	13.624069549337847
40	700.0219871392816	1.444623017975925	14.320766770342672
40	902.224310336969	1.053367719654048	17.85285771192219
40	914.4487157260893	0.926198313843517	12.695316661023469
40	782.7228728304852	0.4420785924866586	13.28291494509346
40	784.0331081344525	0.360561190900631	13.28291494509346
40	1050.9031895644746	1.2498683530440664	13.28291494509346
40	1368.9413172479578	0.7885255411933747	13.28291494509346
40	1337.9614972118359	0.8566282061915488	13.28291494509346
40	587.3250912456579	1.1786400192548825	13.28291494509346
40	1105.4159301607897	1.81010791242426	13.28291494509346
40	1008.1497611546471	0.2287779201778556	13.28291494509346

41	778.2057877384208	1.2469764719106573	13.912547737276734
41	713.1184382696678	1.3790267943839323	14.218620159164184
41	920.2993796871548	1.173809671450921	17.952360095568643
41	924.5696661895232	0.985716725218787	12.518612966149764
41	799.1260089358317	0.5372459523006632	13.116382408388446
41	890.4127078240641	0.18054279190141445	13.116382408388446
41	824.2524428622562	1.0080737530896058	13.116382408388446
41	154.442851458409	-0.4944227204647732	13.116382408388446

42	793.4519077629056	1.1612352967058048	13.917294746782344
42	728.8655299746632	1.533910286939062	14.845739942537602
42	939.3902768316086	1.0134532004451104	17.54968479369902
42	936.3454160417018	1.0937805429087155	12.642781981093764
42	808.8326090568385	0.6167150603453755	13.364525895410203
42	349.6536920123565	0.175583861136536	13.364525895410203
42	892.9157234036036	1.4624780493381384	13.364525895410203
42	225.64290938065975	1.0671917109340772	13.364525895410203
42	892.3544402817201	1.0825875115768477	13.364525895410203

43	800.0327711822137	1.206013714294209	13.649215337252992
43	738.1724771428933	1.6509111591161176	14.511780061110299
43	957.324885194702	1.1025589071432504	17.988192723918846
43	946.86111137558	1.0614364229969457	12.51879364718268
43	820.7815533924423	0.422733537405526	13.143405603179822
43	74.77048875122804	-1.243166157539743	13.143405603179822

44	822.0103262432449	1.3665451567856155	14.326973570738508
44	757.2207435726382	1.5490346790647902	14.706674782377252
44	963.9522126828095	0.9331420648065274	12.722952841956419
44	833.745473772107	0.5091024125809507	13.188937134355664
44	632.4345463317441	0.8331263439664099	13.188937134355664
44	296.7988668454038	1.3821288031806613	13.188937134355664
44	649.7227898339706	1.0951202699205336	13.188937134355664
44	901.6720826345432	0.29094976846351916	13.188937134355664
44	875.1702760648476	1.5121949888600115	13.188937134355664
44	773.2490813312114	0.06254167049902085	13.188937134355664

45	830.6824155476271	1.3014902779010273	13.829514855896313
45	775.4970295512463	1.6064407903004179	15.43873370358652
45	993.5847396992267	1.0778048381706327	17.743644084780907
45	975.9346988146184	0.9647578721291384	12.673928566450206
45	849.3672388314814	0.39768867057032864	13.054930767063652
45	336.04560352482	1.6312503372752591	13.054930767063652
45	1010.460389700977	-0.048806131671454325	13.054930767063652
45	567.7665670235518	0.1994726557522321	13.054930767063652
45	1326.6145014740973	0.6070389630671258	13.054930767063652
45	1265.6489038364318	0.967495473519343	13.054930767063652

46	841.4936132890192	1.3063351200798	14.009724945031499
46	790.6674023330704	1.5142864391849078	14.939072407436086
46	1004.1235577352686	0.9894147827415943	18.03518030320403
46	990.8476725145421	0.94630647703268	13.250543418786572
46	858.8563494626276	0.477393918192043	13.235921002625423
46	1180.065349769095	1.135109003294815	13.235921002625423
46	778.6438447531142	1.5068807066361605	13.235921002625423
46	851.7346856520421	1.2390402137637542	13.235921002625423
46	710.9180462044736	1.7544055224264445	13.235921002625423
46	1352.9157783750923	0.8359380234240483	13.235921002625423
46	724.0712137608542	-0.06543215007827106	13.235921002625423
46	733.2662528615648	1.700300874112849	13.235921002625423
46	951.6648391445905	-0.11911817328242998	13.235921002625423
46	858.1166828261782	0.5864189236630688	13.235921002625423
46	931.4795588885693	0.04258676835319207	13.235921002625423

47	857.8143116678664	1.4182392660168082	14.057337215648758
47	1026.299231129278	0.9346926853580181	17.99792497712321
47	997.7917616501444	0.9601469514579463	13.115830363391876
47	361.00524957119865	1.2104490940496941	13.115830363391876
47	387.7248738337707	0.8584118448838018	13.115830363391876

48	870.2208184492753	1.2727935678611486	14.145872732848984
48	821.7769122400529	1.5481545389637688	15.71847621873288
48	1048.0225535999475	1.007279042987259	17.80560242722167
48	1011.7787304302494	1.1368412230754261	12.828380098063892
48	893.2208306143668	0.3781574441000259	13.627293783701404
48	1121.217982729014	1.2892984608799367	13.627293783701404
48	1296.217218931381	1.0092194590818788	13.627293783701404
48	1270.9947714962834	1.0189724814294971	13.627293783701404
48	659.2073672176041	0.18929921360806073	13.627293783701404
48	1227.512086697932	0.8866636029924967	13.627293783701404

49	887.7081326481757	1.3354818646937359	14.021467100181892
49	839.6955500052649	1.5364401176147895	15.702261050863232
49	1065.1204898100416	1.1094889236929952	18.016541515720366
49	1024.5668007604572	0.9086196825899135	12.982008309872262
49	901.8393015808315	0.5316211042716165	13.371931952017615
49	664.7942910881648	0.834568397886626	13.371931952017615

