scan	range	bearing	velocity
0	318.0137372870169	0.1469048197927021	4.89692587229866
0	463.0975288141428	0.06373029630740351	-6.301427677810288
0	175.59779550282744	1.053528099125824	18.39420405282189
0	542.3377221768974	0.3909804868850114	4.1087958426046
0	393.53532104654363	1.3773457795317707	3.184689898611038
0	516.3441704023462	0.2715482080643653	3.184689898611038
0	818.423802238567	0.6030469992788055	3.184689898611038
0	1107.871569950643	0.5668361695706228	3.184689898611038
0	600.0090129081589	1.7663249095999936	3.184689898611038
0	1045.100211784274	1.0991354637428923	3.184689898611038
0	456.4889033461961	1.5248495073153439	3.184689898611038
0	504.9903651235331	1.5109752286702574	3.184689898611038
0	774.5647479405542	0.7995510991434273	3.184689898611038

1	316.36143000797466	0.35773462695331154	5.4376489740862075
1	460.60733170305787	0.16552728565229205	-5.869577516581089
1	201.78573675411795	1.0174759313822601	18.212031479217533
1	548.2464849026916	0.2885413082074728	4.255877449521854
1	404.97458295309974	1.3852639961999245	3.666397263746153
1	948.3263960033037	-0.028193617488052734	3.666397263746153
1	503.929864052595	1.6298746129738027	3.666397263746153
1	854.733116383574	0.6382482942097862	3.666397263746153
1	781.0157636584021	1.5400354217353744	3.666397263746153
1	530.3742242059593	0.6730711522102624	3.666397263746153
1	1044.1223770842141	1.8718364245467851	3.666397263746153
1	986.9957726234453	0.4439694123044405	3.666397263746153
1	611.4102146685171	1.729412954127986	3.666397263746153
1	434.27891436646365	2.250038150792893	3.666397263746153
1	273.5614298471722	-0.18219435394559716	3.666397263746153

2	329.135622477638	0.44863613816607595	6.093167621170747
2	444.42332047853154	0.2754481638872415	-5.185285201447413
2	214.35180182080148	0.9196605472954663	18.297348240697247
2	403.9574268388469	1.3035351387345449	3.6370580606109955
2	1065.8535856928409	0.717893106998686	3.6370580606109955
2	315.8697661833815	1.1210960647314203	3.6370580606109955
2	430.5604493854351	-0.11121903140662365	3.6370580606109955
2	1049.5276825531516	0.9482561377096033	3.6370580606109955
2	902.8163398478163	0.5847426113569665	3.6370580606109955
2	988.1530795096038	0.41993060747503685	3.6370580606109955
2	1032.4554200669888	0.4399946432347917	3.6370580606109955
2	739.8362838287475	1.223431889118292	3.6370580606109955
2	660.1055654813205	1.3815364147874978	3.6370580606109955
2	209.41217413897195	1.6684253476166766	3.6370580606109955
2	484.23224269595687	-0.19252226178152507	3.6370580606109955
2	446.36766543388427	2.0979773343488795	3.6370580606109955

3	333.78875104302404	0.3582281947535578	6.718539013949599
3	450.5204289366935	0.09565598415175569	-4.591223009889188
3	232.3351127660443	0.9250821782119166	17.82613144107373
3	556.871603677723	0.46346725895395896	5.218366087257502
3	402.5156147857704	1.2268374080348048	4.3768475748678215
3	419.65642756253595	0.2738772654346904	4.3768475748678215
3	956.1745326930323	1.954574403167898	4.3768475748678215
3	1362.9528416951464	0.6812330799794192	4.3768475748678215
3	563.7502868772929	0.9624440972519293	4.3768475748678215
3	759.3741046531986	-0.06702774858897735	4.3768475748678215
3	1240.52690577126	0.7591841437491884	4.3768475748678215
3	1086.15763365744	1.561153242629805	4.3768475748678215
3	561.9874556357182	1.5215003613365032	4.3768475748678215
3	766.0210889225408	-0.0433112272468519	4.3768475748678215
3	259.44162027907225	1.1706608276678399	4.3768475748678215

4	339.80634006502396	0.3817411764304751	7.146068348308883
4	432.4282271869085	0.36519139478218415	-3.8496763281471376
4	253.85308831927713	1.0482413868658196	17.821301304049
4	558.445464778764	0.34473413025040645	5.637997897325945
4	415.5897438263591	1.276591808495169	5.016398032273961
4	432.5301738257156	1.4111443489993403	5.016398032273961
4	1184.442585245658	1.294408508346581	5.016398032273961
4	945.3343237181679	0.8307034939309825	5.016398032273961
4	561.6106334848024	0.9013805617443438	5.016398032273961

5	349.2235190904511	0.5572404812461151	7.626439074271291
5	437.871132515232	0.35670801481028436	-3.3237966118537674
5	271.0471932997722	0.8494000947946846	18.213716944490443
5	569.434542181608	0.35154104590399005	5.708207343411407
5	413.5502328021896	1.1887223610472488	5.528048677882877
5	295.6309660460145	1.0042707711512557	5.528048677882877
5	420.02272880157426	0.6326124771914503	5.528048677882877
5	378.3093971512654	0.3113489019684521	5.528048677882877
5	1173.2532262288332	0.48276757813836313	5.528048677882877
5	445.94149905191506	1.7623070793891276	5.528048677882877
5	504.1708441267498	1.1655893438878866	5.528048677882877
5	1074.792827635334	0.6488189882346488	5.528048677882877

6	357.78782007587694	0.5061296173512656	8.210030501877947
6	436.0541056786566	0.4372568156668864	-2.268168891864928
6	292.19387262689304	1.1146700554330073	17.80991417160676
6	569.7369328402885	0.41946027712716133	6.067131824072341
6	421.12536305932144	1.3071183277350655	6.177343807875551
6	1242.4968254467533	0.6677924169626311	6.177343807875551
6	960.0589181865613	1.4310401441028902	6.177343807875551
6	744.791309649115	1.818214350770468	6.177343807875551
6	1052.7465090764579	0.48817092598594336	6.177343807875551
6	277.19437490628854	1.7666848282757637	6.177343807875551
6	519.0726249807516	0.5394924659433228	6.177343807875551
6	470.9399410227801	0.9268507341254048	6.177343807875551
6	1367.7216059347475	0.7269377911078458	6.177343807875551
6	906.663262891656	1.0536911566792349	6.177343807875551
6	184.31845075185853	2.5803232973707515	6.177343807875551
6	870.5922018966309	1.164363223643993	6.177343807875551

7	360.7871263862399	0.7373638278933261	8.44483877717543
7	434.3233589954124	0.5338877248564798	-1.6228007335545853
7	298.6017038416297	1.1091489764672176	18.35347131610749
7	584.7783827433034	0.5767233558454572	6.896795222263901
7	55.91077037204187	-1.8779062489951597	6.896795222263901
7	1015.5994070454705	1.2623710400727965	6.896795222263901
7	781.8555881056282	1.5456607115701617	6.896795222263901
7	235.17667052054153	2.9460144746638885	6.896795222263901
7	334.86326974630373	1.1781330349016328	6.896795222263901
7	542.1062519037537	1.2761809776074315	6.896795222263901
7	773.3457991004218	0.41114401796910327	6.896795222263901
7	189.22124151452772	2.575659118850729	6.896795222263901
7	748.9213154308842	0.26877975541656396	6.896795222263901
7	628.4822945729368	1.7889829803374517	6.896795222263901
7	696.8809335893114	0.024575189373162026	6.896795222263901

8	371.8354597911166	0.5641353164273505	8.784144851500805
8	429.3527894784857	0.5151908419906783	-0.9632580442714395
8	581.9366600113661	0.49409053338171405	6.644669367401835
8	433.9898045576414	1.0713972021491147	6.688820266666268
8	821.6813843884225	0.7330960697050566	6.688820266666268
8	985.9936868738711	1.5251248015495338	6.688820266666268
8	972.7523258653855	0.5809866228706171	6.688820266666268
8	309.01508035969954	1.7399407899483168	6.688820266666268
8	822.0869911790148	1.4173218330682533	6.688820266666268
8	153.11595580885427	-0.24077543604565332	6.688820266666268
8	948.3787063609534	0.703590316478378	6.688820266666268
8	767.300552250361	1.5883817349702887	6.688820266666268

9	384.7976394203164	0.5866852703275017	9.03788416710512
9	435.4151441380157	0.5895658519300419	-0.3615812637279794
9	344.50703642267035	1.0251987375894873	17.73601756787972
9	595.5480194842412	0.6090952637844868	7.170404547996175
9	447.4330688498115	1.118372915919579	7.282145745010109
9	866.1464362981523	0.1642535096155881	7.282145745010109
9	941.2863468510858	0.4648899743405884	7.282145745010109
9	680.3359939618528	0.7238923354460576	7.282145745010109
9	1311.0622746822291	0.8505531981011998	7.282145745010109
9	726.9210021667532	1.3396809328919965	7.282145745010109
9	876.87627047388	0.5105942203030257	7.282145745010109
9	1176.0304080905103	1.0643246534367834	7.282145745010109
9	854.7474753755729	1.5513737478647325	7.282145745010109
9	321.24938986423086	1.4581293946009681	7.282145745010109
9	371.8773466006923	1.5173634505399896	7.282145745010109
9	973.2350081071124	0.11987255994628292	7.282145745010109
9	453.3901119885999	1.3842640527606431	7.282145745010109

10	387.71447589840943	0.6735969536520254	9.898109693575082
10	425.0909741938947	0.7389792254892236	0.6699833924644018
10	356.79465800155754	0.9745275851966627	17.90889231125998
10	597.4316830211459	0.45651947878709465	7.440801101630471
10	449.6603416462267	1.0980202427554326	7.982796905688513
10	1033.6772245729157	0.4243674167461227	7.982796905688513
10	278.0795975380594	1.5155982635084357	7.982796905688513
10	1224.609393346608	0.9472028351208029	7.982796905688513
10	644.2655203056323	0.6916202268953352	7.982796905688513
10	715.3588364289124	0.4711305789070082	7.982796905688513
10	1059.108168005698	1.3187851176455232	7.982796905688513
10	490.8730284169452	0.22183631524893263	7.982796905688513

11	400.0474857137431	0.6859682345886468	9.79256039955933
11	432.51526819326267	0.6989962234210755	1.3648513604835912
11	376.50729444168036	0.8960212139185426	17.87320821976627
11	602.4840208046776	0.4130812202705236	7.67008949177288
11	452.0655855534437	0.9952339851384476	7.896465790970527
11	623.7574369561862	1.710001809895342	7.896465790970527
11	167.46557033469176	0.24096688071746827	7.896465790970527
11	543.7154182356932	1.186882993953625	7.896465790970527

12	413.5940723188145	0.6986260517606162	10.582819135128103
12	432.25244868752264	0.6113332272974084	2.6000151637427766
12	401.2897630436316	0.9522830657015778	18.047111493965016
12	616.2638053975186	0.5207216008118999	7.926594216843413
12	463.2480917618598	1.0070111416381415	8.364888949248243
12	856.576469612759	0.5503685259225511	8.364888949248243
12	896.3919949780849	0.1012292095909134	8.364888949248243
12	1056.8979910557127	1.6329696373883837	8.364888949248243
12	1482.9485286500858	0.7182896024212554	8.364888949248243
12	898.301544949318	1.6465019790518576	8.364888949248243
12	742.5582663920619	0.9304490198865942	8.364888949248243
12	237.88725874823308	1.9955090741546906	8.364888949248243
12	380.4931596587959	0.4173038500652406	8.364888949248243
12	644.1734654938816	1.7377549598653332	8.364888949248243

13	416.304138025881	0.7842126891571861	10.195045870560678
13	435.04989476822334	0.8483455619769035	2.463925032995008
13	415.8684747405249	1.0044065191638383	17.991639731544353
13	628.606473468288	0.48635182147223877	8.434852822686388
13	474.75567956770595	0.854170676141484	9.01860796810375
13	935.8035304030215	1.80097560436331	9.01860796810375
13	867.140057413555	0.6089553302162308	9.01860796810375
13	1072.6598694075137	1.136464094012413	9.01860796810375
13	1350.5106567868256	0.7617474623936235	9.01860796810375
13	983.2912001231647	1.6270418248342777	9.01860796810375
13	944.9783583430997	1.0260362506240406	9.01860796810375
13	234.23121633860643	1.7360293878991144	9.01860796810375

14	430.37124158903254	0.8717942052791748	10.66445772350578
14	442.62387533326824	0.735409047603903	3.1263933517862528
14	436.0005289612875	0.7992977673632626	18.140726422438117
14	632.0157674155222	0.6853977745360954	8.612904316621263
14	488.34582025185745	0.8752959981470352	8.512112817215007
14	987.9212373487416	1.0631764582127632	8.512112817215007
14	884.2112224137493	0.6888580528734096	8.512112817215007
14	822.0653059515072	1.091949560471127	8.512112817215007
14	841.0955251545209	0.15182120220992637	8.512112817215007
14	1035.522631155011	1.296929324445561	8.512112817215007
14	1052.7589470223343	1.0335193860943328	8.512112817215007
14	572.1216171146623	-0.08668798463644836	8.512112817215007

15	437.9831389604127	0.7784235820739733	10.685926553134362
15	442.51636603719106	0.7245253524261767	4.490709285634579
15	451.0155210628981	1.096031233344171	17.890253733660042
15	642.6861961099138	0.5839973887166375	8.847079182939602
15	494.8004931505501	0.9045482440132605	9.397114142962213
15	787.7953729564131	0.37294733670417174	9.397114142962213
15	804.6582290390941	-0.014547444684059205	9.397114142962213
15	302.4139752741027	1.149871035385736	9.397114142962213
15	599.5604888020279	1.1478577692037524	9.397114142962213
15	621.6388879362999	1.8411659242125313	9.397114142962213
15	128.01893635114962	-2.7571562778351844	9.397114142962213

16	449.79733636962993	1.0384917140648358	11.13620206817339
16	447.7248932036038	0.7988916251748241	5.0146545850349735
16	471.6276207928444	1.0619851473991948	18.11183564601699
16	648.0926712931544	0.6424463318305856	8.753362209559306
16	501.9140574112553	1.01364093577257	9.766614840647096
16	774.1509188653245	0.6745814973154963	9.766614840647096
16	964.621377414792	1.122275181914969	9.766614840647096
16	197.02707161839663	0.279662857636074	9.766614840647096
16	485.8888844825414	1.840847120514923	9.766614840647096
16	855.3952346458655	1.4671332790268046	9.766614840647096

17	461.61068686972095	0.8900788775169944	11.42939940040494
17	449.8395032201187	0.9912924485630092	5.670106884369225
17	491.47981005500526	1.049712016727363	17.948301901915404
17	655.1588841388732	0.6826356096759034	9.148599771500221
17	512.3197872371392	0.7839697340384431	9.606719634070599
17	655.0957276567816	0.11562385244996305	9.606719634070599
17	1060.2109442022033	1.207510666522091	9.606719634070599
17	519.783719853186	1.4762686434658778	9.606719634070599
17	784.3951881230873	1.7840266882883167	9.606719634070599
17	1045.3341217895188	0.6337265967533597	9.606719634070599
17	638.8717265287012	1.3612358789641918	9.606719634070599
17	856.7506459412035	1.5259078635203633	9.606719634070599
17	767.7258656211958	0.516594774407803	9.606719634070599
17	440.7915739645464	1.862143534764884	9.606719634070599

18	470.55655192899434	0.9603754884693527	11.269944131506856
18	451.8434140426436	0.9489432718435603	6.2163086479871135
18	501.6994582717363	1.0009710838771204	18.207855484460364
18	666.0152349562642	0.714950547148674	9.568168568739173
18	521.1263338413809	0.8451296395168821	10.133901812282614
18	1046.6368129506034	0.3243849562782587	10.133901812282614
18	656.1268453157552	0.3474505765792068	10.133901812282614
18	1097.462683161346	1.023128108322476	10.133901812282614
18	426.2681375819537	1.6529686827373464	10.133901812282614
18	952.731316362483	1.030630057356243	10.133901812282614
18	1122.7249268801802	1.0071433569197612	10.133901812282614
18	1271.6663409647965	0.898621894901312	10.133901812282614
18	321.6951039998497	0.3944638726498252	10.133901812282614
18	497.11905108495233	1.0852291338321387	10.133901812282614
18	241.53818193069708	2.6549378464463778	10.133901812282614
18	311.27445588464246	-0.20542538557248124	10.133901812282614
18	1032.6216017845127	1.2662423231355178	10.133901812282614
18	231.0573630749793	-0.23840648168035505	10.133901812282614
18	990.4364245998867	0.33967489948456503	10.133901812282614
18	668.8553760735032	1.5913672523569116	10.133901812282614
18	841.1079854728378	0.9398764877979906	10.133901812282614
18	911.3371647233214	0.9367437825942428	10.133901812282614
18	393.3069000162989	1.2089953636668411	10.133901812282614

19	486.20942236820554	0.9490461777021802	11.521716220837856
19	465.2199077261145	0.9088446177118676	6.891276293100476
19	526.725971743453	0.7797347750134362	18.336820404117756
19	677.125482280643	0.5732674670742499	9.745808444061026
19	529.8080421692064	0.8340811184638907	10.369259797764862
19	830.72858451643	0.3359119890611464	10.369259797764862
19	557.4085213449945	1.961359543355874	10.369259797764862
19	807.9439457337061	0.45276459110611367	10.369259797764862
19	713.8366499063293	0.5988621493481591	10.369259797764862
19	326.7447550547248	0.10875681645668499	10.369259797764862
19	334.01839932370615	1.9161130002108209	10.369259797764862
19	124.05678647658614	-3.0901414869528376	10.369259797764862
19	1141.4691574807619	0.43288332803676854	10.369259797764862
19	606.5623203949874	0.6091004989844648	10.369259797764862
19	928.965018067456	1.0056917532631782	10.369259797764862

20	498.68143582311956	0.8526803611817255	11.989216998894522
20	476.3439912887944	0.9441682327981095	7.507827018094188
20	542.5645032031201	0.962136282707593	17.968844008529615
20	689.8781977577125	0.788401255963833	9.786943911388926
20	541.308516274862	0.7548909476875062	10.417249902443917
20	375.3763939716295	1.5527631868852743	10.417249902443917
20	189.69627991998777	1.3614181771106495	10.417249902443917
20	534.3593431222877	1.34891982017833	10.417249902443917
20	1336.7898539231353	0.6639625420519241	10.417249902443917
20	802.5411882462801	0.7523736967406964	10.417249902443917
20	83.79219184125618	2.3734658024759314	10.417249902443917
20	260.588937865243	2.6286650174296162	10.417249902443917
20	1304.458945661951	0.8119331845020887	10.417249902443917
20	563.6400275404983	1.3699253348351552	10.417249902443917
20	387.91296844309744	0.31597053070359904	10.417249902443917
20	367.90622228802283	0.9192128983106626	10.417249902443917
20	935.0029295738202	0.10320247470326421	10.417249902443917

21	509.9106948600163	0.961488114936456	12.532312573448952
21	477.7758310483566	1.0407121201000593	7.969448232737698
21	558.3069489973795	1.0237194852529068	18.41721411578657
21	696.8344928852257	0.8055850828263549	10.646487539301562
21	555.4116976806636	0.8545756118521635	10.799224862736361
21	969.7468178930943	0.18346942230354552	10.799224862736361
21	1205.6467160482705	0.8209903645031792	10.799224862736361
21	821.7199997876091	0.8121958771901963	10.799224862736361
21	809.0683839568458	1.3411070289869642	10.799224862736361
21	556.7755318707458	0.10285135322315261	10.799224862736361
21	212.32201087976145	2.83482905208056	10.799224862736361
21	1120.460311648553	0.4273204370155034	10.799224862736361
21	930.74328275221	1.6776485980981586	10.799224862736361
21	607.1135056384892	-0.0020914997868957536	10.799224862736361
21	653.949835659886	1.2195158585756785	10.799224862736361

22	524.3947945887072	0.9987112580977011	12.227137824514744
22	489.3482777111606	1.1086196915043531	8.56628218963377
22	710.0377647066423	0.7143003525499515	10.148080848312981
22	567.3217001815237	0.7723025693397362	10.91698126500356
22	1019.6731781149057	1.0714766457305747	10.91698126500356
22	574.0928644540666	-0.03628062067981101	10.91698126500356
22	980.2365160181184	0.7300237764736675	10.91698126500356
22	204.44323583575004	-0.12783264394661065	10.91698126500356
22	1005.9668222996636	1.555009899540992	10.91698126500356
22	704.2484990795376	0.720577126592642	10.91698126500356
22	369.8293454963028	-0.24705994273853965	10.91698126500356
22	972.439742225686	-0.12747756960173623	10.91698126500356
22	635.6178901101583	0.44258414457849016	10.91698126500356
22	869.9047667236911	0.6712628230455702	10.91698126500356
22	41.75798069291272	1.3518783344964518	10.91698126500356

23	530.6468599805471	0.9053784180102448	12.455596241425985
23	497.89361840694056	1.1419150517882266	8.982600496001833
23	596.6184390111276	1.0104923726425203	17.658741504967942
23	716.7332724438893	0.777406132870561	10.687903639621261
23	578.6520733589496	0.659222147647149	10.984797387101493
23	226.22849756784487	0.5831702297890355	10.984797387101493
23	1064.8935417048851	0.9875596206072716	10.984797387101493
23	1044.1030763373085	0.7201481240687126	10.984797387101493
23	1143.3024763408596	0.7104862488672201	10.984797387101493
23	921.0767748362435	0.0609637188652369	10.984797387101493
23	994.4476003560777	1.5302566818481087	10.984797387101493
23	303.9366731983773	1.5487273696764856	10.984797387101493
23	890.5051849381297	0.12869021922024146	10.984797387101493
23	805.154396892119	0.9748894551729634	10.984797387101493

24	557.0223718793674	0.9774523343287772	12.68717353303365
24	507.64360914004953	1.1155944699596583	9.58309314283252
24	610.0915924477507	0.9951950240060781	17.761024876503754
24	729.3333939452937	0.7518592157453939	10.178926792776382
24	582.6328569601964	0.730698143690015	11.30665156036134
24	1263.9456583180868	0.8486189186187383	11.30665156036134
24	556.8615094896327	0.22385520952941146	11.30665156036134
24	926.3913687486029	1.0086941873058757	11.30665156036134
24	292.6051245264216	0.005459313510512556	11.30665156036134

25	565.0259984544351	1.0781467069609887	12.61472143082013
25	514.0167789179882	1.2564424980593418	10.076316409172822
25	632.9423812547382	1.1390081860395227	18.069327205971145
25	736.0647641814226	0.7507793243151475	10.827465163970261
25	602.7657804483472	0.7143643020060475	11.333644416602413
25	774.4643418971224	1.2719744342650439	11.333644416602413
25	883.9106460641714	1.2306111505528723	11.333644416602413
25	1067.2276214864664	0.7533946343639919	11.333644416602413
25	1310.1713718778246	1.0563190361289672	11.333644416602413
25	988.203111178128	1.500766545655686	11.333644416602413
25	1367.3445121359714	0.8983540781778618	11.333644416602413
25	1005.2320217048185	0.1691175574927034	11.333644416602413
25	623.5988043029688	0.9192474395219389	11.333644416602413
25	1203.1806969735308	0.7962298740716636	11.333644416602413
25	1003.1153180731542	1.4395639421486328	11.333644416602413
25	802.9340964628727	0.15816097907622886	11.333644416602413
25	74.30916725698665	-2.6684703861433547	11.333644416602413
25	430.70619665475795	0.9600153800074569	11.333644416602413
25	200.6919513462791	3.0956063127132065	11.333644416602413
25	936.0299563420486	0.3841457719570258	11.333644416602413
25	384.22445036860927	-0.2620929132713698	11.333644416602413

26	576.8389502778454	1.1511801691278911	12.735109986880264
26	654.9914203042283	0.8936517568522827	17.853451003548336
26	750.6737243484857	0.6423145106095343	10.886894062391187
26	608.9914584087935	0.6522442636274115	11.25444007596052
26	1098.0514489163088	0.4136298041720993	11.25444007596052
26	749.8436084466617	0.9023059951951521	11.25444007596052
26	971.3583720549004	0.1602517421264398	11.25444007596052
26	828.9064697063768	1.6832900245171833	11.25444007596052
26	1111.109415589529	0.9000130604211333	11.25444007596052
26	525.2061235052882	-0.18362686829100067	11.25444007596052
26	824.5603548255833	0.00228139586346017	11.25444007596052
26	549.3238203088497	-0.16909608295517295	11.25444007596052
26	118.33120278678956	-2.798816162493662	11.25444007596052

27	586.4911839005923	1.116774407924346	12.894506049898478
27	537.7471781211598	1.200695172362451	10.489179340664402
27	671.3280877467898	0.9271494361471448	17.975685811441636
27	770.0747036780735	0.9131372441126302	10.755992815187152
27	617.2955469210453	0.7924891585589154	11.713120087752158
27	843.2235805028765	0.38808596346269686	11.713120087752158
27	532.39795435016	1.866096089863816	11.713120087752158
27	713.4075900274986	0.22694104660242886	11.713120087752158
27	976.0592314474286	1.1288780418140885	11.713120087752158
27	872.2349235557567	0.0828589172018638	11.713120087752158
27	979.4877367985467	0.7980009621920794	11.713120087752158
27	1195.7808654729445	0.7559923592433782	11.713120087752158
27	247.64967032219758	-2.9049597687767195	11.713120087752158

28	601.0122662347019	0.8424859121660864	12.997790737703353
28	542.6732771991332	1.3160890811866464	11.297912839637346
28	683.9433934062322	0.9507444722251226	18.035120193656173
28	635.5498624992713	0.5477055984169377	11.703489864454886
28	170.6312313201366	-0.25428301383125906	11.703489864454886
28	510.55936061788145	1.8562490639180707	11.703489864454886
28	538.9099189344751	0.7756559693939628	11.703489864454886
28	500.0437829281286	0.6145290143493669	11.703489864454886
28	137.95910369722253	1.5016851438508996	11.703489864454886
28	1020.1376897110651	0.6560704965963237	11.703489864454886

29	605.9326270755353	1.1198181876549775	12.969086164026168
29	556.1723974000882	1.311799922363897	11.395882311159484
29	706.4101284910596	1.2212310866415899	17.852462348463593
29	783.7287953324692	0.9879195168128224	10.865920265038353
29	648.1823328330572	0.6881064422818258	11.976323931392862
29	237.2171629295618	1.0396306520774234	11.976323931392862
29	1071.9890415554369	0.7559104103430624	11.976323931392862
29	756.184259208118	1.0434889189181467	11.976323931392862
29	483.4527133883882	1.7344435836191248	11.976323931392862
29	328.88608843716383	0.8657495933291544	11.976323931392862
29	839.5281902469351	1.1883449112206492	11.976323931392862
29	445.5008294972364	0.17530913892318997	11.976323931392862
29	209.57911299653892	-2.9257147041714964	11.976323931392862

30	622.3067181177917	1.0588260818469675	13.341821240259906
30	567.6821029995614	1.2708233030784521	11.824730286370908
30	717.6484663847093	0.9455072273881526	18.02764831196937
30	793.352096317715	0.9792895813048652	11.39496311143294
30	654.3947991540093	0.5524283965853187	11.893990537811163
30	1098.409827610905	1.8002708229769635	11.893990537811163
30	445.8440728494731	0.31612560050290905	11.893990537811163
30	1008.9260398298345	0.49826808513888077	11.893990537811163
30	1195.5148590451286	0.5639386505966418	11.893990537811163
30	1147.4577784499977	0.943417187540898	11.893990537811163
30	442.1716053871827	1.0597934296751446	11.893990537811163
30	105.68474131161354	-2.981158928552573	11.893990537811163

31	640.1161676784424	1.0387130476171742	13.0910265645703
31	583.636554633822	1.358606778951616	12.187392686457825
31	735.6538259576796	0.9585746763000019	18.111332874563416
31	808.3877645498559	0.8560282564860348	11.162955049612574
31	666.6839232331924	0.5677046123819383	12.307603485997422
31	922.5101501866649	1.5717693547414573	12.307603485997422
31	926.3404249212634	1.5492285696588293	12.307603485997422
31	1004.4177645943238	0.46133044438520876	12.307603485997422
31	983.7819014252461	0.3455543966272735	12.307603485997422
31	296.83806517200827	1.0384790290149113	12.307603485997422
31	639.2199253025186	1.1330341058926503	12.307603485997422

32	649.0412886046917	1.0487491489108118	13.38608656902598
32	592.6406176093118	1.2536762139133037	12.559945992862081
32	749.094143061453	0.9680943597653064	18.108621800544057
32	816.5701179317459	0.6851095111026129	11.691667226722831
32	678.72779247962	0.598366881373093	11.981911202057404
32	1286.5210299846235	1.0325389667637406	11.981911202057404
32	576.5175063833093	-0.09061880589057002	11.981911202057404
32	1108.1441167270577	0.9059607928355183	11.981911202057404
32	1060.7140089064203	0.2317224598747777	11.981911202057404
32	351.2484462798479	1.5058452585345454	11.981911202057404
32	672.1451368887784	0.10445148405977457	11.981911202057404
32	1137.6081723351922	1.1316367007577415	11.981911202057404
32	907.4622740506286	1.7026747642250284	11.981911202057404
32	1084.109698460573	1.1537077007656003	11.981911202057404
32	890.4301561639198	0.8206141215719257	11.981911202057404

33	604.0922771860129	1.3736687693451788	12.878561960402829
33	780.2221743344354	1.0091252415574157	18.052286791020997
33	829.1430577147767	0.9748636236326422	11.579885922713379
33	692.6728400448021	0.6153852600446078	12.654790997452396
33	1140.6379590781212	0.46813204058361685	12.654790997452396
33	973.8939517640422	0.06759555657910746	12.654790997452396
33	616.4928008314924	1.0593744937837861	12.654790997452396
33	751.1851218821323	1.1663243499205347	12.654790997452396
33	183.1487864011901	2.626273288428624	12.654790997452396
33	987.699233459273	0.9798804888323891	12.654790997452396
33	976.8882037057396	1.5043480295507645	12.654790997452396
33	486.2533910702231	0.42673658263878056	12.654790997452396
33	716.950866157471	-0.26029896897219773	12.654790997452396
33	746.1361251059907	1.3448842759560058	12.654790997452396
33	815.6754223942759	1.567788266660225	12.654790997452396
33	807.9599174166683	0.3241238870873011	12.654790997452396
33	735.2272809212557	1.2269784920189377	12.654790997452396

34	683.1995170541193	1.2183620709895877	13.502713239665777
34	621.465630116742	1.3038395131318334	13.175418566752171
34	791.6476798692	1.1244638437650127	17.94632239955747
34	845.4420984249548	0.8827953142600532	11.66815588533913
34	708.2076091779896	0.41513034607208904	12.858114506160039
34	509.8607803562675	0.45556049093990775	12.858114506160039
34	1241.2091671993483	0.8653823464877587	12.858114506160039
34	488.7245759602374	0.3311943959363328	12.858114506160039
34	626.3335754453263	0.6162498831876921	12.858114506160039
34	628.1444948572101	0.9873860304800315	12.858114506160039
34	728.8725778192387	1.6335757294119477	12.858114506160039
34	363.4820940562099	1.7778916561956712	12.858114506160039
34	774.8558821010593	1.0188887195390066	12.858114506160039
34	160.59664139929373	0.21996409381479037	12.858114506160039
34	919.7455890728357	0.651527704879109	12.858114506160039
34	174.19333464451537	1.4289510092053075	12.858114506160039
34	632.350891311396	0.6780792093944815	12.858114506160039
34	948.1718309948029	0.3107925880567629	12.858114506160039

35	694.3911236321555	1.1470829189449465	13.71397708624057
35	630.6838729687802	1.4128043934584893	13.31547816186558
35	813.3039250483764	0.8707847201063722	18.070094989541374
35	850.454954142964	0.916576929401452	11.540982385662094
35	717.5294773230843	0.4502770494470627	12.317489870560625
35	1120.9457069751886	0.47000359667220354	12.317489870560625
35	643.488477858292	1.6436045319941421	12.317489870560625
35	1067.6369931368472	0.37432698790749913	12.317489870560625
35	964.8315388274985	1.4854343806260526	12.317489870560625
35	1436.3879795268836	0.6940121091142601	12.317489870560625
35	999.6570604304726	0.0028212907672884972	12.317489870560625
35	709.7904322917443	1.2570120510830334	12.317489870560625
35	492.5721083978954	0.8531417283856281	12.317489870560625
35	761.8816467239245	0.6378202452479629	12.317489870560625

36	705.126845141483	1.1708880564329742	13.93785693158696
36	646.5325538485939	1.4816412254703641	13.57784620350341
36	829.7493430055515	0.8070187963765965	17.742456934870205
36	866.6708677608921	1.0518582399301597	11.57255992571522
36	731.6072355480975	0.6400529355152546	12.570978877399602
36	955.3063986875592	0.7492227570469836	12.570978877399602
36	720.862747367135	0.9574000010264422	12.570978877399602
36	779.9110106834094	0.8379062475840896	12.570978877399602
36	823.2830965135375	-0.10266116315572105	12.570978877399602
36	187.137369301882	-3.087267650549345	12.570978877399602
36	352.7962736246748	0.9777561974002326	12.570978877399602
36	1146.4885911972874	1.0132215315629893	12.570978877399602
36	825.5341450229961	0.928087574624421	12.570978877399602
36	544.9592512509115	1.1897425667621127	12.570978877399602
36	650.4724929398147	-0.09417878952096312	12.570978877399602
36	252.0167399421316	1.3998472725508757	12.570978877399602
36	463.6535233863301	1.4300041780349413	12.570978877399602

37	720.8528942096603	1.2560691126176908	13.845881166155909
37	648.9918431309062	1.390523231874368	13.555345466149847
37	853.0398415814826	1.0397812566848075	18.251621973210224
37	873.9825799146838	0.8156180879836438	11.933502837310444
37	743.5716887694728	0.5900256306871525	12.501034376116102
37	1020.079487708722	1.5095513967457237	12.501034376116102
37	42.588530126279785	0.39176540003837645	12.501034376116102
37	819.1850823406896	1.5834352815243256	12.501034376116102
37	1193.8179616340128	0.6216703406116345	12.501034376116102
37	541.3258507458896	1.079032319269806	12.501034376116102
37	536.8992689487735	1.527899176705425	12.501034376116102
37	883.1296923941048	0.9712757518851544	12.501034376116102
37	524.7602914610928	1.5371288070982712	12.501034376116102

38	673.7003831657263	1.622581534547394	13.979818343577287
38	861.863432669921	1.0520903975431537	17.811996123414485
38	889.780086494775	1.0384472673474805	12.204410561760907
38	755.3742836890478	0.6139840972955057	12.45646030037601
38	539.6967938025347	1.7251720703466586	12.45646030037601
38	415.8523127151589	-0.07011652412083264	12.45646030037601
38	581.6208445780263	1.2041792439163528	12.45646030037601
38	1390.8946377307382	0.9036426515047781	12.45646030037601
38	1038.4470232559936	1.752255958554105	12.45646030037601
38	984.5834287131119	1.5756265291095821	12.45646030037601
38	1022.0383938014289	0.8974962924155546	12.45646030037601
38	370.6945049259606	0.6325824074232997	12.45646030037601
38	660.2085099957256	0.7451587077744611	12.45646030037601
38	866.9532037055014	0.5167037750310292	12.45646030037601

39	749.1407867882559	1.178628852717283	13.500854132106172
39	688.1487089684166	1.50162059304795	14.208358859413563
39	881.8698878179623	0.9812036755624305	17.63317245696467
39	899.6276656874128	1.0648186024396251	12.242439144678272
39	675.4077783505858	1.3005174079457358	12.242439144678272
39	315.87288329758366	1.3962208141429688	12.242439144678272
39	1415.3010491292748	0.7595841622256787	12.242439144678272
39	856.6732396266002	1.2663878244689217	12.242439144678272
39	335.6424633131761	2.0776856076432924	12.242439144678272
39	707.3958827477712	1.357844804383632	12.242439144678272
39	1057.3321793302835	1.6891984332151055	12.242439144678272
39	990.6696437985004	0.027884103065581867	12.242439144678272
39	828.7049866922374	1.0062579879017792	12.242439144678272
39	434.49326736296064	0.8779610611462213	12.242439144678272
39	427.4035836029692	1.1472036586020185	12.242439144678272
39	843.9706583977618	0.8690613479822684	12.242439144678272

40	761.3853774301457	1.0501837007324781	13.74332409081682
40	701.9063318870046	1.4997274059826549	14.231921119906966
40	902.7618861203496	1.0310456686207994	17.972302538919532
40	911.8588864885481	0.7844813597229431	12.479914706520617
40	779.5131521860368	0.6563089915038323	13.003821757245163
40	1143.0156197282163	0.5309139055357112	13.003821757245163
40	913.9485402587317	0.5498016890186137	13.003821757245163
40	535.5604078654004	1.5631005576991943	13.003821757245163
40	971.2243282376361	1.2582147058997795	13.003821757245163
40	919.3652549841139	0.7441092685800371	13.003821757245163
40	456.9547672474778	1.6234003692530283	13.003821757245163

41	776.6979370416718	1.1706288914110532	13.821976027909418
41	716.14746899539	1.4550097929887065	14.504081112638913
41	923.7353091860997	0.9813432999159077	18.251885063803858
41	930.2102371821492	0.8658826326339021	12.344990898915396
41	798.8741736386528	0.5285891377533366	13.02608741655863
41	678.9246637479075	0.7642790899073036	13.02608741655863
41	211.9730605003484	1.497641443379145	13.02608741655863
41	1126.602338883916	0.29379477168882817	13.02608741655863
41	188.0878616343763	-0.1410620050379012	13.02608741655863
41	800.7247272218922	0.5142088973189806	13.02608741655863
41	1211.8394381500796	0.5701006589071216	13.02608741655863
41	704.8604023374575	1.2198187340291355	13.02608741655863
41	874.5137893133216	0.660718308594563	13.02608741655863
41	287.02196502767475	0.03485626518057578	13.02608741655863

42	792.3824720920476	1.2136920251523982	13.981054312014772
42	726.5656218973147	1.5835949329260945	14.45862252845498
42	937.3253631549782	0.9168493026705045	18.007185021907638
42	946.642991705231	0.8454206168913428	12.677265508365315
42	812.491518213514	0.5591049815981015	13.069085340784516
42	211.4128653059014	2.4253577354118727	13.069085340784516
42	296.85322794473035	0.24175227760990847	13.069085340784516
42	266.63982243258664	2.086768376947907	13.069085340784516
42	684.9179480646696	0.452459742528515	13.069085340784516
42	453.40611950869544	1.9842209913135513	13.069085340784516
42	760.4825223503739	0.771500927116213	13.069085340784516
42	1170.3725482910402	0.819522229471243	13.069085340784516
42	638.7882786181272	0.47122465560021276	13.069085340784516
42	1139.6257920164244	1.2551124448386757	13.069085340784516

43	799.1312536387894	1.1796643275372096	13.89580553997883
43	744.3611779573891	1.555899683464667	14.497918633574223
43	949.8397404120059	1.0097562610493354	17.546642619973124
43	952.3966912654842	1.1162292890445085	12.447430252500029
43	824.434619007664	0.41872950786894175	13.30813964515026
43	1158.0305433006827	0.810017910844742	13.30813964515026
43	804.9872914656529	0.6757914416375728	13.30813964515026
43	767.659095868704	1.0488947132699913	13.30813964515026
43	462.01551738644093	1.9164164426697607	13.30813964515026
43	1083.2455753122797	0.4578413390793043	13.30813964515026
43	881.9315891729345	0.33560784644882957	13.30813964515026
43	822.9213061815448	1.4998446270817136	13.30813964515026
43	1234.0750216544916	0.7616742326877183	13.30813964515026

44	814.2034526119282	1.2569898414028964	13.839479879197624
44	757.3507162004897	1.4945725064224629	14.819530753079816
44	981.8095244731065	0.906690031191645	17.72236014569713
44	962.68083104732	1.0408916760461397	12.74699751628854
44	833.3210696615466	0.5670521663963665	13.1272106569821
44	905.4290573310541	0.6009652377563706	13.1272106569821
44	941.6647323139607	0.1800932483771976	13.1272106569821
44	966.0299703170544	1.0787652695928291	13.1272106569821
44	1021.1642627897587	0.3364352692161481	13.1272106569821
44	1055.8453574141008	0.2207197364340973	13.1272106569821
44	253.06678193867296	2.346710305926321	13.1272106569821
44	874.2360657007727	1.0692642689972953	13.1272106569821
44	1053.839962060648	0.8538910373347852	13.1272106569821
44	268.94660572736706	1.3422784929164093	13.1272106569821
44	1117.040082596726	1.1691630876107342	13.1272106569821

45	830.3264068320499	1.346050185732407	13.760657109674936
45	779.948349368779	1.5401992187997666	14.775676884604419
45	992.746498972619	0.9655654068425464	18.252890495007605
45	973.3212712073858	1.1022158460590603	12.388716402976772
45	847.3629933643635	0.5280012600907047	13.42654452243811
45	1109.486980882581	1.8200932493619135	13.42654452243811
45	1206.658391227359	1.022696719652201	13.42654452243811
45	422.783757257651	0.622832561250894	13.42654452243811
45	1192.7451766964311	0.8257566306685863	13.42654452243811
45	1071.1744067884815	1.0537954943834957	13.42654452243811
45	1311.4600024322092	0.9111456930211402	13.42654452243811
45	914.7218984968708	0.666004960372575	13.42654452243811

46	846.0039960792267	1.1878457279014825	13.884817099623284
46	787.4843410109577	1.674636129241856	15.15924110654815
46	985.6499428203468	0.8572763499649783	12.90887947085623
46	857.5876222242532	0.6181251128272218	13.29409001570309
46	426.70572420845167	0.3976288536847606	13.29409001570309
46	1031.14308784823	0.9611347391520306	13.29409001570309
46	781.2853296080942	0.6266782363378788	13.29409001570309
46	1250.8447933439568	1.0363179878486861	13.29409001570309
46	1011.1076617143616	0.4474755138505846	13.29409001570309
46	412.8133616400796	0.6858753266733641	13.29409001570309
46	844.1806966970905	1.1767281674776984	13.29409001570309
46	1026.2277013950545	1.6570632176742235	13.29409001570309
46	169.53710753520625	2.990407898731067	13.29409001570309

47	861.4205554091317	1.1826401227884007	13.995742167036694
47	810.6695840114279	1.6973584244467685	15.042688697989128
47	1029.3504264644384	0.9349498352708789	18.07307610594581
47	1003.2130942624121	1.016275462718408	12.707193498792765
47	876.0844383490428	0.3868036652674526	13.129697617280641
47	78.98848658849488	-1.1122445669738108	13.129697617280641
47	987.8393613405399	0.38227662437253024	13.129697617280641
47	417.8657373018046	1.3918603118809185	13.129697617280641
47	120.18874919883773	1.5877631763490143	13.129697617280641
47	640.1399745768506	0.8095884416631086	13.129697617280641
47	1138.8869498501217	0.6260987021762823	13.129697617280641
47	1013.6085146857853	1.4099633165731482	13.129697617280641
47	913.2994965205654	0.7572489794359736	13.129697617280641
47	334.3978218059756	0.27139977129173043	13.129697617280641
47	397.345236861063	0.3254823204493621	13.129697617280641
47	1132.4570111541952	0.5905851477657496	13.129697617280641
47	800.0217036997558	1.4452335003941883	13.129697617280641
47	829.4507991913644	1.5889967942797354	13.129697617280641

48	871.9995993342537	1.3573481297192385	14.106605976165495
48	816.9280420112126	1.591991385806541	15.607054921264249
48	1011.7377182486115	1.0082040070223355	13.203869735835804
48	884.1914478767692	0.5354190323808992	13.288439570665858
48	1105.7385498274157	0.8994980248027322	13.288439570665858
48	1085.7881060497166	0.7816666093718075	13.288439570665858
48	652.5764231799789	1.0616199025217066	13.288439570665858
48	650.9909525572357	-0.017451612155552028	13.288439570665858
48	1090.7789700100927	0.9240294496809637	13.288439570665858
48	1080.404842884251	0.7023378125356607	13.288439570665858
48	1046.6833625499535	0.9402096975360369	13.288439570665858
48	869.8302118049039	1.1582872264042652	13.288439570665858

49	1063.0819737847112	0.9007113430802973	17.449654340495865
49	1022.2879627121854	0.9435033226051995	13.096328736568989
49	903.5335014100193	0.3943531882724835	13.724403832078863
49	487.814586218496	1.4187908882884406	13.724403832078863
49	1439.2029606893877	0.9342378698241816	13.724403832078863
49	817.598515721817	0.6132167989980604	13.724403832078863
49	748.8441830742169	0.25581043176631574	13.724403832078863
49	1069.4520599177367	0.3914506107015195	13.724403832078863
49	676.2133701730753	1.050879104127413	13.724403832078863
49	815.6246834787613	0.6530053851579469	13.724403832078863
49	611.6060136566007	-0.11474285490333867	13.724403832078863
49	965.0702362904987	1.4787133344778933	13.724403832078863
49	1044.3244962108533	1.1430750987184086	13.724403832078863
49	78.2491591645719	1.8680802051145318	13.724403832078863

