scan	range	bearing	velocity
0	464.4983949528561	0.2680470439692634	-6.4255412606142945
0	179.22739472373712	1.0804188343634897	18.12471135014624
0	545.8133553040624	0.2878594983693089	4.4143338085680695
0	398.2237719957776	1.3712174136851945	3.2121229571241603
0	929.4184277233065	0.8428639662642534	3.2121229571241603
0	974.2737767114251	0.1341490353006728	3.2121229571241603
0	1429.7017544145522	0.7941413225291328	3.2121229571241603
0	963.5378057114611	1.0714705779137197	3.2121229571241603
0	1231.8678047639246	0.9718859077817024	3.2121229571241603
0	309.1481142049739	1.4631089758419373	3.2121229571241603
0	853.8658672809461	1.4814504613709474	3.2121229571241603
0	272.4955948818398	0.7112316125216813	3.2121229571241603
0	208.22566106728513	1.631973709727929	3.2121229571241603
0	491.21461143964046	0.8296861403186603	3.2121229571241603
0	952.7419144995141	-0.05947379509000353	3.2121229571241603
0	467.52819201292664	1.5955618397498994	3.2121229571241603

1	323.7668540102813	0.25196189831791926	5.105970500805545
1	456.8213308001716	0.3877653348270844	-5.756749197704861
1	199.36547297836347	1.0852954737057805	18.004726467705453
1	539.9772335386245	0.324352566443043	4.303893192335897
1	394.2950669695057	1.2040721562267882	3.492153953531473
1	863.1993177399457	0.01891026248225211	3.492153953531473
1	860.9919883903074	0.8068029064837245	3.492153953531473
1	845.758730441145	0.5580288138716758	3.492153953531473
1	1023.8148940645972	1.1425987234417774	3.492153953531473
1	1234.9118457480927	1.1419979970383967	3.492153953531473
1	821.4791376466263	0.9839668401223108	3.492153953531473
1	728.8061912085441	0.34322762350503944	3.492153953531473
1	631.41340075379	0.021978021522223855	3.492153953531473
1	591.1274408516766	0.6419838153637387	3.492153953531473
1	433.3912958419617	0.7202037556422631	3.492153953531473
1	993.2859530016356	1.1715323019849424	3.492153953531473
1	1079.7251924000411	0.8510217850387798	3.492153953531473

2	325.4878496995078	0.44800914550641535	5.992630612993779
2	217.83379436032646	0.9833635729097467	17.780129873276174
2	548.39033965476	0.26542865034737756	5.105480916129602
2	403.60862316475476	1.3582140396834104	4.187160056127359
2	664.4976548397142	1.5984070364984888	4.187160056127359
2	631.5173022394835	1.4148576897582625	4.187160056127359
2	1184.0371448776905	1.0400665824145112	4.187160056127359
2	699.6960497653478	1.122238858233986	4.187160056127359
2	1403.6844755080979	0.8862662761857751	4.187160056127359
2	1276.6339247347657	1.0366620585291868	4.187160056127359
2	561.5356391263607	1.6090275270238852	4.187160056127359
2	227.03571787081898	2.5130423116102176	4.187160056127359
2	1109.9780212203402	0.5967024476889463	4.187160056127359

3	336.49705202676614	0.39314996175857375	6.835645400344379
3	446.47518415502753	0.2678867129430723	-4.59627555399062
3	240.46433790495917	0.9879539279695377	18.262843867642264
3	554.5534451288714	0.4603100730498264	5.45673280036875
3	407.6023551329148	1.3044623744197237	4.415878721333697
3	635.3862394736676	-0.18062946856558457	4.415878721333697
3	875.1266538925565	0.8159954082432495	4.415878721333697
3	877.9152052398822	0.705936478415078	4.415878721333697
3	1062.9956396432422	0.7888711597251299	4.415878721333697
3	600.8307310794565	0.07161424587810128	4.415878721333697
3	1244.283901576537	0.7863392991676809	4.415878721333697
3	754.6442997877774	1.556545558194514	4.415878721333697
3	954.1781038155574	1.5533271998341571	4.415878721333697
3	921.5380879819662	0.9578733901936121	4.415878721333697
3	763.8846029931753	1.49112227049256	4.415878721333697
3	360.3306806141722	-0.15568551313289802	4.415878721333697
3	1153.0264345798407	0.8578924504444899	4.415878721333697
3	355.8522136244222	0.7844452634613416	4.415878721333697

4	343.573015007904	0.3767960248805249	6.702671289490127
4	442.7287519775349	0.37876663035460423	-3.3621668427727482
4	246.33684207406017	1.0324476149868618	17.91457451631281
4	559.5034314721698	0.41254511782458986	5.748291494247782
4	407.71890166988146	1.2166087479706458	4.988135572592405
4	1147.1589739856051	0.7066879440787428	4.988135572592405
4	1118.5181927192205	1.435130763198539	4.988135572592405
4	965.7892996689168	-0.08606696409251283	4.988135572592405
4	704.1135319116223	0.34155220719800966	4.988135572592405
4	1221.1501106007959	1.09020030734029	4.988135572592405
4	396.0128327142772	0.578515795192439	4.988135572592405
4	745.4834000347117	0.9544478565973438	4.988135572592405
4	1075.1414295692723	1.3984520851199722	4.988135572592405

5	340.2558490984491	0.43340671724207813	7.413354162385933
5	438.7430921231495	0.37416237927741347	-3.201862036829172
5	276.45351197182265	1.097552088189662	18.105494742134827
5	559.7413993500005	0.22900823462108116	6.074858061839344
5	1389.7934227182122	0.732379176793246	6.074858061839344
5	685.9868011779259	0.7681841203968864	6.074858061839344
5	622.1437296517418	0.6455497717069885	6.074858061839344
5	276.975851599651	0.15212987961383745	6.074858061839344
5	1083.6758144932182	1.6385643364505187	6.074858061839344
5	869.2170294458763	0.18524043753868405	6.074858061839344
5	587.3959018543121	1.6984626778313432	6.074858061839344
5	402.5954591662392	0.06354167918037393	6.074858061839344
5	1049.3324829786732	1.3572839933864296	6.074858061839344
5	1123.0478614405677	1.0559468980239515	6.074858061839344
5	740.032664214902	1.9901793020816236	6.074858061839344

6	348.0062736157217	0.5958403762184881	7.801065203605368
6	434.69614350309377	0.4591555727536885	-2.1226876445037433
6	285.7326907014832	1.097097835573978	18.283961690577616
6	571.1713436937116	0.34325616293315453	6.16425030152903
6	423.10194821311956	1.0497076089847093	6.298801073237274
6	413.9576442207029	1.2283368596257946	6.298801073237274
6	888.80283363161	1.5430970949362686	6.298801073237274
6	919.2701786752272	1.86631167819394	6.298801073237274
6	66.29014849515347	-0.9200313081119126	6.298801073237274
6	1029.569273462858	1.6338588033576222	6.298801073237274
6	614.317041361719	0.40469847407845094	6.298801073237274
6	88.87928825820634	1.5408301171800836	6.298801073237274
6	915.2504612842814	1.7015293429297667	6.298801073237274

7	362.09439297187663	0.5655084134442804	8.513185030303882
7	431.40721383363586	0.5347817149294654	-1.7368249571082401
7	305.15478516698033	0.9228317769947594	18.08989742318181
7	582.7662032646848	0.3943880528753365	6.129720942272302
7	423.9847111541422	1.033482226979548	6.674719687470109
7	804.1827854856774	0.8598342924545284	6.674719687470109
7	1139.523568469062	0.8509906414134271	6.674719687470109
7	377.04535305757037	0.008945818175650933	6.674719687470109
7	506.71876092493545	1.7831997741210797	6.674719687470109
7	834.3641839557084	0.08537128180398677	6.674719687470109
7	1091.2448526418232	0.4675024573135687	6.674719687470109
7	647.4338864287038	0.7026105437625305	6.674719687470109
7	489.0980013401519	0.7990448654974612	6.674719687470109
7	539.3732721383326	-0.11029354950190506	6.674719687470109

8	368.6556988690417	0.6552581061647207	8.752313069647487
8	430.0519814744998	0.6231871187871194	-0.7221500770393473
8	327.25050728178195	0.9875876658693239	17.839525380557685
8	589.7608224253955	0.4745395031822451	6.859022285105953
8	1196.3389334771482	0.6209005424756598	6.859022285105953
8	1008.9900354607405	1.8727366555639076	6.859022285105953
8	990.3479349960754	1.3179712068040863	6.859022285105953
8	843.8710781401093	0.030507696349578266	6.859022285105953
8	1094.7414861888014	0.7337395087596436	6.859022285105953
8	868.8194311580212	1.9437703702743228	6.859022285105953
8	811.8430338810293	1.2455215246002163	6.859022285105953
8	934.7530739587975	0.6385896613997337	6.859022285105953
8	325.03031839005183	1.0914717352863004	6.859022285105953
8	185.16887705976256	-0.4634190610876499	6.859022285105953
8	288.20522725638295	1.0571535909822707	6.859022285105953

9	378.7461400559185	0.7984324730290226	9.568660761903269
9	428.64225245993225	0.5810526484686204	0.0707947154377446
9	343.20488648956547	1.063410002755635	18.271644132731538
9	590.2878792752607	0.5017928119681426	7.283993417809764
9	446.8489989148248	1.0566611029523432	7.063875177741237
9	1334.4056109422966	0.7264610465019562	7.063875177741237
9	601.2986886731732	0.7243517956037321	7.063875177741237
9	301.9644164510916	2.1650093828953687	7.063875177741237
9	1002.0653683638014	1.108912434766111	7.063875177741237
9	323.6039543765141	1.5377695069700554	7.063875177741237
9	804.4021883546641	0.5167234925533143	7.063875177741237
9	1403.788977985006	0.7866213302264041	7.063875177741237
9	1036.918202039894	1.2661607407038498	7.063875177741237
9	520.6237840569122	1.7021799417004462	7.063875177741237
9	114.94685099720711	-2.995354083413907	7.063875177741237

10	430.6255355893565	0.7644174921645742	0.5476681884863134
10	360.03664984236383	0.9091963065203225	18.506959620186098
10	598.1902621968902	0.4931912624027272	7.418317104189024
10	446.41372676871606	0.9881967150930894	7.555777852242924
10	1145.1780412072062	1.1707889946006214	7.555777852242924
10	986.2259290869323	1.733316227664709	7.555777852242924
10	1268.2759600056495	0.7904961474513893	7.555777852242924
10	1206.8233371414358	0.7542326403993961	7.555777852242924
10	1254.584544213053	1.102049129565721	7.555777852242924
10	284.613737194435	2.6369515921274993	7.555777852242924
10	871.7491001142076	0.6731885094170208	7.555777852242924
10	755.6318125108178	1.4696591638745768	7.555777852242924
10	797.1497866541911	1.8427104807544696	7.555777852242924
10	819.7450877763077	1.0187467434557884	7.555777852242924
10	651.197790801837	1.2493869130201365	7.555777852242924

11	398.69947799992406	0.7916340299771564	10.118232776111213
11	426.9644114019045	0.7075773572030775	1.3611054987432458
11	376.6544703614003	1.1329657969753713	18.16144082836155
11	609.1409611038256	0.43608087808846085	8.128584567125003
11	463.95078425931655	1.0501119191263117	7.870861038548818
11	1115.268347779926	1.3895729989358456	7.870861038548818
11	269.5805770230665	1.0759499096819152	7.870861038548818
11	215.80518244558078	-0.5003416321541533	7.870861038548818
11	1188.9469610866756	0.6668257616943554	7.870861038548818
11	1236.9260169628355	0.5631617301060794	7.870861038548818
11	1020.9683584056861	1.5284828975025269	7.870861038548818
11	485.101178960323	0.854316715975306	7.870861038548818
11	522.7782258587108	1.610465157826186	7.870861038548818

12	411.39306758381395	0.6915937722652141	10.069375759001847
12	434.1580576245485	0.6812970742681265	2.2245780963667134
12	397.8214325032674	1.0170355677055276	18.110255329708405
12	616.9440844204073	0.7281061645665241	8.267443009410592
12	467.2820419582644	1.0584888762980749	8.601693491576462
12	1213.2939490130461	0.6084410126162068	8.601693491576462
12	645.1708273643418	1.8770197856847681	8.601693491576462
12	1059.4820218845173	0.48521478080341446	8.601693491576462
12	609.9403788447914	0.6431936978587489	8.601693491576462
12	728.6928816318314	1.4948423677019114	8.601693491576462
12	201.38360824627475	0.20865677492371293	8.601693491576462
12	34.296357026867724	1.914465991482734	8.601693491576462
12	1245.172605841215	0.8021957857145543	8.601693491576462
12	472.4273611101819	-0.2593648813448838	8.601693491576462
12	464.8902541251103	1.3175293251597604	8.601693491576462

13	416.65278042714294	0.8963528496367885	10.545688017108619
13	435.78303467588375	0.6637024178745885	2.7638008902163786
13	416.33948822943603	0.9566772953070353	17.874658009756512
13	621.6903611401781	0.7248017299273022	8.320823965598503
13	473.7539817355361	1.0037214321703505	8.522004941461686
13	496.4913646444814	0.7232520773172368	8.522004941461686
13	926.715209271941	1.431705237245277	8.522004941461686
13	865.570388956248	0.7166422153738625	8.522004941461686
13	981.3193243826669	1.0068523294959955	8.522004941461686
13	778.7585539359253	1.1541361141293527	8.522004941461686
13	679.1092696720586	1.9603556801857545	8.522004941461686
13	1180.221480301467	0.9432952442716552	8.522004941461686

14	431.13950427038156	0.767451438193824	10.694563809006718
14	435.1569806176959	0.8220150588579621	3.612538062534201
14	435.08927436390604	0.957929168564225	18.19664341504238
14	638.6297415199369	0.6708854731755852	8.363996774086262
14	478.84660898456065	0.9378812679460351	9.193213104064213
14	1273.74614819119	0.6740842416767244	9.193213104064213
14	1188.1148951820921	0.7397553042073421	9.193213104064213
14	435.88500472976654	1.0808080925865742	9.193213104064213
14	919.0208563159547	-0.0339115196121848	9.193213104064213
14	1028.2422790925905	0.4599316026445188	9.193213104064213
14	286.3703353553991	1.4031865142158215	9.193213104064213
14	907.1036188209257	1.3799613217573286	9.193213104064213
14	1257.343985849245	0.6573125447320686	9.193213104064213
14	1220.9926693897646	1.0755030110990544	9.193213104064213
14	1264.2906572226873	0.5510218452957526	9.193213104064213

15	443.1833915077715	0.9234782120288327	11.151501495492907
15	439.68024356349633	0.9846382805561582	3.97738313432798
15	450.2485973514243	1.060514477695367	18.11380924537731
15	642.676139441502	0.6652425095145152	8.514489473144916
15	488.9870662263163	0.9852623485083661	9.498328858430357
15	1109.2782577606597	0.7336988929522523	9.498328858430357
15	1145.1995586977107	1.009330794159628	9.498328858430357
15	1087.2980232323366	1.0404467140662848	9.498328858430357
15	630.0537080244889	0.4428846550334468	9.498328858430357
15	763.5654248962663	0.13294780626095765	9.498328858430357
15	552.2407095424021	1.1781889973702495	9.498328858430357
15	117.13932681051958	-2.897018246102129	9.498328858430357
15	557.0672733680213	0.07761067759474846	9.498328858430357
15	995.0416382141951	0.09160589522628457	9.498328858430357
15	623.6735213013725	-0.11468816091588965	9.498328858430357
15	862.1686118346394	1.415992860812274	9.498328858430357

16	445.69935449585705	0.7624567644766824	11.24296162283891
16	445.1268761287819	0.7998474107234271	4.570005709139551
16	468.46349422387027	0.9384038739107157	18.023310889222007
16	653.2058234314451	0.6415069271469034	8.864120633611261
16	500.4531765879397	0.8978382677313022	9.658126732524035
16	594.6238953730011	1.188024311477703	9.658126732524035
16	651.772584075863	0.7453626365478343	9.658126732524035
16	1011.4592249057017	0.2516594963109262	9.658126732524035
16	1345.4986983841668	0.9808258688523088	9.658126732524035
16	813.9294983889545	1.1542946550504114	9.658126732524035
16	1185.3234550160853	0.869701963369332	9.658126732524035
16	258.1115212809245	1.9534335057190624	9.658126732524035
16	614.379075564858	0.4054425475559836	9.658126732524035
16	1276.8994838615013	0.8016414341456354	9.658126732524035
16	875.8918931594253	-0.1694156263693537	9.658126732524035
16	996.1046751085988	1.0013707180212192	9.658126732524035
16	970.5190560536746	0.33945740559765636	9.658126732524035
16	627.8096168010467	1.0318763152507529	9.658126732524035
16	727.4168405684945	0.222783530963426	9.658126732524035
16	939.6086398858921	1.7003064183111765	9.658126732524035
16	1055.9772989229891	0.7445049528984511	9.658126732524035

17	466.8975831005943	0.8593984263780904	11.174099523363534
17	451.4872722327238	1.0175595488491278	5.519698041323922
17	489.5804841095739	0.9663802812555838	17.992812750190176
17	661.3184584186976	0.6330804541831809	9.35050783232861
17	509.6772021049738	0.7024409513515476	9.948865384659525
17	818.5323682333027	0.379258770049138	9.948865384659525
17	257.98527652755496	2.247907173387089	9.948865384659525
17	387.2123845066503	0.12101415677108973	9.948865384659525
17	994.9107050653679	0.5394132049985066	9.948865384659525
17	1053.979078133697	0.7602718067343996	9.948865384659525
17	119.55925728527738	-0.73488444974403	9.948865384659525
17	1015.4628566234077	1.4561839869188113	9.948865384659525
17	851.5526146359598	0.0161175828253192	9.948865384659525
17	812.5658602136964	0.09042391957437373	9.948865384659525
17	178.78970819444964	0.3324603891742213	9.948865384659525
17	946.970491257958	0.7776809223931198	9.948865384659525
17	338.9804378922073	0.8683798502296088	9.948865384659525

18	479.05600582202305	0.8863373963994912	11.570177336582649
18	457.6227611487171	0.984575296170482	5.961823300847444
18	505.90211267113943	0.9512570750637346	18.25772103838451
18	669.432109105066	0.7970537097240471	9.506747674417733
18	520.3447638834874	0.8240908028261493	10.23329704216853
18	93.4870116840769	1.8043012177089184	10.23329704216853
18	869.0419827341705	0.07271752596218502	10.23329704216853
18	356.6971051269648	0.9960150825893784	10.23329704216853
18	105.6292759505226	-0.48009512076426586	10.23329704216853
18	867.3623311474266	1.7474769563723278	10.23329704216853
18	336.3111426625002	0.11139186681997836	10.23329704216853
18	540.6770843251956	0.27392124953303254	10.23329704216853
18	912.1358408615008	0.6607221744359075	10.23329704216853
18	799.1383459528748	0.7744719666055234	10.23329704216853
18	141.47214408282406	-0.5074687356491411	10.23329704216853
18	8.92558416127904	2.165495417851535	10.23329704216853
18	1211.293291151403	0.621725722037992	10.23329704216853

19	488.2796240412961	0.9448215401217391	11.910709831420952
19	525.8722517903658	0.9845215895527971	18.06222502300632
19	678.9769871078161	0.8514952814301131	9.348950188722773
19	528.5586178159398	0.7873561839259301	10.326050644064217
19	959.87536898412	1.468778336947179	10.326050644064217
19	626.071069763537	-0.04793602586104479	10.326050644064217
19	923.2249629319056	0.1690390390266285	10.326050644064217
19	303.35763421201466	-0.0783209209135163	10.326050644064217
19	1248.225169861286	0.704624160380513	10.326050644064217
19	1170.165428853795	0.9546942500832756	10.326050644064217
19	942.4551450304638	0.36500910269694503	10.326050644064217
19	1217.64558843957	0.7267304280105725	10.326050644064217
19	950.2563235561804	-0.10334294620347084	10.326050644064217
19	721.0547790547582	0.9705583805856923	10.326050644064217
19	202.9409830857225	-0.5375096883379861	10.326050644064217
19	573.8160058393411	1.02525710201969	10.326050644064217
19	607.8657587756741	-0.11656424254274872	10.326050644064217

20	498.0588927128992	1.0346702494577869	11.887881918230663
20	474.8859952655481	1.0906578255096047	7.247114317395475
20	546.6167972751203	0.9367300243964946	17.609866219167863
20	689.3357354457453	0.6626346377358436	9.890429913826143
20	546.0777797812362	0.6825986130929799	10.723160079495669
20	844.4144256383436	1.6603992434445012	10.723160079495669
20	252.33378863842543	2.1899623440541593	10.723160079495669
20	551.5853044785047	0.5684703873985915	10.723160079495669
20	368.50103854120204	0.7813357154209974	10.723160079495669
20	1054.6451492129324	0.8632640212779931	10.723160079495669
20	159.03855989591506	2.3058718563244303	10.723160079495669
20	374.7962239628905	1.062182481640542	10.723160079495669
20	476.634908061022	1.2485489941347594	10.723160079495669
20	1041.7308861616348	0.8716937419886475	10.723160079495669
20	722.788810328695	0.49976264714250695	10.723160079495669
20	559.5617572221876	1.855054617115129	10.723160079495669
20	507.6702386685827	0.35449375232721886	10.723160079495669
20	424.95465418511094	1.0902519879957902	10.723160079495669

21	519.6200856376681	0.9139960457861368	12.095193460685945
21	484.1066393404408	0.9960172479871964	8.150219712613724
21	557.5449631914714	1.036227730850365	18.06866951527234
21	698.2768757251829	0.8987171023991574	10.066816195986366
21	553.6134836365438	0.8531548248593216	10.773647975667267
21	847.254066892443	0.2039102178196447	10.773647975667267
21	1037.150678683395	1.7084997055029363	10.773647975667267
21	740.7015704347924	0.47141724434318055	10.773647975667267
21	1062.9375807582155	0.6778204675143936	10.773647975667267
21	620.1028247480566	0.6745910447957428	10.773647975667267
21	441.6464061353051	0.9859511271595623	10.773647975667267
21	986.5696818571669	0.4037552538739091	10.773647975667267
21	1019.7125387600936	1.589612817053542	10.773647975667267
21	928.3521106622017	0.35137332670272575	10.773647975667267
21	1013.4414241175589	1.3801394307679182	10.773647975667267
21	591.2128752238062	1.6120279886170925	10.773647975667267
21	735.283224520386	1.38094401794743	10.773647975667267
21	61.606636461421985	-1.642940887539604	10.773647975667267
21	734.2583051856247	1.2985693804596223	10.773647975667267
21	234.94409663084244	1.894734871135648	10.773647975667267
21	1024.6990465906551	0.03670527060955196	10.773647975667267
21	257.18730853466207	1.612688181481566	10.773647975667267
21	993.2427005644373	1.1760190923481557	10.773647975667267

22	523.0334458303489	0.8083177116184491	12.45403738757349
22	490.5785925035555	1.0300069204314048	8.217371240524246
22	575.0607308630821	0.8554227290415422	18.165473069966176
22	702.4432194039181	0.7150157580587246	9.851010234799855
22	559.6605127456276	0.7990265374376915	11.194488086969288
22	735.2622181510465	1.624178148053799	11.194488086969288
22	299.9363292201691	1.839852563805827	11.194488086969288
22	1087.8882996222687	0.7632766601076533	11.194488086969288
22	1100.1741473444486	1.3407833842210883	11.194488086969288
22	343.18904184873884	1.0394051583318868	11.194488086969288
22	1174.7730669419552	0.8086906143619788	11.194488086969288
22	743.0136944449415	0.7320167839936346	11.194488086969288
22	489.3323299691882	1.1027191063495745	11.194488086969288
22	589.2448328808116	0.3747300430233933	11.194488086969288
22	914.510085857495	-0.058050975778048436	11.194488086969288
22	429.669325737431	1.3349991191680035	11.194488086969288
22	359.3906958989828	1.5821731255115967	11.194488086969288
22	857.8705654447476	0.4045359781281518	11.194488086969288
22	871.7536531584346	0.6234685687410388	11.194488086969288

23	534.4717592359453	0.8697049894368714	12.218922357637242
23	491.2741862893997	1.168269041858759	8.821132338103034
23	594.7392971520302	0.9778833375125909	17.679986649605038
23	712.2728618418546	0.710164800658974	10.232320177939965
23	571.219730794812	0.6322148924762295	11.202828267183119
23	396.74041164608747	1.1817428381775144	11.202828267183119
23	738.4174516009319	0.42545905712414034	11.202828267183119
23	496.1176972896698	1.2017432798574599	11.202828267183119
23	1080.0678366337008	1.4551063089876148	11.202828267183119
23	1042.1541385977519	1.3423639423292677	11.202828267183119
23	325.83768180174303	0.9514956631915569	11.202828267183119
23	937.2456612115694	0.7350583387038413	11.202828267183119
23	90.6726849068395	0.692506854254016	11.202828267183119
23	799.4371308334958	1.5948681875038588	11.202828267183119
23	621.905589253764	-0.10080796040047824	11.202828267183119

24	548.667794781448	1.1213738586120416	12.439493298665248
24	615.0439382734185	1.0485545808870664	18.152161477213824
24	733.5127817071881	0.9408510764513287	10.704856073867655
24	582.9130021838598	0.6807407583242657	11.054303757068165
24	779.819888847671	0.3529054460463892	11.054303757068165
24	254.6612667856461	2.2533977978726276	11.054303757068165
24	1071.007063350609	0.46384232225893984	11.054303757068165
24	802.5792862728106	0.1462107003133899	11.054303757068165
24	522.9089011694234	0.9549774865867606	11.054303757068165
24	1118.2706832948595	0.9566413981271659	11.054303757068165
24	332.5287939979127	1.781573387660436	11.054303757068165
24	1232.0004726006262	0.803053041716981	11.054303757068165
24	656.8809902959316	0.4817374133204209	11.054303757068165

25	558.3182816730344	0.8419872371285722	12.889658104212364
25	511.73028086021037	1.1254049930828687	10.184261244411578
25	632.5018400856367	0.8637730919183776	18.536620395685336
25	740.3318061309321	0.8890043844811528	10.628492365371349
25	598.7935430562509	0.6894153001937372	11.71405107040435
25	915.7482254501862	0.4689928844981576	11.71405107040435
25	510.4414836329711	0.3056442396602794	11.71405107040435
25	122.01859933145104	3.1366784307957385	11.71405107040435
25	680.6088573840956	1.9414053720532765	11.71405107040435
25	720.0298441228728	1.042459660852697	11.71405107040435
25	901.6997511070618	1.8046353010123166	11.71405107040435
25	1088.7345961607232	1.8001976122031607	11.71405107040435
25	455.83082694133674	1.308356385478821	11.71405107040435
25	1097.1963086338405	1.4083945845094175	11.71405107040435

26	575.1704611185802	0.9515625818366238	12.783868356392535
26	528.7587424451613	1.0638377616564345	10.582435873540895
26	648.7193122460801	0.9802821854760615	17.858451961688356
26	752.183449305699	0.9719142695391421	11.156153047912232
26	608.5877756566241	0.6268768552989477	11.493463485775095
26	569.2289323557761	0.672717402772857	11.493463485775095
26	784.0067076912194	1.823008989164094	11.493463485775095
26	146.74150265446323	2.2352231409408057	11.493463485775095
26	788.3522719982711	1.3725625519028466	11.493463485775095
26	564.1804235320833	1.3237289044613927	11.493463485775095
26	627.2075371058253	1.6242870678819223	11.493463485775095
26	850.7191006886892	0.16803434704534614	11.493463485775095
26	1173.3152653946916	0.9622576546186795	11.493463485775095
26	390.3912184673515	0.14181618889040254	11.493463485775095
26	741.5587542680927	1.0935441178530292	11.493463485775095

27	587.1668134942581	0.9929625304365652	13.366148334435087
27	532.8577283328725	1.343344693090494	10.917919816083145
27	667.1481100438749	0.9939376011305888	18.080036155326255
27	759.9126983488256	0.8335268788237291	10.845085558773448
27	619.1200572750447	0.5937959137788443	12.103379751031854
27	997.8454248952156	1.7098456212865347	12.103379751031854
27	961.2303918368847	0.8574061413640752	12.103379751031854
27	1209.4806116441484	0.9086543984270552	12.103379751031854
27	1016.9226586396788	1.7029938687111772	12.103379751031854
27	612.2045351418415	-0.06311135216476736	12.103379751031854
27	1120.6491578054317	0.5392068303006079	12.103379751031854
27	221.90227866588154	2.565540432551286	12.103379751031854
27	865.4911455680908	0.38547240541728534	12.103379751031854
27	432.84685356190204	1.3212351910930016	12.103379751031854

28	596.9711843800748	1.0688415880745457	13.177305598660402
28	545.4472169623566	1.2823516231835685	11.022045244389572
28	684.3681878506462	0.9511965054621847	18.040996881453992
28	776.1593383528314	0.7417159545991258	11.126815039346008
28	630.5067123053801	0.6562428005338468	11.542528220773839
28	720.455822827426	0.46604750793435495	11.542528220773839
28	806.8476594034217	1.7353551568592978	11.542528220773839
28	450.868608596633	2.0643327806058345	11.542528220773839
28	889.2114571350913	0.4061803133436684	11.542528220773839
28	1170.9724746229333	0.7811630059657363	11.542528220773839
28	677.1598752500333	0.11125221500941476	11.542528220773839
28	939.3227878061186	0.505699907765554	11.542528220773839
28	998.0040400628242	0.061606310052079026	11.542528220773839

29	611.4988899923783	1.0196455574318237	13.326869781159997
29	562.874102634892	1.1814937095859304	11.463581430113678
29	707.5710708992871	0.933338286717594	17.840134755776038
29	787.1163685753558	0.8008022361266517	10.98092711893381
29	643.6414304826316	0.560639157365685	12.116445823297626
29	643.191957868891	-0.04777987735298321	12.116445823297626
29	731.3664062765374	0.2538202787405982	12.116445823297626
29	868.5349016503582	1.608233430225625	12.116445823297626
29	754.6880596681135	1.3646833440816757	12.116445823297626
29	676.9474213031378	1.1023325589783324	12.116445823297626
29	624.7515912394487	1.5850960086312456	12.116445823297626
29	1031.1304455708598	1.3270964346426166	12.116445823297626
29	1129.815348292089	0.9639654003129995	12.116445823297626

30	625.6445138588505	1.1060193381131167	13.08159685597874
30	573.6222993544176	1.3848312069907334	11.727223334910805
30	723.0210151135699	0.812863210261234	18.0169525604167
30	801.8652276716516	0.8142592128108896	11.532265799823907
30	655.7644810397663	0.6427404123896934	12.232099351070675
30	514.9630853494932	2.083236990247031	12.232099351070675
30	904.749911314343	1.5145851150787943	12.232099351070675
30	1092.2992323124984	1.2523057006978262	12.232099351070675
30	1030.987131327589	1.6160741932513474	12.232099351070675
30	759.0442907245296	0.39780430637387193	12.232099351070675
30	805.8887957094863	1.5598785301071787	12.232099351070675
30	628.1467618041321	0.6525791222456405	12.232099351070675

31	639.4993869113962	1.0043202493757568	13.204985019024962
31	582.3418738605607	1.4373402530651762	12.055289259241805
31	738.4054147382762	1.103591909823377	17.989191883170466
31	808.0117328279476	0.9337433845920834	11.706282496582677
31	666.3701650501273	0.6128621566995837	12.557469968346721
31	556.4267755853547	0.035914747903049896	12.557469968346721
31	489.85981727146685	1.2761830004988157	12.557469968346721
31	645.8614511429738	0.4310886802285757	12.557469968346721
31	921.1173190962293	0.0014196915287264592	12.557469968346721
31	648.1790687126228	0.9098602821651324	12.557469968346721
31	934.2208101318294	0.024730522834486488	12.557469968346721

32	598.81120277486	1.2151904954449704	12.643586003111142
32	755.0344585148964	1.0660342630059425	18.188152978982476
32	822.2769052257046	0.7958644929349522	11.851339034647227
32	684.6332625582072	0.596614554496556	12.244736984614455
32	816.5024137091007	0.09171535316476855	12.244736984614455
32	678.8464677482993	0.2543024096788512	12.244736984614455
32	1003.8785591581765	0.8684663127681951	12.244736984614455
32	702.9667668055998	1.0501816171201515	12.244736984614455
32	596.516837499761	0.4724513623330828	12.244736984614455
32	606.4372091309633	1.5854333262595692	12.244736984614455

33	668.6166486541878	1.1122805664812185	13.18418468885302
33	602.6552876511026	1.3942648414774093	13.012823725219217
33	778.305240382354	0.8636378923357964	17.71104557909529
33	826.3386987150932	0.6638643939686217	11.580242957819936
33	687.9435201526479	0.5534597182389156	12.359538709456512
33	638.6594638695312	1.7791376950987248	12.359538709456512
33	990.041504588117	-0.19038756941397444	12.359538709456512
33	657.3500749866236	1.0622050139918187	12.359538709456512
33	697.9997242392056	1.8652632900329462	12.359538709456512
33	1004.423117630689	1.4560432139951336	12.359538709456512
33	1110.9701413513455	1.1612439821546703	12.359538709456512
33	1055.4700591124138	0.6544935696086434	12.359538709456512
33	701.8096776054002	0.7511828626166257	12.359538709456512
33	928.5769027368646	0.027173601230017053	12.359538709456512

34	676.8683626569589	1.227402120919654	13.041214225238644
34	618.7440468731045	1.44918557890582	12.780446561663688
34	799.8422514916037	0.9229846393672935	18.351195141359938
34	838.93267491671	0.9717121393756925	11.778509291385893
34	706.8167878889527	0.4767851178774456	12.544270272939634
34	542.3453626092294	1.8959598816043728	12.544270272939634
34	792.9992507060067	1.439087292786844	12.544270272939634
34	688.4615431530771	-0.013335310628680798	12.544270272939634
34	200.6735657107511	1.808506301316284	12.544270272939634
34	876.0192275353363	0.7035766268175598	12.544270272939634
34	501.5582135734512	1.8663888665156008	12.544270272939634
34	448.86622522921596	1.702499984420515	12.544270272939634
34	835.107252876656	1.5613645227962036	12.544270272939634

35	692.5917315974	1.0181806201743238	13.600546599345167
35	631.0690354058162	1.5075156115637132	13.21429554537584
35	814.2839075924184	1.0103118609059092	18.232446742966218
35	852.5898912441944	0.9894929469334914	11.876992127979038
35	711.8891953169439	0.598298083443695	12.50558091206579
35	845.3374786257017	0.11802845039750742	12.50558091206579
35	658.0023964861414	0.5649843186558011	12.50558091206579
35	1038.8722841306146	0.2547078962622589	12.50558091206579
35	1195.6903657729188	0.8846531217607199	12.50558091206579
35	692.0678757383448	1.4372756661210946	12.50558091206579
35	429.3799395297903	-0.020372285604132595	12.50558091206579
35	611.6307807638434	1.5425894119539956	12.50558091206579
35	496.4279056396936	1.410502374900421	12.50558091206579

36	648.625234180095	1.443811278102576	13.561693874698149
36	832.7774436562357	1.0970857281845063	17.741955509845116
36	856.5098650820602	1.0839951374066226	12.086709324047472
36	734.0703595085087	0.5970687546873165	12.836084086355365
36	1085.1077968670515	1.6980783278662803	12.836084086355365
36	937.7374823280045	1.1461532287359395	12.836084086355365
36	269.6169779305538	1.8292856174737488	12.836084086355365
36	349.9083127765431	1.966356045179374	12.836084086355365
36	579.4043893184487	0.28395881134055656	12.836084086355365
36	573.4461039424101	1.7649582292150277	12.836084086355365
36	802.4704378614456	0.410715377972532	12.836084086355365
36	805.007542131352	0.034862203915317566	12.836084086355365
36	914.5519701571689	0.8198417639193196	12.836084086355365
36	1054.9301369400482	1.0328613141062328	12.836084086355365
36	503.2937984722502	0.15376346266036484	12.836084086355365
36	603.2965776776114	1.7229915420752202	12.836084086355365

37	716.0511846062826	1.0969438935980071	13.257419281065179
37	657.1698632471295	1.4624158202613922	13.50332502967883
37	846.4671232603782	1.0314664844179884	17.651815364988575
37	876.2611937397328	0.9894026495811262	11.627440832168036
37	746.670983551316	0.46957653874669647	12.726387045233473
37	1124.5484736801723	0.4702924313649015	12.726387045233473
37	1088.47460001535	1.1875903465178725	12.726387045233473
37	791.3541700869059	0.1448445679645582	12.726387045233473
37	381.04586489293933	1.6016012225758496	12.726387045233473
37	904.643617830012	1.7115277389885117	12.726387045233473
37	960.1328312155277	1.6185147459632363	12.726387045233473
37	193.21359997391605	-0.5171717806801202	12.726387045233473
37	334.3953922813064	0.2021499784617446	12.726387045233473
37	982.037754257886	0.7661616369161507	12.726387045233473
37	1017.9834308092669	0.197304047818555	12.726387045233473
37	763.3212663003982	0.13229573824630408	12.726387045233473
37	909.4198561260282	0.9853473668197296	12.726387045233473
37	432.29823050520434	1.455374769420218	12.726387045233473
37	345.40587953990865	0.8669189002871265	12.726387045233473

38	734.350247762216	1.32236782641703	13.682733473438798
38	679.5235441052668	1.5590507494061614	13.80190684662085
38	856.7082423299985	0.9652181674770375	18.053617128874905
38	889.7470710010814	0.87428556354738	12.211943636420438
38	758.1451057401179	0.5859032795656391	12.678440782487735
38	1323.0821699395706	0.9373771586118876	12.678440782487735
38	1107.9854554428853	1.0300951383856034	12.678440782487735
38	134.95561792375582	2.088016521526772	12.678440782487735
38	1147.736776559648	0.6683902111180278	12.678440782487735
38	761.6100639441945	0.7686700612660485	12.678440782487735
38	554.4796756583848	0.6433818511962688	12.678440782487735

39	746.7546769353651	1.03860306619025	13.873206194650692
39	687.6424506558714	1.5876517693465366	14.31635088969191
39	887.3872714142394	0.9391384760245194	17.89583148319611
39	766.7991707099627	0.5336819735845901	13.061592870690477
39	572.4617204679158	1.7115586678580068	13.061592870690477
39	1084.9166596649432	1.5548858663161875	13.061592870690477
39	685.0214400102218	0.32096411526929264	13.061592870690477
39	522.4825749614159	1.046709384612762	13.061592870690477
39	834.3939712266525	-0.05706012180435073	13.061592870690477
39	1072.7342570761973	1.4873830998705626	13.061592870690477
39	1035.81736615384	0.9861898637118873	13.061592870690477
39	669.8328941453278	1.3359047985013397	13.061592870690477

40	759.57477739761	1.075336431802169	13.662640685537456
40	705.0591394637922	1.5194261875810806	14.40422664956325
40	897.5012794175535	0.9717551274080337	18.176201696994504
40	909.8325955799	0.8182180202352258	12.377981756328868
40	779.6060145074467	0.6715456863999019	12.897958512267163
40	286.937908025104	0.07452768791708674	12.897958512267163
40	896.330992391907	0.6597321803867374	12.897958512267163
40	903.7087448475953	1.001801762316471	12.897958512267163
40	976.4652584628265	0.12162850701835558	12.897958512267163
40	323.71625363010884	-0.08649281665565915	12.897958512267163
40	555.6450362311479	1.1178263899642633	12.897958512267163
40	368.14532690146353	0.4579399790522911	12.897958512267163
40	565.1012009587175	1.5622122101393283	12.897958512267163
40	469.0743718866196	-0.14966539441682553	12.897958512267163
40	212.32340425948345	-0.09738879532563693	12.897958512267163

41	776.8763668115813	1.2298517596742544	13.92150273459704
41	717.4941241159071	1.5504426307180372	14.16021731919377
41	927.2233343970244	0.827216266948555	18.003179642070226
41	924.5107902573272	1.0762038022059035	12.709353038997072
41	794.5961939962012	0.4408029661975842	12.64372698955272
41	284.85467751347676	2.2648542984655515	12.64372698955272
41	959.2097341702946	0.2578427323844015	12.64372698955272
41	902.8480629124465	0.5152490340939748	12.64372698955272
41	753.3742725141811	1.7500063270763795	12.64372698955272
41	921.018059254897	-0.0754874158278177	12.64372698955272
41	594.6732491097283	0.0605808520854228	12.64372698955272
41	781.8713275133744	0.7090597397414307	12.64372698955272
41	894.2202594934358	0.7249602828724	12.64372698955272

42	789.7928741709811	1.1647495741579907	13.609396936775001
42	728.7539200777453	1.5467371272072834	14.88586182041411
42	940.1842685464811	1.0259017154641648	18.12153606163973
42	933.3883364216117	1.078049210024813	13.038204264465524
42	806.9127372128432	0.5524380101572464	13.198921844070588
42	1216.7741967564195	0.5550081705010489	13.198921844070588
42	631.5214626006117	1.0006333115258428	13.198921844070588
42	515.6788234118612	0.39155519022711527	13.198921844070588
42	1047.5971610728818	0.700627276522554	13.198921844070588
42	223.72115313078547	0.6546094466531346	13.198921844070588
42	905.4587899411724	1.2620018415720464	13.198921844070588
42	35.50282828296721	2.2540907046054284	13.198921844070588
42	972.7642809323673	1.1125738180027875	13.198921844070588
42	1060.0768385967517	1.0268474143027075	13.198921844070588
42	225.21025276126917	0.9279803107823661	13.198921844070588
42	1019.1334728609919	1.261088890474848	13.198921844070588
42	909.3883305716503	0.42916526064192767	13.198921844070588
42	226.4094735282687	-0.105303100174745	13.198921844070588

43	800.5729972223143	1.07926138175015	13.541277715262082
43	748.321054832587	1.6000566062000832	14.832460395852053
43	955.136464973097	0.8584367667431966	17.75578022577629
43	949.7400488649752	0.9642411862918634	12.668828229050938
43	824.1425661095917	0.5339697368197858	13.379289899234182
43	235.09661150734112	0.1312454723749764	13.379289899234182
43	1040.3143354288306	1.4726985623105022	13.379289899234182
43	712.2879831983735	0.06896266280507313	13.379289899234182
43	414.35585513903743	1.6814852620012262	13.379289899234182
43	366.3122702168571	0.0695862096510329	13.379289899234182
43	1055.0669583691824	0.8742801184040635	13.379289899234182
43	588.3516674855701	0.033796986714630634	13.379289899234182
43	701.8013094553688	1.224597304424676	13.379289899234182

44	818.9005616937958	1.3904419644724861	14.449535423273936
44	761.8691252877096	1.4294976162628916	14.659523579865638
44	971.4649521031857	0.8926626295994565	18.371207371714135
44	956.422321065094	1.111247128008787	12.816966078573168
44	837.9342901994893	0.4930393246820585	13.501795300130077
44	561.647235779072	1.108462415210481	13.501795300130077
44	1022.4575692077553	1.5621240657100497	13.501795300130077
44	448.37421506333305	-0.1224574196486444	13.501795300130077
44	724.1029102818649	-0.15338542998311663	13.501795300130077
44	451.73316072226373	0.5482276298585036	13.501795300130077
44	109.39465498976082	-0.5653561006619802	13.501795300130077
44	736.2467722285672	0.0021268360378365846	13.501795300130077
44	838.0662013662219	0.4031557062594705	13.501795300130077
44	362.6416121379362	1.7693351985886947	13.501795300130077
44	1211.5230419960371	0.6657363154575208	13.501795300130077

45	830.2519474228278	1.2130772525294862	14.140882814799754
45	991.6445608880218	1.0003621734705146	17.949407788581293
45	975.7899911745131	1.234900606167047	12.71760805911776
45	848.7248726300966	0.6168754350109931	13.179185136030123
45	438.69994080879195	2.229374547489343	13.179185136030123
45	1264.2748297055514	0.972860235630904	13.179185136030123
45	924.2018746827634	1.3004068468527725	13.179185136030123
45	682.8242774098311	0.3327837465893553	13.179185136030123
45	1106.2538621141605	0.7573830238379105	13.179185136030123
45	583.031918048314	0.6668990244505579	13.179185136030123
45	581.4829395360332	1.9568271419951473	13.179185136030123
45	265.6446224176934	0.7777855684780371	13.179185136030123

46	844.5326166345426	1.0960314320543354	14.063739402545762
46	801.8382050772572	1.5840308032821742	15.115649011365129
46	1007.9430696237056	0.8467730893160721	18.099934966269437
46	984.2403070785565	1.0116240620069807	12.666857732112756
46	866.8535980487031	0.5658300519751805	13.15927768725274
46	744.0992651524136	1.1357617931936126	13.15927768725274
46	643.9427758794326	1.2256934163105042	13.15927768725274
46	1139.959930367534	1.0202007683505612	13.15927768725274
46	340.07812470364627	1.6436075503969323	13.15927768725274
46	1338.3257233067816	0.5749828108828327	13.15927768725274
46	1083.232895125514	1.1666646730378354	13.15927768725274
46	438.239548243933	1.7219970703127763	13.15927768725274
46	873.9299647009701	-0.12940559233922444	13.15927768725274
46	901.9026308262627	0.24047144040671187	13.15927768725274
46	1239.6510322370445	0.6989674019351295	13.15927768725274
46	878.6832390875572	0.5718457714333521	13.15927768725274
46	925.1454649532783	0.008065602733092495	13.15927768725274

47	858.6035844623435	1.1679187592576024	14.017929263267128
47	800.5432073430204	1.4932335626718927	15.252857374899275
47	1017.5816394849064	1.0684039428955414	17.893037752410027
47	995.5891186446688	1.0142985004611762	12.872146066772295
47	875.9774963198241	0.37762603740237755	13.166905204088708
47	1168.514699061095	1.2122711868991731	13.166905204088708
47	705.289749413974	0.304774549979221	13.166905204088708
47	206.08604544160815	2.4337551457909123	13.166905204088708
47	680.0974620036658	1.7250796047997239	13.166905204088708
47	1205.8130485492973	1.0845875328451184	13.166905204088708
47	987.3454348216949	0.6024692699109505	13.166905204088708
47	167.3413521247429	1.1379047872101316	13.166905204088708
47	171.83692148279673	0.6380411988663163	13.166905204088708
47	899.3369505870066	0.17606325750753593	13.166905204088708
47	585.1562931153977	1.2482052458501836	13.166905204088708

48	819.5169301006862	1.5569101412905701	15.337411360465314
48	1047.1505350297368	0.982178533442819	17.979256643915633
48	1011.725175657387	1.1611690206036749	13.3254995315354
48	891.288725765748	0.4583641544883389	13.581272381831708
48	250.35280392822287	2.634982278803115	13.581272381831708
48	779.9367245654652	1.8642438759695283	13.581272381831708
48	13.232578048342717	1.5054391104544083	13.581272381831708
48	1383.5028870375413	0.759412269216774	13.581272381831708
48	556.2077099230986	1.138630254908836	13.581272381831708
48	807.9231848219872	1.4298792858766345	13.581272381831708
48	282.582928762528	1.7027258825588882	13.581272381831708

49	891.4130885208365	1.2056967095639362	14.051101152689943
49	834.8850417799947	1.5839282513560557	15.546819521996847
49	1064.0368722326298	0.9267566955940431	18.071348113212732
49	1026.8471144637983	0.9209219620837867	13.011304183129841
49	900.750747996886	0.38351040464213215	13.403965871807841
49	858.9210132127197	1.0906525872672221	13.403965871807841
49	964.2517094366592	1.496029790439709	13.403965871807841
49	200.40000282649697	1.776447678133001	13.403965871807841
49	354.23427304548267	0.09907164801219653	13.403965871807841
49	514.8565411623229	1.4099452295239234	13.403965871807841

