scan	range	bearing	velocity
0	458.88572938261353	0.12093171854409307	-6.244882757893349
0	181.8237997863358	0.9373846397036908	17.597407964230523
0	540.0056709098413	0.02255930767013542	4.107495622843878
0	394.65779178202473	1.1524316360572973	2.9149178843459738
0	975.321340449632	0.14648279880080647	2.9149178843459738
0	1117.392861453757	0.8283292063732304	2.9149178843459738
0	994.2167568240512	0.6832813979793528	2.9149178843459738
0	937.0179060590959	0.4579297935050294	2.9149178843459738
0	372.85008245725277	1.8530068691593071	2.9149178843459738
0	911.3355514185441	1.3613642747667825	2.9149178843459738
0	751.5003219381279	1.08196690457336	2.9149178843459738
0	308.16571214156727	1.9229033741201504	2.9149178843459738
0	990.2119103204191	0.5468781317687823	2.9149178843459738
0	970.8050147365585	0.04364731395941469	2.9149178843459738
0	143.7206223628328	-0.3240219946335405	2.9149178843459738
0	309.98762339625904	-0.28411828437132153	2.9149178843459738
0	1011.1665014324408	1.763965744076169	2.9149178843459738
0	1076.1277568951239	1.1929529412584317	2.9149178843459738
0	799.5966022405044	0.5523965185184943	2.9149178843459738
0	950.8459516511635	0.4137659248315354	2.9149178843459738

1	323.3854091193582	0.42330810281133524	5.393671892332502
1	456.0144049634122	0.343212194921236	-5.799887862574475
1	198.89602817149762	1.0235081320228994	17.833659057155305
1	541.7391805891277	0.3996090659160829	4.434449013382777
1	392.65284665213443	1.374236161449308	3.42090019309028
1	693.6966447700763	1.3202308010154638	3.42090019309028
1	213.63997517247677	0.03278646537550288	3.42090019309028
1	1067.0070610752377	1.2147024635821202	3.42090019309028
1	682.6047934540907	-0.06993879088674249	3.42090019309028
1	183.40773144868857	0.8707431476050315	3.42090019309028
1	1202.5612993224797	0.68517647117856	3.42090019309028

2	329.0572270242636	0.30133499502020533	5.978068576367985
2	449.4201256970298	0.3151428713975127	-5.070452550335175
2	219.4770900913071	1.0089961923276642	18.240460990772576
2	550.3002784972833	0.3981271308826091	4.625240299913176
2	403.78349090031213	1.3236702229350545	4.426829683317781
2	1078.6366004945646	0.3771961113846698	4.426829683317781
2	726.5266715899212	0.5104746567012498	4.426829683317781
2	597.646040034648	1.7140852537301152	4.426829683317781
2	1035.9764802555571	0.36686657441488785	4.426829683317781
2	826.3354596859359	0.7727136958834879	4.426829683317781
2	292.0986258941489	-0.14851183031266793	4.426829683317781
2	841.2514506806057	0.05364997302152025	4.426829683317781
2	541.6183996708546	1.226132596950203	4.426829683317781
2	166.9185803979746	2.6939784639541373	4.426829683317781
2	559.8730990040912	1.1132843549780347	4.426829683317781

3	335.933034267696	0.6313061331251484	6.24384363609664
3	439.41051620924907	0.47095819050401344	-4.608872927515613
3	233.82444405972583	0.951446412251066	17.67191685795518
3	547.610013597316	0.3489701987239123	5.60183665777496
3	411.2027880783043	1.3711378165714214	4.477399620986589
3	1174.4110005710138	0.5731898108977809	4.477399620986589
3	229.41336271768094	-0.40168487442955886	4.477399620986589
3	990.989964722277	0.1393649197239111	4.477399620986589
3	1239.0835330356863	0.7101425217469108	4.477399620986589

4	340.72873506066185	0.3669108694598495	7.072235202408576
4	439.2117114507148	0.3924202538718575	-3.6386677088850896
4	250.21127978993783	0.8469774941441011	17.996066291153113
4	559.0978849915152	0.32643822739076644	5.866281885305631
4	417.548137368146	1.1907574161501362	5.1267878074032085
4	939.597249609704	0.0610266061376242	5.1267878074032085
4	481.9027049547431	-0.05373890419812101	5.1267878074032085
4	463.854608523711	0.8251066189425418	5.1267878074032085
4	889.4009350641213	1.0821431942418414	5.1267878074032085
4	1245.0690861358325	0.8466812806221587	5.1267878074032085
4	78.14033112197322	-0.6697730604526885	5.1267878074032085
4	1003.9654371866246	1.5308164574916487	5.1267878074032085
4	425.76117939454883	1.8940941108378102	5.1267878074032085
4	1286.2540712767113	0.9468077946395597	5.1267878074032085
4	517.948296442389	1.028408987477346	5.1267878074032085

5	344.4140504149678	0.3013944742328663	7.800502236429596
5	432.6610838149194	0.41339739059402003	-3.0595759267465046
5	267.41276313763666	0.9413134014127857	18.00128699701066
5	563.0033457167654	0.4624653913547866	6.017810249776726
5	414.7011062377959	1.096214929210744	5.340236455715586
5	871.477812584201	0.39489630040622115	5.340236455715586
5	561.4706002245574	0.9420492360874866	5.340236455715586
5	1076.637943267793	1.1219304801115217	5.340236455715586
5	1021.0839525955478	0.6190663539798335	5.340236455715586
5	1248.0682693190852	1.0034356463404295	5.340236455715586
5	875.1235127204258	1.7521526385492507	5.340236455715586
5	438.2389233512973	1.5795107393677337	5.340236455715586
5	947.2846548631359	0.5763836691083717	5.340236455715586
5	546.7918695262313	1.9085570443859834	5.340236455715586
5	324.1005364614777	1.840983537267478	5.340236455715586

6	353.15366315856954	0.6508794853965272	7.881405964411477
6	429.0103246868886	0.42961483443728443	-2.5487181387831335
6	284.9899429545	1.0109124521240285	17.88798173370338
6	571.987117191635	0.4634784616393764	6.248091188592619
6	426.46867756196866	1.1311009992367422	6.209495110142901
6	1055.4545933724582	0.31843181339220406	6.209495110142901
6	1209.836097224827	1.1291633225295323	6.209495110142901
6	371.3009077226122	-0.15690103083738882	6.209495110142901
6	982.0229478306574	1.503630894109633	6.209495110142901
6	1091.4553724621305	1.2210580597600855	6.209495110142901
6	988.0472884584681	0.04627851692521874	6.209495110142901
6	1382.9866207346076	0.8081903437997546	6.209495110142901
6	164.44216539310705	1.5635311067791156	6.209495110142901

7	361.7897901659412	0.6264859807575622	8.347902657330339
7	429.0856564749884	0.4852320936646664	-1.8923420442005179
7	579.485133361266	0.34176918008784224	6.4515192450842616
7	434.083232720059	1.199379117355841	6.643564011877199
7	859.4693693228237	1.56557768635737	6.643564011877199
7	634.1683026646642	0.42147115631826304	6.643564011877199
7	1085.7907299313165	1.6335420548212918	6.643564011877199
7	191.32693225905464	1.397832762802439	6.643564011877199
7	182.61570164958027	0.7939026968691255	6.643564011877199
7	812.1766834992869	0.33172565533046955	6.643564011877199
7	643.3930490562668	0.38942008840876496	6.643564011877199
7	856.4969128420372	0.12715205748496566	6.643564011877199
7	796.5769258357509	0.6457517118676348	6.643564011877199
7	857.0443408236515	1.8728479124225468	6.643564011877199
7	995.579826437106	0.16426230936278838	6.643564011877199

8	370.8769178893677	0.5778853949112835	8.74331786413972
8	427.6959183858192	0.6778157490570367	-0.9300159557539919
8	324.1627062229023	1.0662295360526661	17.968930719572274
8	584.1438214759929	0.528974919950122	6.452491258851584
8	621.7467622908707	1.7083238129722254	6.452491258851584
8	787.1552788863087	1.28308886943903	6.452491258851584
8	655.6055102488641	1.5417862207654691	6.452491258851584
8	899.7853030323964	0.9994842021220196	6.452491258851584
8	893.4617279740156	0.17767453729821764	6.452491258851584
8	1029.039018550028	0.6854406980665625	6.452491258851584
8	1311.6716793556088	0.9027427394069448	6.452491258851584

9	383.36467038850896	0.5956734251572222	9.124191244419103
9	426.7011373010771	0.5407277095408869	-0.4043111349319774
9	343.1252577990438	1.0688519401668044	18.066799796177058
9	591.5384314468972	0.5758666166913127	7.470469169443333
9	446.1319679110082	0.9861015032060128	7.0611073128076
9	434.48966673044316	0.6482475641202181	7.0611073128076
9	1004.2552482188582	1.245407712214326	7.0611073128076
9	1366.1064065365736	0.7321287264774099	7.0611073128076
9	631.9988475257461	0.22496544340897423	7.0611073128076
9	108.1055714792679	2.0876081309491665	7.0611073128076
9	809.8495676566022	0.5446747354525117	7.0611073128076
9	1222.415014091436	0.6340770865886969	7.0611073128076
9	355.42086643092796	0.6531682809100282	7.0611073128076
9	859.2861594176866	0.04689677464316008	7.0611073128076
9	414.0665385581096	-0.08146750738817507	7.0611073128076
9	625.8207301016091	0.1666934767764581	7.0611073128076
9	642.502854337523	1.3993836203284296	7.0611073128076

10	387.0828234498903	0.6284750695354605	9.573052479847416
10	360.9722584439611	1.073163546138254	18.394757943446468
10	448.632780151081	1.100795245223832	7.752559722604944
10	432.7077323555623	2.0255652368060963	7.752559722604944
10	446.49019173852594	1.053798239873533	7.752559722604944
10	948.5361490688911	1.6813363954978269	7.752559722604944
10	1125.2473336238659	0.9518262984553617	7.752559722604944
10	799.0000781683087	0.9280830108220766	7.752559722604944
10	432.96103029535766	1.9298863058190108	7.752559722604944
10	637.2289928580516	0.5523332718937252	7.752559722604944
10	938.4434269452878	1.2934733692046665	7.752559722604944
10	657.4432795371996	1.571667542145767	7.752559722604944
10	679.2943109703025	-0.04724565355445122	7.752559722604944

11	397.43286364721695	0.6878463437806341	10.054332606035306
11	433.494939666537	0.4978082419809776	1.032659042898913
11	380.5607627144447	1.0933987826288805	18.386618131524454
11	607.6836721918372	0.4024354512145976	7.775283729799157
11	459.8505188365649	0.9288513657697155	8.509037682913503
11	758.0240756433265	-0.25716689709633755	8.509037682913503
11	996.966261527649	0.45189314979285367	8.509037682913503
11	978.6947615562946	0.9918424773491978	8.509037682913503
11	721.8569360899832	0.6761745987664471	8.509037682913503
11	298.1277271087832	0.8294921457217341	8.509037682913503
11	500.8931889514963	0.47474043615150685	8.509037682913503
11	916.1728291218305	0.1919103743904838	8.509037682913503

12	411.24836411423837	0.7065881583490661	10.194087337725588
12	434.1841979024059	0.7020345794597853	2.8121978244548127
12	398.88328907603284	0.9063768110575801	18.277334100629016
12	612.5774680138611	0.5588227539491717	8.264660449086705
12	470.8744914990925	1.0175997314817384	8.520626860372566
12	987.6300463190333	1.0218754504120677	8.520626860372566
12	467.60060692456295	0.39169530388632756	8.520626860372566
12	760.2831738452196	1.4084032268043227	8.520626860372566
12	971.9046006786475	0.22356778462702498	8.520626860372566
12	73.56055066507231	-2.537609006225112	8.520626860372566
12	389.5331927720586	0.4832512757608852	8.520626860372566
12	255.11584313726988	1.5531150729704513	8.520626860372566
12	139.1012265559931	1.060841347560236	8.520626860372566
12	737.2188127675626	1.0476479873084485	8.520626860372566
12	1087.9013094913464	0.6388747150893865	8.520626860372566

13	419.94355563943077	0.7391304311955128	10.556177860647933
13	438.5750149405961	0.7006420087149303	3.069861729119201
13	412.44145493960684	0.8601635158619911	17.903976633013613
13	621.6531986739791	0.5916121014698419	8.14717579852084
13	477.6411066489994	0.7432385386940591	8.602180965512732
13	680.2560103607194	-0.08179155461149562	8.602180965512732
13	210.49912173603758	0.8718631388399072	8.602180965512732
13	900.3107124547149	0.8594119520839654	8.602180965512732
13	427.34127448565584	1.8138685599286295	8.602180965512732
13	923.4715804447279	1.3501680651045478	8.602180965512732
13	846.3728766733806	1.497390029969167	8.602180965512732
13	892.109623106771	0.2989220190152809	8.602180965512732

14	429.12607321724545	0.7418781683740215	10.448717860742473
14	440.8803304229216	0.7691323098158392	3.519846920962746
14	432.3148941483247	0.9155985917799242	18.020511909965553
14	631.0420374565838	0.5821487994158957	8.489587997847073
14	482.50908172885295	0.91286383174606	8.638606009994941
14	973.3017830644616	-0.09123499424575737	8.638606009994941
14	803.9825170238885	1.5508735583442905	8.638606009994941
14	779.0685669858636	0.10938502657580176	8.638606009994941
14	852.2606286435755	0.23879037764573463	8.638606009994941
14	1076.075900168892	0.944498245856857	8.638606009994941
14	453.65819653175197	0.25090405751839984	8.638606009994941
14	911.9228492795448	1.1084064813171899	8.638606009994941
14	871.0025327835309	0.9479770164481536	8.638606009994941

15	442.85858058948304	0.7480271379339093	11.004281530755993
15	438.87525882042394	0.9283683430125294	4.36341289791563
15	448.8609870477537	1.0369098251168638	17.866814422952523
15	642.813387131826	0.5468253243313592	8.824951763847727
15	491.89656160501596	0.8902834466574437	9.403975595259348
15	964.5535280876665	1.046993363143352	9.403975595259348
15	1052.6858037189618	0.49107691393804087	9.403975595259348
15	1085.5087167917522	1.128328622775652	9.403975595259348
15	804.5101576216207	0.22201153270337767	9.403975595259348
15	1105.486895396868	1.1672777122697957	9.403975595259348
15	1091.3791447618794	0.7829440535054506	9.403975595259348

16	450.61048330340657	0.8229355684317462	11.356435626888144
16	445.54094996045677	0.700074527668947	4.696636482142132
16	469.512262241075	0.9347062967256224	17.97708483034632
16	651.6574970749541	0.6215644011899936	9.1500450995607
16	505.82581297195514	0.8829159468793436	9.653192601608533
16	662.4139057421676	1.8072954342600387	9.653192601608533
16	539.3519397315781	1.6473411137829967	9.653192601608533
16	1019.3645837117957	0.9396133654654525	9.653192601608533
16	274.1100797794309	0.8535266891060677	9.653192601608533
16	762.9450216383113	0.4457106837501095	9.653192601608533
16	1114.897849051186	0.9278803204260766	9.653192601608533
16	1170.4372633146252	1.0072148708469517	9.653192601608533
16	1066.0738397341102	0.9553840140019222	9.653192601608533
16	983.3720039332288	0.5327621063088049	9.653192601608533
16	886.842933864987	1.3347477472376916	9.653192601608533
16	201.49666521939346	2.8357944407238556	9.653192601608533
16	220.94178565643094	0.4554135267582598	9.653192601608533
16	973.1434206312957	1.3836810616101654	9.653192601608533

17	462.02068795088286	0.8956005406488151	11.534577867746306
17	452.65229589735804	1.1324875943683599	5.632081459813131
17	489.05559225748243	1.0899398201917305	17.926897839893332
17	662.1721839567508	0.674527288283277	9.05403231045612
17	510.3326783462494	0.6172296701666259	9.862069157298317
17	779.3040037081628	1.6860721223513822	9.862069157298317
17	392.033934534188	1.2075456496439592	9.862069157298317
17	1335.7762781229042	0.6212803173648419	9.862069157298317
17	954.3586221502754	0.8012446806124457	9.862069157298317
17	1328.1796846478762	0.6752022617422369	9.862069157298317
17	490.37116996100065	0.013313751306205449	9.862069157298317
17	817.4764997355667	1.2716992650330998	9.862069157298317
17	1193.2762563868548	0.4779818663794153	9.862069157298317
17	921.206441591988	1.0063160245536524	9.862069157298317
17	351.0990346199983	0.28618829313504146	9.862069157298317
17	344.71545616248204	0.4247879041745634	9.862069157298317
17	662.4988033867586	0.7293482564006041	9.862069157298317
17	488.83437140453356	1.5396421991302767	9.862069157298317
17	728.9603220016398	0.9249060842136575	9.862069157298317
17	695.3508222085219	0.28324143383778444	9.862069157298317

18	473.43547560382007	0.8894315961866716	11.435488459970092
18	459.0436094084318	0.9754231931940062	6.077646652193597
18	507.74695602862147	0.9085424042921459	17.879661690809456
18	670.2656020729275	0.7287874385332279	9.638799582349943
18	524.711900311577	0.8963295648167231	9.965121875455676
18	846.738015518621	0.5157907523289891	9.965121875455676
18	909.6004478253163	0.5237068374347789	9.965121875455676
18	528.8956307274926	0.4536108224614227	9.965121875455676
18	776.9328813870851	1.4259771581766534	9.965121875455676
18	748.2987315132393	1.773422400710058	9.965121875455676
18	907.853665929301	1.476198834356162	9.965121875455676
18	975.071292240662	0.5572337158571732	9.965121875455676
18	1112.920625761069	1.2443154685895408	9.965121875455676
18	1110.9231021882604	0.8441430770093629	9.965121875455676

19	489.29377195392505	0.993136287669992	11.751894358810823
19	526.0690241412258	1.0407563566580156	18.146095594892277
19	677.11454853101	0.7892465426570842	9.676162362687645
19	530.0332847594586	0.7977632421035559	10.36377613186012
19	1131.2023223664612	0.5765275948423425	10.36377613186012
19	926.759839699779	1.5234076552565043	10.36377613186012
19	196.57231206252857	-2.601811493679099	10.36377613186012
19	1013.5479884459139	0.6775190140625827	10.36377613186012
19	530.6566488244013	0.3832700477144525	10.36377613186012
19	734.5196792815651	1.0663109784323332	10.36377613186012
19	633.6700941662275	0.2814174871886358	10.36377613186012
19	1022.9892589090471	1.6347358043120994	10.36377613186012
19	1335.4159053277072	0.6915381157054267	10.36377613186012
19	940.1556019853947	0.1183514549116482	10.36377613186012
19	1282.682080397698	0.9123033196913185	10.36377613186012
19	733.3456922400615	1.2929271368038175	10.36377613186012

20	497.1146789058134	0.9732293705967658	12.17677864503411
20	473.6825841505015	0.9224053009955574	7.331670866601416
20	537.8018531392554	0.9342887090776456	18.12682012775296
20	692.6871732330402	0.8118431470074511	9.904151747662743
20	543.9060741191723	0.7947889268847088	10.370231052229274
20	660.658896238429	0.9803616898726081	10.370231052229274
20	661.7857166054293	1.0925752892596265	10.370231052229274
20	241.82683145440504	0.5744765130174856	10.370231052229274
20	614.18735930031	0.3372979640563864	10.370231052229274
20	889.6195167470055	1.436429478483939	10.370231052229274
20	1360.643028955518	0.7122485493967882	10.370231052229274
20	109.41440162665643	0.29481713574151464	10.370231052229274
20	271.83689037733916	0.6675342630697914	10.370231052229274
20	1382.625209252369	0.78401882560643	10.370231052229274
20	777.690202933713	1.762505790005215	10.370231052229274
20	1261.8114153856152	0.7150214713510035	10.370231052229274
20	374.93483112942766	0.5920141779977633	10.370231052229274
20	917.6698822324435	0.7325919761496968	10.370231052229274
20	1003.67438615542	1.2305681597449656	10.370231052229274
20	932.8845617351262	0.4957570664828084	10.370231052229274
20	229.16247159284688	0.15851876064908005	10.370231052229274
20	1210.8709365444777	0.5847874850193733	10.370231052229274
20	367.7789621845898	-0.06025869217724962	10.370231052229274

21	512.6022396447752	0.9700972434372735	11.903843447906027
21	478.17157428134345	1.0265352492812807	7.70940111224065
21	560.2441935062259	0.9483901124545507	17.987423579658145
21	690.6003477915275	0.7049646441363184	10.146377913846731
21	552.6291405561565	0.9135338927303835	10.418438711964505
21	514.3570702759279	0.054951609215838824	10.418438711964505
21	812.4253544927001	1.5936576287027697	10.418438711964505
21	1180.3139278658516	1.003940205245035	10.418438711964505
21	912.8821487443697	1.1525157637996415	10.418438711964505

22	527.23376076011	1.051456806285834	12.210795597671286
22	486.8977191442059	0.9598426006881572	8.834685244772519
22	580.1195582337078	0.9875628754076112	17.799813649377608
22	705.265235621057	0.6497139038947506	10.066591887988775
22	563.1614288276355	0.7481274696127932	10.947230604808903
22	713.3002983570175	0.25891532237427334	10.947230604808903
22	1045.994757897215	0.9356853310002313	10.947230604808903
22	691.4178015881529	0.985563782648492	10.947230604808903
22	170.01591729872524	-2.4791424170013445	10.947230604808903
22	1216.1871652915559	0.7411382780962041	10.947230604808903

23	540.4718140564838	0.9464511523673504	12.556051944811855
23	493.26333984507966	1.1715985044326915	8.842714845819513
23	595.179429774269	0.9751573130685565	18.024826823738106
23	715.7675710120634	0.8667351278908849	10.421527712315351
23	577.6865101357776	0.6316881391070601	11.095607497069361
23	533.7961319891284	0.2868637518886136	11.095607497069361
23	76.9917856225902	0.6913999637700164	11.095607497069361
23	1251.5439288632988	0.9556877469718313	11.095607497069361
23	998.7637770817815	-0.1252379082501682	11.095607497069361
23	1055.680622062708	0.5113300963371054	11.095607497069361
23	1047.8700306405835	0.6444269595540755	11.095607497069361
23	888.3678061935576	0.7059634082370015	11.095607497069361
23	932.7997217895319	0.598863354588516	11.095607497069361

24	502.8908414584586	0.9449027949363115	9.304591039784773
24	612.886602344593	0.9868871777667525	18.030918260629488
24	591.1153201962486	0.7629810017818796	11.259471161769495
24	1286.1305685820032	0.7827091588782785	11.259471161769495
24	830.2294920820201	0.39838135819830023	11.259471161769495
24	577.846152632673	-0.11095947692812923	11.259471161769495
24	457.504537546336	0.9989112292203708	11.259471161769495
24	62.90194594802582	0.22509842547853376	11.259471161769495
24	1129.1326995255251	0.8458157056872573	11.259471161769495
24	947.0029433709489	0.8552952653259753	11.259471161769495
24	449.1178569993111	1.2607106988171488	11.259471161769495
24	826.1350820559452	0.14423125590082736	11.259471161769495

25	562.8280233138257	0.9916154226542088	12.507263300427539
25	508.2858872392724	1.1544066467754326	9.908577491983696
25	736.8674370410586	0.7891756093567416	10.622182459728528
25	595.6179184982492	0.7397550567329352	11.29696911882304
25	1236.4805614037637	0.938758729740009	11.29696911882304
25	782.7312948558813	1.9076711919836997	11.29696911882304
25	1005.611957022466	0.8849335189684328	11.29696911882304
25	1057.8259903690898	0.4313039672502302	11.29696911882304
25	833.2940722643574	0.678919963635374	11.29696911882304
25	864.7920804577336	1.419463537771134	11.29696911882304
25	1011.0671037494183	1.2787418407878202	11.29696911882304
25	102.73584024195117	1.7436171169843782	11.29696911882304
25	1141.3613182371948	0.5366172997257046	11.29696911882304
25	347.8890642329571	1.6379061357482094	11.29696911882304

26	574.8526866615185	1.0463211194285849	12.648403181564566
26	644.9118949037451	1.0113102823231512	18.29618016060528
26	753.0639891375936	0.8206539526178438	10.436299196002954
26	611.9834219139173	0.7705401949988019	11.565592904501015
26	521.9976913633808	-0.16201824861455016	11.565592904501015
26	489.82712966170453	0.5408081904003179	11.565592904501015
26	1303.8830272950277	0.9423214146840494	11.565592904501015
26	256.6559476979087	2.3635586009798235	11.565592904501015
26	1026.4486349163049	1.1033773756054763	11.565592904501015
26	550.1887682250792	0.8512904344580103	11.565592904501015
26	393.1499317485045	-0.11279731011395745	11.565592904501015
26	1003.8993042664239	0.13077272431726408	11.565592904501015
26	1039.3899898122215	0.9868260607718492	11.565592904501015
26	828.1350561220203	1.76211205275286	11.565592904501015
26	1023.9904744735262	0.9027849732085551	11.565592904501015
26	253.06919676929994	2.6195413857248058	11.565592904501015

27	585.9379155393927	1.1142720394543748	12.921487070964728
27	543.7844630877784	1.2314164757232273	10.656402183440566
27	667.043163709912	0.9135366959389846	18.18759842995655
27	758.9932698446556	0.649588407488771	10.945945065749578
27	451.1191732619296	1.1360905282062317	10.945945065749578
27	349.6873550004794	0.022237222522990513	10.945945065749578
27	248.6864422260824	2.7239226479817407	10.945945065749578
27	1154.5036058832948	1.2948838880715514	10.945945065749578
27	949.7090727815747	1.5060917259766697	10.945945065749578
27	833.41354307959	0.9222763024765517	10.945945065749578
27	1262.2311414728133	0.571314205007573	10.945945065749578
27	462.48341740072425	0.9682697912910158	10.945945065749578
27	1035.689870746107	1.2078931207168493	10.945945065749578
27	1022.5590954635489	1.3799876226091556	10.945945065749578
27	1025.8636729235855	1.2307377776382002	10.945945065749578

28	597.1141403047175	1.086413840571105	12.993331611968589
28	686.1583828069525	1.1170553719694045	18.112468236785347
28	773.1989389810352	0.8151548714316499	11.195019089767058
28	631.0993234743585	0.517496680356734	11.856434021731513
28	117.82333475356468	-0.37628481613431614	11.856434021731513
28	999.676396199733	1.068387766209337	11.856434021731513
28	822.9616318886566	1.480336833172517	11.856434021731513
28	488.02473839836824	1.3204471585818744	11.856434021731513
28	180.62100257252158	1.5525591786585557	11.856434021731513
28	393.20273709029607	0.22864718101770204	11.856434021731513
28	786.2308476416952	1.3729741015566597	11.856434021731513
28	880.3569170687128	0.19272337319819802	11.856434021731513
28	929.2124782503827	0.30063811858979794	11.856434021731513
28	401.6674660461947	1.0755594126502703	11.856434021731513
28	199.4365258500466	0.19784614811961554	11.856434021731513
28	1172.6694201442815	0.8415852264043304	11.856434021731513
28	968.5947798451557	1.8897224548514795	11.856434021731513
28	1185.4509031897303	0.6474746944077687	11.856434021731513
28	1052.781593193023	1.5110239924403432	11.856434021731513
28	368.11182605603364	2.0326226983762448	11.856434021731513
28	1073.5990854457013	0.9237589653880972	11.856434021731513

29	613.6682358185095	1.0761930364755035	13.166142846893006
29	556.8845230554521	1.1313990494116422	11.637999750004239
29	704.1135730151726	0.8988717049683538	17.53108802628106
29	780.862499449171	0.6242821357243904	11.204682656798008
29	641.3970001549125	0.7275769426710713	12.209205922802884
29	1172.4106356365542	1.0878478772673559	12.209205922802884
29	1029.013705910947	0.7795017020917522	12.209205922802884
29	306.847201272731	-0.2116570717748601	12.209205922802884
29	1042.2295920622294	0.7341846781583761	12.209205922802884
29	425.2046978413477	1.870783945523815	12.209205922802884
29	849.9461018097035	0.8091689840806591	12.209205922802884
29	544.4593987242547	1.4017035759520844	12.209205922802884
29	1038.6016791897246	1.4740490987682984	12.209205922802884
29	180.8916907263545	-0.4291407598057708	12.209205922802884
29	587.3383603221113	1.998169554471926	12.209205922802884
29	1008.8959407221683	0.5620394366588545	12.209205922802884
29	1196.115094203637	1.2412738421908815	12.209205922802884
29	1334.3568204057406	0.8814613201489043	12.209205922802884
29	354.0870959602448	1.8884749378196415	12.209205922802884
29	491.67082194633	0.8831660537405672	12.209205922802884
29	1049.8366609433713	0.5893906445171384	12.209205922802884

30	624.9490710181902	1.068887790537288	13.216201670414739
30	568.3976057486786	1.1867919634587345	11.54126598050638
30	724.4557023784929	0.8811374458067666	17.867549149914954
30	793.4698237135407	0.8270890385656737	11.163189983702273
30	646.1239715370098	0.6525856051108592	12.297333310378555
30	471.96076113190907	2.0533615246064056	12.297333310378555
30	754.7628745322594	0.5769742854957604	12.297333310378555
30	1009.8658726929131	0.7665038857717411	12.297333310378555
30	12.887909240549778	-0.1301552177317077	12.297333310378555
30	873.6806564872603	-0.0013067203522426907	12.297333310378555
30	1248.5156875198893	0.851023417148539	12.297333310378555
30	619.2783069031271	0.03543536713297193	12.297333310378555

31	642.5119140963528	1.2441251990870528	12.955515300270255
31	582.7496366132733	1.407874302595215	12.29807326471668
31	737.2666754868244	0.9864781230813446	17.76658097613167
31	802.2367688017448	0.8688323312888865	11.641718126194084
31	672.0733575175472	0.6134722740486731	12.256487866201969
31	241.98218757549057	1.6823309484069413	12.256487866201969
31	144.7924905607364	3.0026884698784975	12.256487866201969
31	504.94825707908404	1.168515658702899	12.256487866201969
31	424.81808252887765	0.1070442633865727	12.256487866201969
31	608.8810933868764	0.695419888235573	12.256487866201969
31	252.60476858963415	0.1670494256408288	12.256487866201969
31	434.542002465184	0.24754224734346536	12.256487866201969
31	1038.8115962217187	0.9700005196558763	12.256487866201969
31	1276.5910001262757	0.8216803763392148	12.256487866201969

32	652.3447899360003	1.1195783502465604	13.412271620790575
32	595.2114932938724	1.2514975584976875	12.407676041975893
32	759.276003430375	1.0015487243532655	17.950442066508163
32	813.9698623031674	0.9926107363102239	11.663408400366329
32	681.8630661169999	0.6126894433367692	12.569707759262272
32	813.8390258940217	1.063201303317462	12.569707759262272
32	510.180120791177	1.1163360339074766	12.569707759262272
32	765.788659122074	1.0048741585376066	12.569707759262272
32	539.0376016044863	0.5923417370266211	12.569707759262272
32	1114.6585556655555	0.4642615646524966	12.569707759262272
32	816.496328028585	0.19050862706744148	12.569707759262272
32	972.639885883949	1.6628077859900798	12.569707759262272
32	1024.8286323953141	1.2043588347863676	12.569707759262272
32	680.6256298645965	0.8933510496395592	12.569707759262272
32	538.2308922700265	-0.0013894882065089136	12.569707759262272
32	1188.6442987279504	1.1685157149563272	12.569707759262272
32	288.4574265434877	2.0012085158968955	12.569707759262272

33	668.6912696766946	1.219810813142389	13.570729687683745
33	611.8813768992662	1.4067590892571529	12.720909543017587
33	773.1028038369569	0.8001037018090107	18.006659846540007
33	828.3887956382588	0.9334784472291097	11.776216709091457
33	385.58138125178857	0.778046198433495	11.776216709091457
33	1192.14195503145	0.9157665299341234	11.776216709091457
33	668.2251727545256	0.204845614889315	11.776216709091457
33	1273.0861250549021	0.9424073721713033	11.776216709091457
33	1061.349458487573	0.6460676197565103	11.776216709091457
33	195.7849889556834	1.9965297248796925	11.776216709091457
33	1042.0926014056477	1.6112737718344239	11.776216709091457
33	396.9410585795884	0.08685030078894966	11.776216709091457
33	1198.0478731955511	0.7033118177713678	11.776216709091457
33	581.4121073957358	0.5450443792887817	11.776216709091457
33	755.1851077398042	1.448432029737722	11.776216709091457
33	832.0681423960042	0.7647434086978789	11.776216709091457
33	1408.0334764465863	0.7514250362738432	11.776216709091457
33	1142.625118627824	0.6452157791415835	11.776216709091457
33	882.6830070632595	0.5772926009446863	11.776216709091457
33	713.6269849255629	0.9679030160017351	11.776216709091457

34	680.8282042773851	0.976150080824707	13.41154800376357
34	617.1922083863128	1.431914949823116	12.733158873706264
34	791.6967297110978	0.912007106094102	17.7748532090811
34	840.3089868321607	0.8902231219997068	11.67380998521712
34	706.010844530741	0.6018364640116811	12.363164007689214
34	216.58196496925103	0.12620577817320433	12.363164007689214
34	146.78410065503004	1.0817700542680087	12.363164007689214
34	705.1698137059357	1.6138308357573217	12.363164007689214
34	515.2791305654076	0.37331369256803126	12.363164007689214
34	689.0023758439647	0.2541614826911802	12.363164007689214
34	852.1539855212408	0.9946695011764146	12.363164007689214
34	1133.0027068062145	0.46180546614829576	12.363164007689214
34	540.0585696833875	0.1761327241980079	12.363164007689214
34	320.47540181223013	1.6123606838773437	12.363164007689214
34	1000.6859064678325	0.7571961256843545	12.363164007689214
34	894.3199404333621	-0.2708681358120479	12.363164007689214
34	532.8373591214375	0.7198128078015513	12.363164007689214

35	694.7141192384232	1.1180809718422324	13.364215158672534
35	630.5449412288731	1.3888820642968	13.24807965035446
35	812.1038407376773	1.000035097633156	17.88489280316197
35	853.4198543194899	0.9715117120930619	11.562176345675699
35	718.4803659987602	0.5444448120022055	13.008189302621755
35	783.0844571119928	1.3567144554979211	13.008189302621755
35	959.4489189419207	0.9308587488871697	13.008189302621755
35	869.2754007273634	0.8711303954438283	13.008189302621755
35	940.3113267901298	1.255473533614313	13.008189302621755
35	1052.8646464307278	1.201111772528917	13.008189302621755
35	646.6103031464947	1.8282215680338025	13.008189302621755
35	442.2390245318811	2.129563513050603	13.008189302621755
35	637.4772859918356	1.8529109856704977	13.008189302621755
35	1077.8377013045267	1.4884450822250619	13.008189302621755
35	620.9487698152531	0.3861661963868704	13.008189302621755
35	1184.2263892811138	0.580097489481228	13.008189302621755

36	706.1871335281063	1.2064824517834902	13.568546043072965
36	648.2418139910682	1.3875671857555858	13.46908777121191
36	827.1449127544493	0.9528215917987761	17.93374466397784
36	868.1391526582737	0.7269193617563103	11.923264839118204
36	731.3672339862318	0.6020635028587629	12.634258904364236
36	66.96326733541045	1.7300205157590964	12.634258904364236
36	389.96189200197546	1.3046514151834472	12.634258904364236
36	1214.5824901474577	0.7396339454933828	12.634258904364236
36	474.19835147228156	1.0431391365188365	12.634258904364236
36	1130.7503582123372	0.6186035418090707	12.634258904364236
36	505.50870154161345	0.5762428434351687	12.634258904364236
36	1208.8779256534804	0.8363621424857526	12.634258904364236
36	606.0829957083553	1.2200391580417616	12.634258904364236
36	573.8305479129494	1.655203297063095	12.634258904364236

37	715.1351731723328	1.1501070441305226	13.84503544254376
37	663.9585807417221	1.371661329208184	13.789426722597142
37	848.3620882164112	0.9948021395562299	18.109647088276297
37	877.3806785181313	1.0661613044689726	11.905960312893876
37	753.2735482015154	0.5326985771418459	12.592861781617996
37	345.3356976799404	-0.23705179690257425	12.592861781617996
37	53.08991653210231	-1.3069891995475496	12.592861781617996
37	1017.3708992179472	1.4524523916343104	12.592861781617996
37	479.37891315395	1.3017381680521296	12.592861781617996
37	701.4606831362887	1.2673930954492303	12.592861781617996
37	657.8434263140255	-0.010435525994460543	12.592861781617996
37	676.216315791999	0.5828681095317649	12.592861781617996
37	991.7475094875936	1.3515129607820922	12.592861781617996
37	602.6808977966439	0.8206587564494228	12.592861781617996

38	734.8914644845906	1.08198650941095	13.480688923675416
38	670.8614226699871	1.588731097460712	13.733568366475529
38	870.8009247563396	0.8272854714886765	18.06388077432736
38	893.3603004739524	0.8487119213216172	12.04225914060009
38	757.8726375946476	0.4962519139821215	12.698482536484402
38	1061.3840830151128	1.6227311347771618	12.698482536484402
38	732.3998636584073	0.9258246112989638	12.698482536484402
38	764.8631699683112	0.8297960111612165	12.698482536484402
38	437.4182994022289	1.013298280128469	12.698482536484402
38	773.711067950927	0.31405802223682167	12.698482536484402
38	886.7637468066875	0.7895481112652377	12.698482536484402
38	960.9051413745075	1.9178238774444853	12.698482536484402
38	423.0558698637583	1.977837281718702	12.698482536484402

39	743.5764820419298	1.0310701475325095	13.819377376699624
39	689.4799063830932	1.5053134234503214	14.256175214522315
39	900.0220122863736	1.127111802572239	11.991640979286773
39	769.8950186560163	0.619802575178137	13.367037097953457
39	143.34607425495616	-0.5752400691032363	13.367037097953457
39	762.7836909791185	0.9083194349028217	13.367037097953457
39	245.68145634353078	2.2133865377518505	13.367037097953457
39	127.78584542139309	-2.7688598600794223	13.367037097953457
39	544.792290751744	0.5313048622673792	13.367037097953457
39	1081.5126327119212	1.1238909157223642	13.367037097953457
39	569.0313096002398	1.8526575771362477	13.367037097953457
39	972.9114663299312	0.9348306961004236	13.367037097953457
39	1086.3966148220181	1.7150678140513098	13.367037097953457
39	952.6092669487515	0.2870385615257232	13.367037097953457
39	685.4380340997214	0.3234352086640366	13.367037097953457
39	701.8573393525519	0.3888694121282043	13.367037097953457

40	766.1071603915937	1.1310417482915178	13.638075309210336
40	699.5021308561145	1.5768175750741997	14.473548870718213
40	904.9506032573539	1.010899128044292	18.342495433207866
40	914.9277389702986	0.8496742513506383	12.408951777522462
40	782.619708197651	0.5355982906233006	13.166193264461173
40	1142.0408383123772	0.7074985737460282	13.166193264461173
40	539.4713310516454	0.1871323794372719	13.166193264461173
40	419.3439992674064	1.3446089780929764	13.166193264461173
40	1083.3845571063882	0.7546396895927536	13.166193264461173
40	1105.1245754071872	0.9093319790815623	13.166193264461173
40	961.9765615609335	0.0206286135986498	13.166193264461173
40	151.61366585012948	1.019107271700763	13.166193264461173
40	485.51161375471577	0.03131906406678214	13.166193264461173
40	433.4844203778275	0.22799877849411937	13.166193264461173
40	1048.6383990470476	0.575610989955259	13.166193264461173
40	856.4132801263255	1.7712199866050484	13.166193264461173

41	771.1568761091479	1.3213268034276635	13.946820892599874
41	717.2047221273074	1.4160436184308705	14.570831603060538
41	919.7728129261725	0.937396028522487	17.836304206966556
41	925.1256221024302	0.9996300197252009	12.167109707242783
41	801.1721350979427	0.4187782016510993	13.430667760055677
41	1086.346079264042	1.5825256642759162	13.430667760055677
41	1120.1505348895616	1.0678052124458146	13.430667760055677
41	584.6308607296498	1.952424946914081	13.430667760055677
41	545.1410851722311	1.8466004479101243	13.430667760055677
41	550.6891002445097	0.007296644946913032	13.430667760055677
41	912.3188812594235	1.0612922177569277	13.430667760055677
41	1097.6950320194965	1.7940392313263642	13.430667760055677
41	208.52112270114236	-0.0720644037158697	13.430667760055677

42	790.2444853879579	1.212156303798066	14.196160738178783
42	726.9746332680813	1.5353564225268528	14.688798489486352
42	937.3197446454875	1.0371663158794908	17.946155614904985
42	938.4549329971708	1.144707170428716	12.823071855916092
42	805.359440745638	0.44878533361998885	13.587338148704596
42	1213.3768040445627	1.1220697110106135	13.587338148704596
42	822.5582279869855	1.154339796192822	13.587338148704596
42	1083.582598828137	0.8148412132713694	13.587338148704596
42	1183.8134031004854	0.7861554037188991	13.587338148704596
42	883.9206826684151	1.586841197400145	13.587338148704596
42	922.1750760909347	1.1655465364383892	13.587338148704596
42	977.0663153149234	0.15947663675836815	13.587338148704596
42	558.1233106912013	0.7005255170644096	13.587338148704596
42	780.2768926353148	1.7763794818713714	13.587338148704596
42	277.060496937576	1.0118354071728568	13.587338148704596
42	256.7359667564786	1.9125626168107748	13.587338148704596

43	800.3936345619502	1.278575678416226	13.859244905514311
43	740.0501488637524	1.5182416289993113	14.540861347326086
43	953.477882925932	0.971386188946883	17.897226335528288
43	944.8726530454362	0.9535866697624781	12.606580183712024
43	818.984518202801	0.5991194079940043	13.255785175904833
43	976.5187918416361	0.4539655585942148	13.255785175904833
43	1259.4144392673197	1.1097723942887636	13.255785175904833
43	1301.1389329189456	0.651679726173001	13.255785175904833
43	1405.211156827876	0.8029889349688833	13.255785175904833
43	212.57100190515578	0.9337282820725359	13.255785175904833
43	914.6559151585668	1.4137827957365257	13.255785175904833
43	1154.690719867449	0.7612476282731133	13.255785175904833
43	782.1397480289991	1.6065949302419278	13.255785175904833
43	490.8282613031371	1.555608290156988	13.255785175904833
43	877.5358420998708	0.8577858601918618	13.255785175904833
43	1048.4424003682257	1.040194217734878	13.255785175904833
43	1055.0696560747404	1.093876325191985	13.255785175904833
43	946.5395314489953	1.2122246584841794	13.255785175904833
43	743.5813652825759	0.17754649552330068	13.255785175904833
43	687.7763888639787	0.7738422277451489	13.255785175904833

44	818.1423147036339	1.2090686230176124	14.130591499057791
44	761.5885830920565	1.3658797464559287	15.087273673959572
44	972.9847033172736	0.8905364522040782	18.084303180057084
44	957.0842684256086	0.8620499930376975	12.876817848978913
44	828.5474399354914	0.5124379393546736	12.954126829526492
44	977.7239537009604	0.5131594307902342	12.954126829526492
44	688.7658396537297	1.1526548492191062	12.954126829526492
44	628.882481926196	0.16895534709259613	12.954126829526492
44	346.1704981980617	1.9266002740059365	12.954126829526492
44	715.5168150932786	0.01941160081062132	12.954126829526492
44	224.47731426653056	0.8493672894582037	12.954126829526492
44	1171.0276789577072	0.7824520085861026	12.954126829526492
44	734.5971551737423	0.13226517215697384	12.954126829526492
44	899.0812600290307	0.6835293342483936	12.954126829526492
44	362.40917275650185	0.23369947411281336	12.954126829526492
44	827.9471748369845	0.736431306900861	12.954126829526492

45	832.3954473850166	1.295317342718758	14.25842340122975
45	774.4599187630315	1.5025653559954724	14.747616780091986
45	992.0607929959843	0.9881829405363507	17.934776568936044
45	973.5832334041447	0.8747395708923973	12.556404318985605
45	847.7454711382222	0.6183732309293271	13.204365186487195
45	1008.8615383062596	0.05454888847753403	13.204365186487195
45	1168.831385606292	1.2054075224874237	13.204365186487195
45	1051.8168459703609	0.8289166764571552	13.204365186487195
45	660.5133681198215	1.324887212517311	13.204365186487195
45	1203.907818564246	0.8151209023086667	13.204365186487195
45	788.3543751643394	1.4861728453456269	13.204365186487195
45	819.7128100409903	1.6390742408735581	13.204365186487195
45	783.124394404437	0.5906644856301783	13.204365186487195
45	948.8115889017014	0.1543719719709042	13.204365186487195
45	875.5503700071564	1.4030412870117872	13.204365186487195
45	876.6968606378871	0.6195106389099869	13.204365186487195
45	1097.7657265487105	1.827203226760251	13.204365186487195

46	847.4564636545151	1.1624369324032475	14.057373866296455
46	794.1333808228799	1.5541342150882504	14.9689588638654
46	1009.0204818449698	0.906723012400493	17.866575542410338
46	987.1549261951394	0.9592970402154465	12.9508042845871
46	860.0347894979575	0.47519204879929694	13.236265679649328
46	620.6352205685757	1.5622290656609097	13.236265679649328
46	919.1769687351365	-0.03960151023240449	13.236265679649328
46	168.34244958502381	2.4345823283589074	13.236265679649328
46	488.31120781002176	0.3259272130861539	13.236265679649328
46	456.5052608855398	1.0050035775180928	13.236265679649328
46	341.64083681050255	1.4203582678470537	13.236265679649328

47	855.0925561923349	1.1045107638913259	13.977433987242259
47	1026.1420077024284	0.9596900498655297	17.97744467408391
47	876.8277221774923	0.6450914989705951	13.618219364860344
47	610.4222396716598	0.002989312662314173	13.618219364860344
47	401.2329632299644	0.25852611174710494	13.618219364860344
47	210.2245935580232	-3.0205986026067393	13.618219364860344
47	323.4173701129319	0.11948741310876008	13.618219364860344
47	818.3922836278197	-0.08242379675972453	13.618219364860344
47	647.0185355380229	0.33551954283754964	13.618219364860344
47	888.7678347399315	0.4447845641198568	13.618219364860344
47	646.3937360413241	1.0866025471670802	13.618219364860344
47	586.5001357209106	0.7504749762762409	13.618219364860344
47	101.83667720836736	-0.30604437921256333	13.618219364860344
47	857.252870440968	0.04057328953350596	13.618219364860344
47	454.3125094298906	1.8062248985137028	13.618219364860344

48	876.8800821108929	1.1888352786676815	14.149060288220486
48	817.7124336440656	1.802312655629549	15.20659943903572
48	1044.173144217682	1.0214252479140682	17.881448962955588
48	1013.666462341941	0.9034003345613625	12.88918002719511
48	889.5699759214438	0.2552632855341352	13.21484846545175
48	354.0240401628622	0.03750148646850217	13.21484846545175
48	795.5084947222248	0.5921611070385175	13.21484846545175
48	1163.6353702696765	1.1319332438698757	13.21484846545175
48	851.5045599546789	1.6569279127758056	13.21484846545175
48	582.0530700447936	0.13932569700337052	13.21484846545175
48	722.4993744466664	1.1890477961708812	13.21484846545175
48	1057.257518594073	0.6712848987301916	13.21484846545175
48	880.8187529733727	0.9853223921754425	13.21484846545175
48	1189.400075744044	0.959738632518156	13.21484846545175
48	862.9465097032232	1.404638941265019	13.21484846545175

49	888.5846209242945	1.2219286259711994	13.887686373284156
49	836.2885992301469	1.5238524770486255	15.263265463263672
49	1061.2919995475163	0.8022738848636889	18.25143942693392
49	1025.6141790533618	0.9770810551586093	12.673092830399847
49	553.5966171771307	1.873410548725288	12.673092830399847
49	1350.8497434913738	0.8655128861465248	12.673092830399847
49	1100.4487102950743	1.1359006015589903	12.673092830399847
49	1051.5166865655963	1.626908351236899	12.673092830399847
49	141.57362479021643	1.8631431964820835	12.673092830399847

