scan	range	bearing	velocity
0	318.8059439330177	0.2328776316592887	4.90588873838031
0	455.61206832289736	0.07334402903786347	-6.638918868763397
0	186.87138481004536	1.037283782734078	18.22390632046187
0	539.6896962773938	0.2872203351250986	4.132149225127244
0	393.5062740932285	1.37078823609129	3.348535691897955
0	982.5355106572887	1.1207108133446706	3.348535691897955
0	952.7420001871109	0.9536776446392596	3.348535691897955
0	656.2430637795578	0.49517184230726335	3.348535691897955
0	346.2791429031645	0.6390640357926004	3.348535691897955
0	150.05813642685183	-2.9247774657831207	3.348535691897955
0	1057.3211800786376	0.3001072720955588	3.348535691897955
0	869.4245307954301	0.924362007006168	3.348535691897955
0	375.03113972487785	1.229327407854384	3.348535691897955
0	802.6268680174081	0.2922842646334502	3.348535691897955
0	48.075453301609826	-2.082845651328236	3.348535691897955
0	1324.3998590965534	0.8080704676755812	3.348535691897955

1	319.89305981597624	0.4439315980441731	5.731102157552721
1	454.49052528942775	0.16627514609177174	-5.781552831649326
1	196.89830272164264	1.0294813253003388	18.637173852567535
1	545.4934975227774	0.42329745351255854	4.656338091697401
1	398.7494884195535	1.3706471563729132	3.761795387346672
1	1201.130339116667	0.6647475595398147	3.761795387346672
1	1406.5271266544569	0.6158048569790905	3.761795387346672
1	781.5386843529762	1.0849392223606382	3.761795387346672
1	230.52969788154587	2.354489941989244	3.761795387346672
1	168.44714670397295	-0.07619778651810091	3.761795387346672
1	1022.0891300036911	0.9326628562120599	3.761795387346672
1	526.1541593506983	0.3929076228859031	3.761795387346672
1	738.4857479844928	1.042736631838989	3.761795387346672
1	1275.9770458811038	0.7886903568427259	3.761795387346672
1	806.868073107585	0.8570375583225345	3.761795387346672

2	326.1354895534302	0.4761891566573666	6.008341250320922
2	449.3156190947603	0.34319596012513987	-5.083473524603063
2	402.32159146795277	1.2753711302518262	4.276876365717595
2	1133.4038481207651	0.5200644238076103	4.276876365717595
2	351.5992426845571	2.081151660899437	4.276876365717595
2	692.1402371384512	1.4057992233231187	4.276876365717595
2	1021.4694367454381	0.7586782480949206	4.276876365717595
2	842.6477950579784	1.1174061577966503	4.276876365717595
2	1056.5427588866028	0.44624089655643717	4.276876365717595
2	919.1150977973858	0.6395417614456134	4.276876365717595
2	768.5750572431308	1.290442859349751	4.276876365717595
2	730.369993184384	1.5315586055713928	4.276876365717595
2	1120.259982974581	0.5855180936640456	4.276876365717595
2	952.1027622933465	0.5220130301342709	4.276876365717595
2	739.9690275182884	0.4093804486924295	4.276876365717595
2	713.5330440129784	0.16882056986324742	4.276876365717595

3	439.87221535648166	0.18653437165572156	-4.465793521819541
3	238.21921372864705	0.9584812277559774	18.376876824530633
3	552.7394037652493	0.3856815975751485	5.495964840928093
3	403.16834701370703	1.1464227994556446	4.7781912233825645
3	837.4177165265747	1.3801405386794015	4.7781912233825645
3	927.506577370685	0.4677165416281961	4.7781912233825645
3	94.4029819940812	-0.8162218531785868	4.7781912233825645
3	685.0921522316947	1.4339052414856248	4.7781912233825645
3	586.2718253479757	0.44603917674186455	4.7781912233825645

4	336.6135950002866	0.5775649105955196	6.930268657784199
4	438.8359016334369	0.41160309740500306	-4.015633971068941
4	251.4101049002581	1.1614398071454621	18.555773692683772
4	556.1177174779631	0.3702962601556336	5.944697265125748
4	413.12783615159424	1.1910570027093497	4.551302711636011
4	1117.8228339540692	1.1015387831215289	4.551302711636011
4	395.53574288772035	1.6430849169583182	4.551302711636011
4	1075.8324793028146	1.2483399133383228	4.551302711636011
4	531.174081915563	0.7922018050508459	4.551302711636011
4	1050.6276614929393	0.9290659030730518	4.551302711636011
4	885.7473268989435	0.6241236166701724	4.551302711636011
4	614.6492729038374	1.9147892458937208	4.551302711636011
4	840.0945320397159	1.9176391071228556	4.551302711636011
4	1316.9732427160611	0.6944167606330904	4.551302711636011
4	788.1024605157105	1.35874284977667	4.551302711636011
4	800.0722557222148	1.6846056870411235	4.551302711636011

5	345.66368699720704	0.5708228490668141	7.460295560354548
5	437.7284697613533	0.38468420161677724	-3.148254897422201
5	264.0386659334133	0.9338820242859562	18.171133773848226
5	567.821649398969	0.4167769249991468	6.044628515605748
5	420.310437253063	1.3257767675060794	5.303661814727664
5	1363.4387170699072	0.9206729344154702	5.303661814727664
5	878.1314264049616	1.7130470849860175	5.303661814727664
5	967.5233246288707	0.8622246808110764	5.303661814727664
5	842.1641591407542	1.3855755610257148	5.303661814727664
5	488.37851060845895	0.6382933854369847	5.303661814727664
5	417.95972967089864	0.7053732012184907	5.303661814727664
5	100.10318280472708	1.6677430370268227	5.303661814727664

6	351.7945635734127	0.4422124392312817	7.974477284312427
6	432.7229076050653	0.42893403792859963	-2.3927735488682913
6	290.25565361061615	0.917448279068405	17.791563050417125
6	571.4492190717199	0.4749444123940595	6.106801396566956
6	425.6851685663233	0.9926500245930431	5.964282667720268
6	830.4553083389917	1.6869602970215187	5.964282667720268
6	430.55323205092134	1.0677014036763883	5.964282667720268
6	135.5385633167587	-0.4541719485361617	5.964282667720268
6	1042.331629920574	0.3674010243424571	5.964282667720268
6	995.3642407729963	0.9165660063013361	5.964282667720268
6	461.3244743815279	0.11375729498310092	5.964282667720268
6	653.6818378601047	-0.3258975792786398	5.964282667720268
6	1281.337456620683	0.8885110593579075	5.964282667720268
6	1179.793346217939	0.9405365617394705	5.964282667720268
6	1062.4688111099804	1.059483517191098	5.964282667720268
6	899.6139881252271	0.7317091316463769	5.964282667720268
6	695.229418404943	-0.08305771923780361	5.964282667720268
6	780.3958811845039	0.4835475304538667	5.964282667720268
6	793.5122472614308	1.2193507385292857	5.964282667720268

7	360.04414123616954	0.6471974225300856	8.591493179379052
7	433.4792592254281	0.5923341895367971	-1.5977403505205825
7	305.43011948209113	0.8841888377839036	18.1209034525432
7	583.9861460726939	0.30819915407210036	6.559022287203191
7	432.6113641796765	1.1286827707506124	6.691005703949508
7	790.788326466843	1.74333933048744	6.691005703949508
7	522.2469082412	1.2729193524224687	6.691005703949508
7	1051.2969565074434	0.27491757976313647	6.691005703949508
7	394.9793049974288	1.131307040942424	6.691005703949508
7	949.2490418947795	0.8085350307893501	6.691005703949508
7	797.9754545613672	0.3471711310738109	6.691005703949508
7	1067.0842156073636	1.6033290747880378	6.691005703949508
7	977.4954027606274	0.8499758644067099	6.691005703949508
7	472.08314144555214	-0.0948916427604955	6.691005703949508
7	1130.4117871749816	1.0660033836044236	6.691005703949508
7	589.3076875182912	1.260286852860981	6.691005703949508
7	842.6524333666573	-0.014681704467555873	6.691005703949508

8	370.8413063759984	0.5275493873023457	8.720120953634368
8	434.7837623242454	0.5952982588742345	-0.886717069311708
8	323.6530637254594	1.0551756061930186	17.83600887394227
8	586.2537411434217	0.6669923032058612	7.054452510888962
8	438.9091820049499	1.1816063112880026	6.64115503045558
8	919.6323336688364	1.6864522625836753	6.64115503045558
8	1317.3339016564073	0.925540162972468	6.64115503045558
8	331.75837379855153	1.7385925375339104	6.64115503045558
8	397.82005589689464	2.08651632239167	6.64115503045558
8	936.958776685836	1.2578663564855805	6.64115503045558
8	891.6028668068601	0.914605051239457	6.64115503045558
8	541.1248229429469	0.9035083584509987	6.64115503045558
8	828.6663927870048	1.506659770947086	6.64115503045558
8	985.0971472478697	-0.016820676688345984	6.64115503045558
8	443.2871090126439	1.201773121454805	6.64115503045558
8	626.399774904975	1.7153686539769413	6.64115503045558
8	140.79679638514602	-2.919158409433345	6.64115503045558
8	934.9834481158817	0.40853154030302724	6.64115503045558
8	601.0565574241961	1.745278741836215	6.64115503045558
8	1076.0419842723638	1.3223444188268394	6.64115503045558
8	1028.1235865786489	1.1731898016504683	6.64115503045558
8	776.8621785570169	1.8872085633659341	6.64115503045558
8	374.0988977599428	0.7345171548270856	6.64115503045558

9	382.5531288347756	0.6343257436760285	9.134824823826301
9	431.7183298723191	0.533969330293966	-0.21838404062003264
9	341.0138740948923	0.889796835990666	17.598025853782755
9	591.1300214502489	0.46948499151539924	7.057531375443956
9	972.4604460603845	0.8445929158014998	7.057531375443956
9	1205.1566226155214	0.8882863736536761	7.057531375443956
9	1362.4273257589616	0.8095375295384934	7.057531375443956
9	804.0738992870179	1.3868081028743793	7.057531375443956
9	347.4067747839989	1.601850701124426	7.057531375443956
9	1003.7731897971995	1.2754914399635557	7.057531375443956
9	425.30709867400174	0.4468510219880641	7.057531375443956
9	564.7193169983011	1.6399406413096989	7.057531375443956

10	391.29678451584874	0.7679166439953827	9.382724109712226
10	433.23923145877114	0.6203619711787354	0.18820171367376393
10	357.7208128470441	1.05290090388522	17.71168151812304
10	446.27591231483785	0.9521813176204615	7.702799499641563
10	111.64881677841834	1.2576113698741025	7.702799499641563
10	1023.8699708360268	1.3726425299217726	7.702799499641563
10	403.3184138048081	0.9737182028630187	7.702799499641563
10	1093.8730555928885	1.1605492154132575	7.702799499641563
10	1436.097718961265	0.9162354823567387	7.702799499641563
10	204.86816127171048	3.064254435261949	7.702799499641563
10	690.3081769604829	-0.22169507343744926	7.702799499641563

11	425.9581762162252	0.6241558617414735	0.9006150588106088
11	374.991799176652	0.9251777332212812	18.155437031609623
11	606.5857843916009	0.5777872120505407	7.647335911608873
11	460.4532592213184	1.082807105375482	8.37014007213631
11	888.8662770516898	-0.04304410177124683	8.37014007213631
11	1072.3373858305363	1.2718462660887913	8.37014007213631
11	1112.9827882465509	0.9064844075228253	8.37014007213631
11	683.8355600547559	1.5387975098319349	8.37014007213631
11	770.2563480817171	0.547349232119199	8.37014007213631
11	603.3312427224927	1.3332157280393455	8.37014007213631
11	672.8484872623663	0.30479111844830437	8.37014007213631
11	1059.3748083952771	0.2902771615608647	8.37014007213631
11	537.0447654799565	0.9246027491232098	8.37014007213631
11	1430.904477895508	0.7081994354611294	8.37014007213631
11	138.0021040882383	-2.4007920722206344	8.37014007213631
11	605.1996571126499	1.0387356565203665	8.37014007213631

12	407.5564514512443	0.8714503416983979	9.901071062750859
12	431.3213093243255	0.6028800930526247	2.3021197808236264
12	394.1842540983043	0.958520751266652	18.19150835607351
12	614.9376953488157	0.655924710026779	8.127953977407477
12	471.81585241701754	0.8308203440323494	8.176048257937293
12	1050.9078626827504	1.3343952595988346	8.176048257937293
12	744.5314737389277	0.09091509649504374	8.176048257937293
12	1131.9498924756829	1.1702662810943976	8.176048257937293
12	218.8048598492168	0.8013464141228785	8.176048257937293
12	180.00068530644506	2.3857815136060267	8.176048257937293

13	427.9132763249816	0.73911766920714	10.708796457967328
13	436.76586670509437	0.8792880463260931	2.6774430183830895
13	415.4425182770759	1.0355687513383667	17.497440544101718
13	625.7426941421521	0.6494827104497245	8.283699851884279
13	477.67407910174796	0.9396968798614146	8.534188976695598
13	592.4191021403989	0.7929790655464652	8.534188976695598
13	1262.7087384055428	0.6637677980618174	8.534188976695598
13	359.80857571321934	2.0111054136676865	8.534188976695598
13	375.32647638985696	0.3448575491470854	8.534188976695598
13	658.0757910575253	0.7701910355033897	8.534188976695598
13	317.00012794863363	0.07484045625823506	8.534188976695598
13	690.2865951765858	0.5346650203775412	8.534188976695598
13	186.93460762122496	2.01657798125138	8.534188976695598
13	363.8761906206394	1.606588837369597	8.534188976695598

14	427.2586252863301	0.8089709869137973	10.90229822743315
14	439.08438555839314	0.736994456529285	3.9186059328469662
14	430.36241706224615	1.0164274447998558	18.4538297480409
14	630.9538008844391	0.624299652668643	8.365606432952502
14	490.31451608097376	1.0091521346703625	9.00858860884609
14	630.3620362281404	0.5508238031672459	9.00858860884609
14	104.14835670079349	-0.5216700556962279	9.00858860884609
14	582.3024592487934	-0.21587939303927126	9.00858860884609
14	276.96034123038754	0.22918106199256733	9.00858860884609
14	979.2577132226766	0.8586565018348542	9.00858860884609
14	887.601371731958	1.0948862759939433	9.00858860884609
14	1101.066306098564	0.7712157810613799	9.00858860884609
14	299.1418340247	2.421404244552949	9.00858860884609
14	446.3565813092984	1.655076714245636	9.00858860884609
14	885.9790357939243	1.5507483697144533	9.00858860884609
14	1010.0760413996342	0.642826096731865	9.00858860884609

15	443.5198758525303	0.8821203053079553	10.872091540929375
15	444.5236898247328	0.8378446216788971	4.29990610249561
15	642.8423783395411	0.5358596135960908	8.711135551581368
15	492.5080476308144	0.8593498203385217	9.509188844854688
15	942.461489120697	1.2582062657092619	9.509188844854688
15	558.8816203615274	2.0321865908232923	9.509188844854688
15	802.6030491056715	0.9254394462113432	9.509188844854688
15	453.84843021162874	1.640601810088277	9.509188844854688
15	928.7859049213412	0.43083995878413983	9.509188844854688
15	845.4059407061569	1.2370381176681597	9.509188844854688
15	586.3603173047153	1.838907358089945	9.509188844854688
15	895.6735425941828	-0.10667626150925102	9.509188844854688
15	696.6766845846178	-0.08942339430397034	9.509188844854688
15	1220.0143969088658	0.7018312229197059	9.509188844854688
15	470.8095390226064	1.8370522658810502	9.509188844854688
15	737.75956563447	0.8642974631033917	9.509188844854688
15	304.99023383635597	1.924908333065113	9.509188844854688
15	1340.6823830274873	0.9458922903185454	9.509188844854688

16	448.7201399936781	0.9716654526960553	11.068872359266805
16	444.9521560230352	0.8592900061414083	5.027023276755637
16	651.7084864647743	0.7522062880314548	9.098559125711995
16	995.8423519454257	1.0545832772069879	9.098559125711995
16	623.5340252235628	0.6667627520962794	9.098559125711995
16	1441.8244039464864	0.7972395644004397	9.098559125711995
16	351.4512920143513	1.5551820796333597	9.098559125711995

17	467.4841635966187	0.8278323372022506	11.22810634729984
17	451.0482869344586	0.7727559007037431	5.329544127798891
17	492.2870104147698	1.225733034778409	18.333812613905273
17	655.6964936539356	0.773333705183557	8.957148151512413
17	513.6780320503689	0.7838092323823699	9.779714406772712
17	1253.3756228961352	0.7309375822554296	9.779714406772712
17	543.6498447405085	0.8843507633340814	9.779714406772712
17	399.94817975416487	1.5560198765758801	9.779714406772712
17	256.46620851594736	0.9099864761855654	9.779714406772712
17	680.1785205543689	0.08929850357730156	9.779714406772712
17	699.6488812404344	0.5463782198281137	9.779714406772712
17	534.1865096992735	1.4745782962746277	9.779714406772712
17	757.0751671118363	-0.022207773418857504	9.779714406772712
17	631.2491655554203	0.35011763958147013	9.779714406772712
17	1201.8199345887472	0.7151153394228742	9.779714406772712
17	685.7741708196941	1.8231872737969885	9.779714406772712

18	477.12612013724095	0.9706596171741162	11.734296855560643
18	459.21976634149746	0.789050060819539	6.030258275370806
18	504.388151101241	1.0494511647474076	17.75871268985949
18	667.762625144003	0.6867784867685547	9.65264386004178
18	717.7386130483063	0.42894738965037515	9.65264386004178
18	1085.5871847293772	1.0809883805380536	9.65264386004178
18	754.3113651742477	1.0170156642361308	9.65264386004178
18	805.4617460632878	1.6618030880513626	9.65264386004178
18	1157.0800480818352	0.6562558025511519	9.65264386004178
18	785.7090161676244	-0.137798054071295	9.65264386004178
18	641.6968956117564	1.6348422883007534	9.65264386004178
18	1368.2843154060133	0.8232138027259418	9.65264386004178
18	1163.6976835234193	0.8314457015858846	9.65264386004178
18	1144.2428904344454	0.9937052680473225	9.65264386004178
18	119.82116591755278	1.0990545665460005	9.65264386004178
18	1022.8698276557744	0.6815149775749249	9.65264386004178
18	311.0750532629336	0.6375662802252632	9.65264386004178
18	348.65339597787414	1.728183897883684	9.65264386004178

19	464.4119091406013	0.9829222983490388	7.2414286675077815
19	524.5084943401475	1.0046902325316422	18.006675953009246
19	680.2859378050846	0.8720531244062254	9.77981595129793
19	532.5546491360968	0.7952943040601683	10.132615539104092
19	392.82833843811125	2.3198830774942176	10.132615539104092
19	816.9700227687821	1.4885670927965915	10.132615539104092
19	253.7726868772803	1.1250042700819551	10.132615539104092
19	1021.7324672081558	0.8491890134331295	10.132615539104092
19	494.8378770450663	0.7976262189286577	10.132615539104092
19	985.760817550072	1.173285889812526	10.132615539104092
19	727.2732507761228	0.13124854583325946	10.132615539104092
19	725.1546516581093	-0.15979800042710332	10.132615539104092
19	613.588147655245	0.11779554335889059	10.132615539104092
19	592.401836113154	-0.1019587625508877	10.132615539104092

20	496.84773813906827	1.045123668349659	12.072287755424712
20	474.4552986853492	0.9831989520981764	7.619006803369768
20	541.3538059001006	0.9297773045915259	17.985071040407824
20	542.5797811071872	0.867962901810367	10.481606251466316
20	784.4346032835142	1.7332269565837337	10.481606251466316
20	918.591697412117	1.5751979933709928	10.481606251466316
20	1195.9142923199481	0.9323937324501248	10.481606251466316
20	171.78290712549492	1.5817301363064236	10.481606251466316
20	1074.7094462687087	1.1885456562965557	10.481606251466316
20	398.99424271590783	1.8769961284837646	10.481606251466316

21	509.6803924106578	1.2086316227479335	11.681722450283345
21	478.2811147848721	1.0403488289574383	7.844500970583022
21	558.0648381895363	0.9711568562441735	18.1835265954795
21	690.8708029889355	0.6517243555325408	9.876180335955315
21	549.6265747355103	0.9089329589247614	10.75378392589366
21	564.7979562977612	2.116382790193151	10.75378392589366
21	978.8923020075855	1.1884927854723946	10.75378392589366
21	1132.8712792570402	1.0889654306804462	10.75378392589366
21	1301.7971762123025	0.8603181978369957	10.75378392589366
21	476.884956128111	1.2571273304463966	10.75378392589366
21	1003.2168423386004	1.417876079014064	10.75378392589366
21	169.0428056305135	1.1316198891118772	10.75378392589366
21	870.646368442192	1.2086951281849585	10.75378392589366
21	372.68035869874467	0.3663464532523777	10.75378392589366
21	230.7119341876304	2.3693981522094476	10.75378392589366

22	525.1626993592837	1.0408099941595137	12.287688146126465
22	490.4683692913981	1.0966946353005782	8.534933609524089
22	577.0654393383866	0.9927283600493713	17.812946923146853
22	707.3747019406268	0.6927161716496735	10.11669897229778
22	558.8563691620309	0.7838816150541067	10.942339753251495
22	634.3697607857227	0.257377849509141	10.942339753251495
22	1072.2464301203481	0.5028778009165517	10.942339753251495
22	819.5862916716865	0.8044021581381324	10.942339753251495
22	1051.2931157169287	1.1956426183868603	10.942339753251495
22	707.6276251595153	0.6440314602361636	10.942339753251495
22	123.69169251539664	0.10472491554863463	10.942339753251495
22	1076.4015759777212	1.040765370690981	10.942339753251495
22	1095.1778927977891	0.6947391544634237	10.942339753251495
22	896.5269108813453	1.357612199641689	10.942339753251495
22	1074.0863269942092	1.3587514879902718	10.942339753251495
22	1225.5549263137145	0.6866451623354788	10.942339753251495

23	537.0050855364459	0.9307896133920819	12.769660682095315
23	495.6010757004369	1.102193355159821	9.281697951947862
23	593.7321645397105	1.0344645615194328	18.046880326706983
23	715.6362530946924	0.8299708629566851	10.123185455002936
23	575.836960608913	0.7027528537427483	10.808693885096568
23	1276.7268624078845	0.9303938807426749	10.808693885096568
23	421.72001184780635	-0.08254089848913282	10.808693885096568
23	820.686765365179	-0.02488472996384758	10.808693885096568
23	571.7640415766128	1.3910118022446258	10.808693885096568
23	666.6192797231674	0.4441838549972367	10.808693885096568
23	836.4559243886214	1.5251797608910607	10.808693885096568
23	437.77617797081797	2.114866551299104	10.808693885096568
23	753.2130414155425	0.8465291504961575	10.808693885096568
23	697.2746070825725	0.2254769144832783	10.808693885096568
23	197.48978350790506	-0.4093599831262611	10.808693885096568
23	725.8961390791768	1.0593717781841714	10.808693885096568
23	1249.608164495241	0.6046864184766993	10.808693885096568

24	547.723203265664	0.8860448859859592	12.359568526359025
24	506.09599275375535	1.0736287136387794	9.594330110597044
24	611.2234869291955	0.9310582280891916	17.71027328638993
24	728.6807448954751	0.7350871553562871	10.392462001449235
24	589.5274113502653	0.6951760901979652	11.065983690706341
24	846.625624812955	1.2795037046341466	11.065983690706341
24	583.4356297534775	1.549312044253505	11.065983690706341
24	1049.9261609184346	0.5690276673737322	11.065983690706341
24	876.454646927058	1.530130358881901	11.065983690706341
24	307.4955136150271	2.0339556765235614	11.065983690706341
24	280.49514967024675	0.22961424224819893	11.065983690706341
24	1064.1169800568923	0.7823145811840665	11.065983690706341

25	558.4803215996793	0.8861251547915715	12.485098634296723
25	509.8844892357431	1.2407589141415347	10.213955902145633
25	629.3470417286356	1.050399273820361	18.141292578876303
25	738.2245312405545	0.8507118913943659	10.76524603950456
25	597.5609091942913	0.500604731289804	11.386337717007107
25	1129.7642631817787	0.67517706793225	11.386337717007107
25	1214.027610197226	0.6491223864542162	11.386337717007107
25	527.0970989620422	1.2420204901255365	11.386337717007107
25	999.3415844006721	1.0095374092072462	11.386337717007107
25	766.3391914554207	0.7708473159704345	11.386337717007107
25	585.7703753387227	0.6707190118229341	11.386337717007107
25	415.88974637061045	1.253098549091831	11.386337717007107
25	731.8028339934987	1.7011307378474552	11.386337717007107

26	523.1330604648668	1.0300850449941585	10.50845880315508
26	753.1201758903757	0.6955152415344487	10.72278953942333
26	604.903492824067	0.6013011754396513	11.578570118683722
26	713.0592957929929	1.2170959349298902	11.578570118683722
26	906.8271643364995	0.9095741038876655	11.578570118683722
26	1237.2877972216722	0.8938487940772721	11.578570118683722
26	1148.759286481309	1.1895243194491953	11.578570118683722
26	1038.567381877926	0.4355521465766	11.578570118683722
26	1062.7653236956685	1.6462023099467715	11.578570118683722
26	875.5943580958765	0.6682490366063152	11.578570118683722
26	238.95957069249297	1.196129681519733	11.578570118683722
26	766.6504001785349	0.0497694218475465	11.578570118683722
26	538.2210139538745	0.9965287905902982	11.578570118683722

27	589.6671563405633	1.0106994617665634	13.226535327113693
27	536.0852818273013	1.1299564696693096	10.47457880886123
27	670.9381236468907	0.9064033082953733	18.10254667768721
27	762.9011966337059	0.8818509130676193	11.211599431257097
27	617.4545731837788	0.6847565391630215	11.470545924300145
27	978.9836778589257	0.31884376421187144	11.470545924300145
27	432.48853638553715	1.935086342712097	11.470545924300145
27	952.9774325828969	1.8106073889356629	11.470545924300145
27	830.4523374481396	1.8520311845327717	11.470545924300145
27	767.0130799219359	0.34796928071377276	11.470545924300145
27	848.531805883257	0.6852556358456224	11.470545924300145
27	619.1654040865338	0.22159585471445092	11.470545924300145
27	156.40404702851885	0.18610757758702018	11.470545924300145
27	1066.4946132138398	1.1337264950129637	11.470545924300145
27	394.6148030789243	1.1806083784969768	11.470545924300145
27	362.48105193272414	1.475271239866618	11.470545924300145

28	599.6556632638816	0.9408887553688347	12.66600919210371
28	545.9638344485248	1.3204793748846373	11.70880621138681
28	682.814640296275	0.9683798380322637	17.95033937185867
28	770.2801659384	0.9169881720981914	10.7529451881152
28	633.6926245204298	0.693942151994692	11.765256875287292
28	1322.9421456862033	0.7295448886417842	11.765256875287292
28	906.1179875231722	1.0518689459489274	11.765256875287292
28	856.0413967664416	0.7317843869078539	11.765256875287292
28	779.4064799534409	0.17707454937181077	11.765256875287292
28	460.9801816041071	1.3313848532425552	11.765256875287292
28	738.4940080104107	1.2594834773443853	11.765256875287292
28	747.9551199987236	-0.0451221255835652	11.765256875287292
28	703.8945097832533	1.6372030149707013	11.765256875287292
28	602.7275609508289	0.4637389639636029	11.765256875287292

29	606.2426089684544	1.0594042327051125	13.231312848041512
29	556.78280683157	1.282344386334818	11.502909514131018
29	705.9382303288319	1.1493462972851467	17.7525654247823
29	785.5617912015492	0.9589762762812372	11.19203537925653
29	641.4938907201289	0.6667946649788261	12.354160549069473
29	1090.6258771644448	0.5228676279931623	12.354160549069473
29	923.9825556581319	1.7130081909053654	12.354160549069473
29	743.9752709835502	0.3750597032582753	12.354160549069473
29	100.18200611095988	-0.9222895626073347	12.354160549069473
29	997.6645227217767	1.3619706632168307	12.354160549069473
29	167.4394198539793	0.5180108988831512	12.354160549069473
29	928.384502638503	1.8090917686121464	12.354160549069473
29	744.4840165023033	1.6341683010765373	12.354160549069473
29	73.97481645371572	1.0950788992523237	12.354160549069473
29	1076.5347779380568	1.0150516233883178	12.354160549069473
29	779.1814500009668	0.8977423193969943	12.354160549069473
29	752.7476625293076	0.5084292621092722	12.354160549069473

30	631.9936671413049	0.9562082965291716	12.873351653985367
30	563.0971711082951	1.259432656833709	12.255183561074041
30	719.0534154049635	0.967249801672331	18.15825248435581
30	796.4632166802	0.8288933925408564	11.167361897015681
30	655.8438675959393	0.6508090660340958	12.437621953849193
30	1059.2413195525755	1.7644516006585784	12.437621953849193
30	700.14502792	0.21973666562054794	12.437621953849193
30	1046.6202151167347	0.5899363956563863	12.437621953849193
30	1030.7482634941907	1.2281714660054877	12.437621953849193
30	736.191969281333	0.2066005187379117	12.437621953849193
30	996.8789628970493	1.213307005222921	12.437621953849193
30	512.4237443512313	0.5300527443435566	12.437621953849193
30	572.6874340712586	1.6403944534735055	12.437621953849193
30	437.3797841977671	0.32798522346424225	12.437621953849193

31	639.0388587145884	1.0280587989376082	13.033431813099199
31	580.0816248772849	1.2981822338987021	11.913764579559082
31	739.907145547368	1.0072320262442702	17.985570821247133
31	804.6292048052873	1.0278816975932004	11.763006621976203
31	667.153803260689	0.7367023039671291	12.453818126445631
31	763.0255673998978	1.3189351638634406	12.453818126445631
31	1047.6166049781466	1.7974583564522217	12.453818126445631
31	951.9501146087515	0.07045838174382142	12.453818126445631
31	889.5312260035793	0.9022824499197972	12.453818126445631
31	1287.2549710499054	0.7835808963512944	12.453818126445631
31	473.897436541829	0.987748910854278	12.453818126445631
31	729.8701688959301	1.8260193868670413	12.453818126445631
31	1155.6642528367265	0.8232368787504716	12.453818126445631
31	317.2237626572558	1.949501599746555	12.453818126445631
31	985.6448974422191	0.8008779570218111	12.453818126445631

32	595.1237685088561	1.4215675896777362	11.947012592795094
32	754.4626177097781	1.1192299087998916	17.979832678214915
32	814.3875709363441	0.9385861574871074	11.136325628989901
32	680.5781531785176	0.6053471699351868	12.124894084302252
32	449.11609361175147	1.9229704955229796	12.124894084302252
32	899.2432561866128	1.3448389953598976	12.124894084302252
32	796.2750763599277	1.1880329608655467	12.124894084302252
32	1118.9241827842436	1.049258059611922	12.124894084302252
32	715.8001566801045	1.7819933087963824	12.124894084302252
32	806.4308073598178	0.27226783571089636	12.124894084302252
32	791.3591074517936	0.7016832773423269	12.124894084302252

33	667.9213688984482	1.218807498862818	13.383848400313493
33	606.4702795982532	1.3963616718702587	12.678327967799495
33	774.7728941717203	0.9514752989870213	17.901239970058185
33	829.0322296499794	0.9611126122459124	11.561361367684885
33	692.3879601309185	0.5716003314969037	12.222966103443888
33	895.4167246298101	0.9170904838217375	12.222966103443888
33	1083.6622079261085	0.9547314200349314	12.222966103443888
33	187.18207591624233	1.8964690626967426	12.222966103443888
33	483.3908251019544	0.026455386814677018	12.222966103443888
33	829.0979829991666	0.12923628875114915	12.222966103443888
33	611.9645906325081	0.6918889937522752	12.222966103443888
33	570.7958955233124	0.507047723709551	12.222966103443888
33	969.2343928327965	-0.01061385733432612	12.222966103443888
33	626.8626988687727	1.4311833465894326	12.222966103443888
33	981.1487780300907	0.12329252061258528	12.222966103443888

34	673.5506860434349	1.1010845947183243	13.343410191931302
34	620.2313071399906	1.4998366661761793	13.15530328692784
34	791.6501840744983	0.9545654519940555	17.81745275981684
34	838.5577969114808	0.7803432577024255	11.86996533158511
34	704.4882822685582	0.49004156954424444	12.241034828141961
34	944.1372233879946	0.20341033133374514	12.241034828141961
34	545.9404454982272	0.7985968483310923	12.241034828141961
34	401.8294960859684	1.2654629620430362	12.241034828141961
34	813.7256227615217	-0.06731017421069889	12.241034828141961
34	898.2756892580219	0.8534767574933699	12.241034828141961
34	1147.6774545516337	1.0355590459670532	12.241034828141961
34	647.2224155708313	0.3880194042768246	12.241034828141961
34	241.9983020680939	1.6560275708477226	12.241034828141961
34	813.3344589001201	1.0032338060781012	12.241034828141961

35	694.2200475218536	1.2005086290277556	13.76397701885394
35	628.8990048068533	1.4518973242286288	13.21960555911128
35	809.4106663255143	0.9830508046305367	17.972956020351006
35	857.3181282259428	0.8551859510838313	11.980319018270924
35	716.8561108016659	0.450759503566476	13.161003078207228
35	399.82358363301967	0.36163650915501766	13.161003078207228
35	788.8153612348995	0.9107979772161753	13.161003078207228
35	782.4912737768838	1.7433551029685892	13.161003078207228
35	945.988828447851	1.208301438587461	13.161003078207228
35	873.2744154997274	0.6336962842267039	13.161003078207228
35	168.462354999222	2.4157830362869572	13.161003078207228

36	709.643717888387	1.0810554745131769	13.9116505335915
36	641.4925910906505	1.5516102504817342	13.75873138149176
36	827.9560982643278	1.1579501369052474	18.00761860741659
36	862.9124559119193	1.1156497174697013	11.960552265709893
36	729.0787649201396	0.5328172916841651	12.817680696533962
36	564.7369166944696	1.5406566790164145	12.817680696533962
36	1077.0956472186765	0.3504279060016485	12.817680696533962
36	852.2149522210888	0.6779816277028515	12.817680696533962
36	659.9834281104987	0.08506473246987441	12.817680696533962
36	822.1368669910172	0.7798331740326613	12.817680696533962
36	778.4203422349866	0.3464690377083603	12.817680696533962
36	212.4139969010081	1.2094106021051012	12.817680696533962
36	591.012185184131	1.0820314812079936	12.817680696533962
36	1008.4524145755041	0.28741723376628026	12.817680696533962
36	687.8052787980938	0.9151970233020591	12.817680696533962
36	716.237810338158	1.675362717104355	12.817680696533962
36	487.86234828500625	0.589199715919944	12.817680696533962
36	474.53780671310784	1.7200650906681794	12.817680696533962
36	946.1331085853656	1.4775506122411732	12.817680696533962
36	1116.5277213860631	0.7416377345572189	12.817680696533962

37	722.2592928885289	1.2839403775376292	13.573816575374362
37	654.7777534783353	1.4773772668648872	13.493341542802474
37	852.256502261592	0.753830587834594	18.280202667009764
37	876.6594567949036	0.9453684725551961	12.27481596619668
37	742.1435928218937	0.6001625403190473	12.773722146107305
37	543.0495855222322	0.9572255821004145	12.773722146107305
37	1057.7995160486485	1.1997336445868034	12.773722146107305
37	1178.5406879782372	0.5920284347971883	12.773722146107305
37	463.15187555277026	1.8402638362801593	12.773722146107305
37	926.91223913944	1.195821304174952	12.773722146107305
37	900.0239120802265	-0.06924457160033753	12.773722146107305
37	323.37732101776373	1.0050034410409816	12.773722146107305
37	807.7008652067503	-0.025193248852086663	12.773722146107305
37	670.0785850279813	0.5229390371381982	12.773722146107305
37	898.7429754708664	0.7444279107134726	12.773722146107305

38	732.4677114628728	1.0664096386192994	13.326086707145107
38	671.4506730061574	1.5296241133923305	13.982957056067876
38	894.0357214954009	1.0607486799376524	11.98811907471768
38	758.0567407007853	0.48334530604560155	12.516248208236776
38	735.1978260039324	0.7485207799258379	12.516248208236776
38	781.2420214383192	1.2959600795318085	12.516248208236776
38	766.086189615767	0.8524943113529375	12.516248208236776
38	669.9390994511842	1.3820675157585331	12.516248208236776
38	835.9269017941449	0.948595166234565	12.516248208236776
38	370.7646073806873	-0.2573195593119132	12.516248208236776
38	221.35904881886023	-3.108990994855753	12.516248208236776
38	210.0293772605779	0.24506574883797264	12.516248208236776
38	682.2203270183559	1.3440473391606762	12.516248208236776
38	766.6411472349945	1.4356041546032325	12.516248208236776
38	667.617660685808	1.9877087001097868	12.516248208236776
38	903.7750591097836	-0.08126657497713914	12.516248208236776
38	896.6265984241227	1.1461694341832585	12.516248208236776
38	663.3520641303711	1.4984479633218502	12.516248208236776
38	689.0697312497974	1.4958021127532424	12.516248208236776

39	748.9547258945413	1.0367228283310983	14.13652278579806
39	686.1010674620484	1.4344614372693472	13.952791423933602
39	883.6201473413563	0.8522146355931461	18.05449761592074
39	901.1843197637295	0.9996572399522743	12.632006670356766
39	768.2438791325811	0.46845506837982853	12.893650971265618
39	711.8247919099207	0.6988438036587316	12.893650971265618
39	809.1429998544083	1.96362159973248	12.893650971265618
39	1215.4292002479992	0.7850855330234109	12.893650971265618
39	1279.6285851528003	0.7971220711581788	12.893650971265618
39	630.7710024245688	1.1398808444462425	12.893650971265618
39	1193.129189928976	0.7004299656617727	12.893650971265618
39	612.7089612907864	0.16463636920822103	12.893650971265618
39	1060.6897597121233	1.7680454948609814	12.893650971265618
39	381.4152848786495	0.9857425837766965	12.893650971265618
39	974.8053929401862	0.9466687012112488	12.893650971265618
39	1124.3630696107107	1.3390779525945504	12.893650971265618
39	173.5645862106938	1.4729559337165976	12.893650971265618
39	943.7792127214286	0.8493859814117996	12.893650971265618

40	764.4988918510063	1.180170856653482	13.761427276393873
40	697.6979841749467	1.4778097982007385	14.468180166069157
40	900.4387908695377	0.9236206951672578	17.835667459783945
40	782.7000031158248	0.44363170418353237	13.157051268742203
40	478.0884464735002	1.3521866494575716	13.157051268742203
40	594.5684253685519	1.0188835266783132	13.157051268742203
40	968.7502438734421	-0.025144532911926157	13.157051268742203
40	1005.9031257201848	1.7920168186385377	13.157051268742203
40	315.0100170371287	1.710950203000728	13.157051268742203
40	893.5754760503005	1.7780852710567658	13.157051268742203
40	695.5555017863182	0.6369756546729884	13.157051268742203
40	722.276865027116	1.6787583958285694	13.157051268742203
40	863.2089414870416	0.1892914950327339	13.157051268742203
40	1072.5857035603551	1.078568989584642	13.157051268742203
40	1076.0689404773518	1.8613627941440851	13.157051268742203
40	612.4124786190002	1.787155516317782	13.157051268742203
40	514.3495939847393	1.0611597235399963	13.157051268742203

41	771.7957012149669	1.0427798521269116	14.006895384424665
41	722.8223039166401	1.6635981529957942	14.620552205706614
41	924.3349353842898	1.1234988799010122	18.10157468135292
41	920.2834096848991	1.0056437803100633	12.444529367773896
41	790.3820206116403	0.5184046200811624	13.148818006133716
41	852.9158281048442	1.1175353889734885	13.148818006133716
41	730.1845402217215	0.724906510918829	13.148818006133716
41	1363.7615126972134	0.9425019367993286	13.148818006133716
41	1201.4102517468007	1.1863582168559241	13.148818006133716
41	868.8616384230489	0.9366272506315468	13.148818006133716
41	1225.053793088936	1.0026009943216692	13.148818006133716
41	428.97884591488344	-0.1305498049220078	13.148818006133716
41	475.689811940717	1.7114350019011206	13.148818006133716

42	788.9542923911869	0.9994494801617817	14.008606286223658
42	727.9704948912034	1.4560504357383095	14.531946233911997
42	937.6992989898193	1.018339877236539	18.110203927638747
42	934.7870589166989	1.0640390704069131	12.415816017474603
42	808.4759054188075	0.4701197617965071	13.056381724860358
42	500.37327038314675	1.0924564538295387	13.056381724860358
42	657.8266110787954	0.6614556413192519	13.056381724860358
42	860.4014470037564	0.9582788044015501	13.056381724860358
42	851.3737553606526	-0.07859101469177968	13.056381724860358
42	444.06425993132234	-0.18681550195912003	13.056381724860358
42	621.3192577858623	1.616449411114657	13.056381724860358
42	885.4446399938361	0.7800077779186079	13.056381724860358
42	394.81229647099735	0.05266625369362721	13.056381724860358
42	1107.1309135514641	0.726565977233927	13.056381724860358
42	662.314085929577	1.952789204515408	13.056381724860358

43	806.7459457582486	1.1786293175696796	13.699439300474268
43	746.6176791503674	1.4679945718579217	14.843858289533523
43	958.04114376933	0.9257401875254815	17.639969176643024
43	950.1988593110186	1.0335433106400596	12.417036374506782
43	820.7159164502206	0.5470628040778787	13.43154840354046
43	598.3582490369301	1.139885320493432	13.43154840354046
43	345.6208146021336	0.5113037866584627	13.43154840354046
43	848.2898289289785	1.3792085588575007	13.43154840354046
43	792.7493038110212	1.2652880194315805	13.43154840354046
43	603.17339289683	1.1471062618499248	13.43154840354046
43	833.0638836698644	0.1588356639421127	13.43154840354046
43	1411.7752734328355	0.7594417076291922	13.43154840354046
43	684.8936704280319	-0.013344946788337447	13.43154840354046
43	572.4865261320596	1.8354351670634579	13.43154840354046
43	724.7025207281102	1.280956383378688	13.43154840354046

44	757.3189891848945	1.572114120160456	14.817204226870416
44	969.9387725719082	0.9803017840397998	18.01447674247026
44	966.2731401288964	0.9792658589487827	12.923853616536132
44	837.8604456254851	0.5160187238217111	13.272205734170166
44	121.2492905701258	-2.918750232306814	13.272205734170166
44	504.01161005565024	1.2095995502281045	13.272205734170166
44	428.11111622104505	-0.16509007182189478	13.272205734170166
44	1094.4494425616028	0.8955581734470633	13.272205734170166
44	566.7413417620675	0.96733233623649	13.272205734170166
44	463.3494883645736	0.4651100580583598	13.272205734170166
44	859.5767456159631	1.1941660614465799	13.272205734170166
44	243.02717438472482	1.193204592699882	13.272205734170166
44	1165.744207203261	0.8793029022644006	13.272205734170166
44	984.1440915774766	1.5959446039920389	13.272205734170166
44	1117.354568001087	0.552455227375186	13.272205734170166
44	330.0768178070196	0.46023590635530454	13.272205734170166
44	1347.3622739449988	1.0824246827988504	13.272205734170166

45	828.3723699322957	1.2142269981885048	14.192887535970165
45	774.4586784152555	1.6617000383009184	14.789440670139076
45	994.6942394688677	0.941125494661846	18.319680926948926
45	979.201835816497	0.9606478833374847	13.09854762470566
45	846.5695776809379	0.3952059069054276	13.062962374992008
45	516.0613323088245	1.0053373066464633	13.062962374992008
45	903.05512193949	1.8867007614486253	13.062962374992008
45	819.0578881677302	1.132582362205578	13.062962374992008
45	658.0722687439066	-0.058798510637076036	13.062962374992008
45	1024.7866772360653	1.6357816902036972	13.062962374992008
45	279.18932457796967	0.9595243117643526	13.062962374992008
45	832.4140792944071	0.6021212668331981	13.062962374992008
45	759.6033033596829	1.227730071248634	13.062962374992008
45	1058.387055182234	1.4519566802681014	13.062962374992008
45	841.5080119201778	1.613887924854995	13.062962374992008
45	489.95630221535157	1.3081970001658962	13.062962374992008
45	700.7785288431897	0.492798172052566	13.062962374992008
45	501.26203824976665	-0.16526642535066977	13.062962374992008
45	957.5636293031519	1.6762408557761115	13.062962374992008
45	408.90642330450277	0.2791486356317863	13.062962374992008
45	791.6221407779661	0.06340013589663362	13.062962374992008

46	849.35212355686	1.2349408246330342	13.994544280235255
46	788.136245048836	1.5235174016982964	15.048678742001425
46	1010.9865813784097	0.9253644225813108	17.920542535346165
46	992.2664497747679	0.9670255490376531	12.820656585252307
46	866.484860009365	0.45073950641725435	13.254883911651493
46	1046.2582562393845	0.9185664550660197	13.254883911651493
46	879.8739532495266	1.386638686747131	13.254883911651493
46	371.0084603304943	2.08244150961099	13.254883911651493
46	770.694172848981	0.3341586988900499	13.254883911651493
46	891.360256586834	1.4628395926754667	13.254883911651493
46	879.7955443336826	0.4453943908458056	13.254883911651493
46	1189.8326106935376	1.113249276730611	13.254883911651493
46	554.0372652304119	-0.18842962727035878	13.254883911651493
46	385.50852588317133	-0.30457430427850696	13.254883911651493
46	953.3882900306768	0.0172260427380569	13.254883911651493

47	858.8656100915133	1.2743851003610436	14.077933333930053
47	810.5612107386492	1.6480098011190716	15.095185745690129
47	1032.4872563675515	1.0258916987039461	18.025831927884855
47	1001.682215897548	1.1409720610401721	12.980659795063854
47	881.3704417561005	0.4501432905075242	13.595427016112856
47	877.0361002596745	0.17287711332603234	13.595427016112856
47	953.1686648379671	1.0325027686418982	13.595427016112856
47	872.3665246624505	0.4581113869260063	13.595427016112856
47	617.2968597475558	1.1968500940727254	13.595427016112856

48	873.0956168326863	1.3948733023813387	14.186902324223585
48	821.43162686512	1.6343695201049748	15.045989402238362
48	1045.072901489175	0.7851447524851254	18.095371701392597
48	1018.2990886062065	1.0528159657290577	12.775678695011447
48	885.6717775745808	0.5561786632811784	13.222294250449538
48	658.9641325726375	0.885556727450798	13.222294250449538
48	527.9507982214154	2.207007765679632	13.222294250449538
48	631.6134626028845	1.6718646266244468	13.222294250449538
48	1043.7835411656235	1.3760379353192342	13.222294250449538
48	161.0235834932384	-0.6701845124491282	13.222294250449538
48	839.6522476658129	1.2354358151508884	13.222294250449538
48	484.0942442566943	0.2027131654707371	13.222294250449538
48	941.5178845587152	1.8389158046705705	13.222294250449538

49	888.4969512204914	1.229884251080218	14.249342189547855
49	840.0258786855031	1.6479152202938603	15.429934236260237
49	1068.242221395296	0.8329455170116917	17.993594696886444
49	1017.4519991940629	1.0671241602969306	12.89110909241771
49	900.7856893734657	0.3276235720000479	13.292477064574115
49	894.4608449672587	1.8267377737472088	13.292477064574115
49	148.92488991196913	-2.4679089757423758	13.292477064574115
49	838.9939986324794	0.88253839899245	13.292477064574115
49	514.340479710429	0.3604479040819395	13.292477064574115
49	335.41743498110674	-0.003993474651537353	13.292477064574115
49	638.3726186440008	0.46580449179562106	13.292477064574115
49	525.3653871808195	2.1101650175697073	13.292477064574115
49	486.6688265914632	0.8764904566220744	13.292477064574115
49	884.9264457859626	0.6797180277241857	13.292477064574115
49	793.2794825427952	0.8211932815158015	13.292477064574115
49	235.64923059202675	2.1479139803586573	13.292477064574115
49	463.1036811410836	1.5677928355340458	13.292477064574115

