scan	range	bearing	velocity
0	311.9907772646951	0.23702672880415504	4.166182596015176
0	460.28298893600316	0.13925168364993423	-6.506520468644496
0	178.351151332718	1.1687858866132055	18.10808415804027
0	539.5440130124967	0.29920118793560124	4.2680433965124225
0	1164.1315986839359	0.6446271451686669	4.2680433965124225
0	987.7095300891367	1.7626748664363583	4.2680433965124225
0	1074.8983373919757	1.4734630599268181	4.2680433965124225
0	332.37551042615917	-0.06051660776386496	4.2680433965124225

1	320.22624735235144	0.42319923090088435	5.444910188779535
1	463.5908261968507	0.4481372227229945	-6.067807644903518
1	197.628710940916	1.0244101996445047	17.56349971077348
1	547.258876877512	0.2246927173216908	4.427519105084414
1	399.69243104665924	1.3368831149684817	3.3523772156029876
1	814.8135495148823	0.7607433661008837	3.3523772156029876
1	1237.202578207776	0.7673606613257065	3.3523772156029876
1	733.1858844280966	1.1144018404669835	3.3523772156029876
1	1399.2938624013404	0.8603138902760873	3.3523772156029876
1	951.2035037711594	0.3069640860379654	3.3523772156029876
1	1045.3125162641454	0.5532848859679573	3.3523772156029876
1	739.9640964965529	1.4718691973900504	3.3523772156029876
1	718.8959026110199	-0.017093510402266615	3.3523772156029876

2	330.3544984409727	0.3968934935395498	6.079466632960588
2	451.0630745180701	0.2257123871008342	-5.165220012230722
2	221.1589124125285	1.039671565358689	17.988071444204113
2	402.5575852356468	1.3201147181463018	3.8899902267722615
2	726.0750411764299	-0.10598779727701885	3.8899902267722615
2	880.5342120699016	0.5151340129134141	3.8899902267722615
2	1010.2909730706792	0.28908560638715003	3.8899902267722615
2	1248.6203836232503	0.9174390921924664	3.8899902267722615
2	521.7770763721772	0.23570175214408975	3.8899902267722615

3	334.8588928095144	0.4681527635873224	6.783148399174513
3	440.9427941874498	0.4015051265314879	-4.344169665965401
3	232.44981573495585	1.0198426756021943	18.208831818524985
3	553.846664469288	0.5208675248963573	5.198911091722073
3	408.10195571262074	1.0915200984454574	4.870793229598582
3	349.2385084585065	1.0022548914968246	4.870793229598582
3	969.0164845025414	1.015504296971742	4.870793229598582
3	547.336716394544	1.9599013478687888	4.870793229598582
3	577.6206327944287	1.5001032798519356	4.870793229598582
3	675.4450321902175	-0.12489471774608532	4.870793229598582
3	977.709116083595	0.6960481334379351	4.870793229598582
3	1018.5424292366031	0.9262871507029198	4.870793229598582

4	340.5067001410611	0.3551951842900697	6.935572762572286
4	253.24762511887636	1.0051101448438275	18.03538673790647
4	562.8412017679339	0.3361138946179969	5.447702651056461
4	413.1977547264067	1.3509858774334877	5.200620100259355
4	1079.4360138138104	1.3907070997592066	5.200620100259355
4	729.7355583217549	0.9538278597946034	5.200620100259355
4	628.7884862402786	1.1977339016134363	5.200620100259355

5	343.84442187717724	0.572652474181192	7.714090461622696
5	440.549254414276	0.42346641081664166	-3.202215328306139
5	571.3555910471399	0.42462490653114854	5.83323955809175
5	415.9678684276231	1.2287894654989375	5.548353582912107
5	948.939912581287	0.6780172744725231	5.548353582912107
5	626.4920235415981	0.9200922356634074	5.548353582912107
5	423.05759341084564	0.9080646379415556	5.548353582912107
5	1117.1700009754873	1.2301268405681542	5.548353582912107

6	359.62433082214886	0.5251759754962042	7.709004136124426
6	432.85863029615035	0.44984051081518217	-2.5870656265624588
6	284.69531434094034	1.038568085513959	18.031301339522226
6	568.1811321670049	0.48173981974556734	6.518379097784371
6	422.06162875738573	1.1687454763882255	6.063045201647164
6	231.47411096405295	2.654925812447226	6.063045201647164
6	119.50527070768798	2.3267193276365368	6.063045201647164
6	723.7841412575693	0.6592762080701267	6.063045201647164

7	361.2168379255641	0.597723916019131	8.66753196654177
7	434.23677552622706	0.5072983434669646	-1.6734989706615617
7	309.0872637641553	1.152494053560639	18.06597588027072
7	585.9486657444553	0.4461843199335456	6.605757806600899
7	425.73166651278984	1.0032420639211568	6.30760184525292
7	503.70221029409157	0.47763317437888464	6.30760184525292
7	489.92280227175837	1.2518915319268933	6.30760184525292
7	469.59384577667294	0.15837703703545464	6.30760184525292

8	372.20562014153893	0.592802215948631	8.638180138091208
8	431.23439370162	0.6524375869958082	-0.3330802198376742
8	326.08864036750094	0.9380049024199589	18.331514001082564
8	589.1142685065339	0.6432170166771752	6.600686276030832
8	440.16849202357275	1.0691909945385154	6.997727213717539
8	1133.667888766466	0.7110407095005481	6.997727213717539
8	496.49311069810835	1.126954405906028	6.997727213717539
8	794.8259406228434	0.2772682011066129	6.997727213717539
8	1324.4369470097174	1.0121168962718086	6.997727213717539
8	966.9192461355633	0.23651872590238582	6.997727213717539

9	383.5719714789478	0.5853171576651428	9.32860438219844
9	431.89025026595164	0.4356426111558627	0.1370629970424239
9	345.8011186054215	1.0328443696894114	17.64952367167819
9	589.0640012908958	0.4307336750546962	7.393009912059151
9	443.17238371721163	1.03769312020933	7.42499974535748
9	1007.2652221228365	-0.1597767750069047	7.42499974535748
9	933.400613100829	0.49379225427917534	7.42499974535748

10	425.25662488038114	0.5998528000349287	0.9167068889724395
10	356.99082086387614	1.0224107144585817	17.932871317349893
10	595.2350625061835	0.47605548850172097	7.523288837234004
10	630.2969102024496	0.9604018728745346	7.523288837234004
10	731.9680569546193	0.03502873829144475	7.523288837234004
10	943.8139814709469	1.7559868569428623	7.523288837234004

11	434.10297250421013	0.6851103013408701	0.7683815390714349
11	382.0127725713769	1.0621718718392932	17.933218607992107
11	609.6228408150187	0.5291838559095308	7.66061527812871
11	458.4569390306368	1.0846178062990115	7.742696636123179
11	933.8498714870095	0.8871219837166575	7.742696636123179
11	655.840101741746	1.7641096684650737	7.742696636123179
11	116.42783775667625	2.4720924351201825	7.742696636123179
11	744.9851976264449	0.7097207732481856	7.742696636123179
11	555.7789145281683	1.2073116130184312	7.742696636123179
11	782.1782523056454	1.7382337197179023	7.742696636123179
11	892.4591516427439	0.9247492039047067	7.742696636123179
11	287.5793021392778	2.408550890497747	7.742696636123179

12	416.65899206563034	0.791692271182557	10.361300213428871
12	435.256707544407	0.763545280656447	2.03483603527484
12	392.13652320361314	0.8103858140275553	18.042447971622327
12	620.5534163383358	0.44983052274893426	8.147142144059048
12	465.26707418217137	1.0993523578779225	8.360589359071248
12	899.815640663422	0.6745390253038872	8.360589359071248
12	616.1122236410206	1.346052978622137	8.360589359071248
12	1148.9534472074588	1.1869292695296736	8.360589359071248
12	1277.2412712882317	0.8201202345876191	8.360589359071248
12	524.100965648564	0.8018919892176561	8.360589359071248
12	1087.190091052426	1.1452156414959342	8.360589359071248
12	746.4201643208305	0.9723025261992206	8.360589359071248

13	421.49330165327325	0.7935879780597257	10.536737027425538
13	437.05644023500156	0.6750955168541284	2.874818629477749
13	414.34631483099116	0.9530968632142892	17.81983764356215
13	624.9105422069799	0.5706147755395289	8.275161521316965
13	475.67654810624083	0.9622621096714987	8.609591313397024
13	180.88013949201434	-2.7632404046226324	8.609591313397024
13	586.4627238325185	0.3089124660310292	8.609591313397024
13	446.75681818947965	2.0052489903951054	8.609591313397024
13	1307.1122526991976	0.9019173962184597	8.609591313397024

14	432.6713871945397	0.8820223001492492	10.92260595306813
14	440.46755786225816	0.8685765688716466	3.4925619266084196
14	428.42367090687844	0.9335271670526865	18.02260976469975
14	632.0452749952547	0.6641409236437463	8.368671930374262
14	488.3125653102541	1.0045838510021707	9.09504774993016
14	457.73746303570834	0.9043124343353472	9.09504774993016
14	1112.6424781996482	0.8262817083757953	9.09504774993016
14	777.08160754886	0.5763477461118038	9.09504774993016
14	603.9266704314967	1.7281146371964171	9.09504774993016
14	812.3538829817235	0.7023409097308981	9.09504774993016
14	817.2129910119232	0.27401350467384594	9.09504774993016

15	438.0747371027556	0.7668557330696399	11.052241911375615
15	448.81395959838835	0.7870373933594745	4.491552340927247
15	448.28721641488363	0.9943340495636022	17.998702971655398
15	648.0102619512927	0.7413534924118909	9.088270465869725
15	497.390902941791	0.8789650534387768	9.520910957514397
15	680.7810651589002	0.8649765429779054	9.520910957514397
15	700.1526306448886	0.052696397663385526	9.520910957514397

16	453.2914080570547	0.7973499475467515	11.035899417802437
16	451.92580134177837	0.8474281233459413	4.6582456838588335
16	468.61029814159605	0.999762891119844	17.826684594701046
16	654.3708996767433	0.6520153522222302	8.979858700043586
16	503.48085109671354	0.7698458347691888	9.704856997119208
16	752.0398378173182	1.4922146453470007	9.704856997119208
16	201.4921702201922	0.4059974794040513	9.704856997119208
16	181.81059317342334	1.7298196399933863	9.704856997119208
16	853.5388796016895	1.4266188976323924	9.704856997119208
16	930.3379044595642	1.46564876610768	9.704856997119208

17	460.6277890584338	0.7992273892694386	11.41723146053434
17	455.86326085150546	0.852285085564559	5.575881355345584
17	482.5184225597286	0.9361621824492216	17.83217343403043
17	659.9725347949169	0.5938898426580418	9.325778545578489
17	515.7151551245204	0.8084390172459088	9.593362720892866
17	1151.671760459031	0.5541820802625609	9.593362720892866
17	753.3348073745381	0.05496699916337615	9.593362720892866
17	238.1033123894111	2.4859817531599537	9.593362720892866
17	741.0691890104348	-0.08115710017123749	9.593362720892866
17	604.7089118227021	1.1542433358205073	9.593362720892866
17	846.5515511979088	0.16391695243380178	9.593362720892866
17	651.1199290047281	1.4122296637343852	9.593362720892866

18	479.4599902203453	0.9021755409958379	11.457178839942582
18	455.1903262934071	0.9755240306141196	6.078884623663142
18	506.72828425375826	0.9031877832595793	18.225250722725345
18	670.8414504653172	0.6358927867002532	9.03575999530497
18	520.6998064301849	0.7025333999667146	10.075569387804897
18	827.3137471094765	0.4275881925660325	10.075569387804897
18	478.6031013690575	1.1710915108375928	10.075569387804897
18	538.0007001487334	-0.2099509074157339	10.075569387804897
18	212.89071316656901	1.435709691968312	10.075569387804897
18	619.8297504941271	1.2381622995412547	10.075569387804897
18	1011.5289572164304	0.36468056281668715	10.075569387804897

19	482.96995400657636	0.8521302951403804	11.709603580213091
19	466.8959541118834	0.9386779304906923	6.732782394172975
19	519.3969442673942	0.8473361912880238	18.06646216665145
19	680.9150801837137	0.6700166399518702	9.642012283691994
19	536.7791691810216	0.8164682856765042	10.35750462849089
19	72.32918838324674	0.13614367937332944	10.35750462849089
19	378.0027880291641	0.06351478184580632	10.35750462849089
19	883.5677023705786	1.8458490570576425	10.35750462849089
19	1291.842466301601	0.7228658418287028	10.35750462849089
19	505.0049359625358	0.22278218868756156	10.35750462849089
19	1225.798326882059	0.5427651019544331	10.35750462849089
19	500.0283392779694	0.9085243517796597	10.35750462849089
19	987.219159190635	0.8630155112746303	10.35750462849089

20	500.52637697354044	0.8282904837479955	11.427522610343747
20	472.2895855963211	0.9645620076884197	7.353669072428886
20	539.3870604993227	1.0207364822446527	18.031359781631398
20	686.427110428771	0.6831463645531524	9.785821572615905
20	549.8487407655316	0.7018565730092546	10.693074160332227
20	463.03553520375186	0.9515172761518712	10.693074160332227
20	69.68221640111705	2.122288619154771	10.693074160332227
20	537.6918628494375	0.9216203668308912	10.693074160332227
20	580.6102547955	0.45995573620102137	10.693074160332227

21	517.592690415698	0.9396211530787013	11.938112563546504
21	484.2201293181985	1.1312582437145975	8.181039052949956
21	560.8195740190779	0.9674109310504644	18.213709309512147
21	698.3043120671034	0.6402297934230351	10.163499495616545
21	544.6856515202794	0.7448581803542831	10.317174585842183
21	365.8195980252983	0.7544810489707372	10.317174585842183
21	775.8896930931481	0.1552298522763051	10.317174585842183
21	920.9396302690366	0.2161066064251009	10.317174585842183
21	563.1807789962721	0.18418637025257806	10.317174585842183
21	1037.3803081749822	1.3307869600880244	10.317174585842183

22	522.8131184220041	0.803198500292481	12.497976544493426
22	487.1217795006559	1.1887667798260602	8.755471483590588
22	576.0110137795413	1.0039158127736914	17.81946925257287
22	702.2964286990629	0.7179036221770979	10.339316076885588
22	562.4373860122018	0.6581147356379365	10.940643058411457
22	507.7822970375764	0.5221029299551694	10.940643058411457
22	245.8745457027238	2.860409482083737	10.940643058411457
22	1381.976086978333	0.7577406097514705	10.940643058411457
22	382.99849872593785	-0.2529930675662465	10.940643058411457
22	78.61207302163531	-2.143298133352387	10.940643058411457
22	742.926216615781	0.42604395849350996	10.940643058411457
22	1076.647153604647	0.9805158510176251	10.940643058411457
22	889.2029442592805	0.8324586636908302	10.940643058411457

23	532.1437625536088	0.951407309943358	12.37795443446758
23	494.50463232636895	1.0390467040974058	9.285113720826843
23	597.5540870681444	0.9700147632037552	18.24218603240057
23	717.7100775751692	0.6436450485089603	10.231733488378769
23	574.1599992101851	0.9932428218065867	10.79676080256254
23	234.14020430315955	0.9833684352246364	10.79676080256254
23	260.75067945841727	-0.07633588336402582	10.79676080256254
23	464.8453212294312	1.6965467414288846	10.79676080256254
23	829.6534609514767	1.701694510837506	10.79676080256254
23	1253.1145560321572	0.8671012984046016	10.79676080256254

24	543.8048951737612	1.1801593369054015	12.550845683056021
24	514.1726963308315	1.0905139994980888	9.533065232200785
24	614.17946080812	1.1428992137044207	18.395764693996632
24	727.898852507611	0.882629686693907	10.66958525716949
24	589.621077192902	0.7903363648678843	11.480629425327868
24	459.56408124883393	-0.02549419885038509	11.480629425327868
24	336.87187931175197	1.7522516111391626	11.480629425327868
24	443.82511418572335	1.9650937538518056	11.480629425327868
24	1060.9724016988284	1.2410926751016909	11.480629425327868
24	832.0854793599309	1.207911285504214	11.480629425327868
24	506.6141017719826	1.33679973414986	11.480629425327868

25	559.7797254125655	0.9408834925794296	13.076406489597847
25	515.0895802994854	1.297067618038946	9.980477444683544
25	632.4592045449554	0.910530125834647	17.65481689106738
25	594.6536972129037	0.7352314579214432	11.147814899172895
25	872.1888672058094	1.7876283439788143	11.147814899172895
25	1413.8064423898084	0.7433981030089528	11.147814899172895
25	883.6326924593529	0.03493219084060677	11.147814899172895
25	599.3401259034395	1.3539656559844773	11.147814899172895
25	884.5975944056719	0.06390433191960257	11.147814899172895
25	779.007786847731	0.9120302289815541	11.147814899172895
25	933.2567380437051	1.201901652423761	11.147814899172895
25	249.54898141439486	-0.15383615393486375	11.147814899172895
25	1041.8280172103139	0.41617627819938285	11.147814899172895

26	575.101179588761	1.0259399424440556	13.056379580510683
26	524.7368612071791	1.2076978227232231	10.14626220072607
26	657.4014171454799	0.8446212790227015	17.942685191117768
26	745.3360804849565	0.8676114169914741	11.171456107747233
26	610.5755004600355	0.597756052730784	11.379046569668915
26	379.47103898398905	1.7520695494845404	11.379046569668915
26	666.0284309238967	0.12139918440115531	11.379046569668915
26	585.859097337843	0.15765766728866748	11.379046569668915
26	1061.8847731962417	1.4753272122676178	11.379046569668915
26	696.0517454775074	0.574022891571119	11.379046569668915
26	743.3490609669587	0.029190285294854568	11.379046569668915
26	1225.4854050373622	0.8254254970134783	11.379046569668915

27	587.5032518287885	1.0029271889968676	12.900082013896915
27	541.7432880937491	1.1842979424033953	10.462539374606113
27	669.6640977750093	0.9319399612508182	18.05138921794045
27	764.0666163581069	0.8750324097950143	11.094045426935148
27	621.5692514269099	0.6659262845092455	11.286364060100468
27	294.6956208429448	2.4919860378870644	11.286364060100468
27	1306.2411269043967	0.8841454991334279	11.286364060100468
27	847.4665079077727	0.7988680725263623	11.286364060100468
27	960.6794589761869	0.17982875191286216	11.286364060100468
27	702.1424852185934	1.2155288581922654	11.286364060100468
27	731.8455450936318	0.17143371929234483	11.286364060100468
27	822.3567343076354	1.9093317201440265	11.286364060100468
27	940.375055221873	0.227666534527115	11.286364060100468

28	606.0191972102505	0.998235547593697	13.131981683071627
28	544.6982896722303	1.2190891077002333	11.237016732386236
28	686.9721241712493	0.8302746626420933	18.008533240941148
28	633.001429580345	0.6738467528655786	11.954637096962601
28	833.2949443261252	0.9797556912814	11.954637096962601
28	347.1599891874452	1.4619485341983385	11.954637096962601
28	358.94741360837	2.0011685521267784	11.954637096962601

29	556.1652358295161	1.3498556854455155	11.55738275591676
29	706.3102432006808	0.9696634846878708	18.035483617559624
29	779.032028255843	0.9248793851964534	11.049467210744037
29	651.0850593782233	0.7359995825279573	12.146816531797755
29	685.9473749561486	0.9486042758020994	12.146816531797755
29	636.0734846284447	1.780516780538673	12.146816531797755

30	631.9742348658253	1.1022515740189474	12.92015218983719
30	572.7013730686991	1.371228321545407	12.116519781768435
30	716.66397299662	1.069217111383839	18.182247031942712
30	652.2339531239286	0.6432363484324503	11.961839096363699
30	682.9452852007706	0.11439558175846214	11.961839096363699
30	839.9467031258775	0.8194232910302064	11.961839096363699
30	694.0912185787117	0.8924652168815076	11.961839096363699
30	995.6673938153416	0.6702061843138272	11.961839096363699
30	815.779919011751	0.4552971888685907	11.961839096363699
30	620.0809722491389	0.2311005935217549	11.961839096363699

31	640.5175280264401	1.2668155766204539	13.1529874467543
31	579.350204437854	1.0368524379788653	12.177910089245835
31	741.9638142037179	0.8945678662483478	18.30370735441457
31	801.6818939819335	0.6857075477756602	11.84333702271848
31	665.918265957157	0.5762053799616496	12.020061600028386
31	958.6653228341285	0.17495287262933423	12.020061600028386
31	1041.057008107702	0.7260337612584159	12.020061600028386
31	877.773386745786	0.1429004816437172	12.020061600028386
31	990.0090193862086	1.1846227037020856	12.020061600028386
31	671.4532278492555	1.2955574933505272	12.020061600028386
31	1114.6963326770795	1.3734264250298127	12.020061600028386
31	411.38279920603776	1.0042022019615655	12.020061600028386
31	871.1138457636164	1.8253280139638668	12.020061600028386
31	921.5446090927459	0.8540836379121594	12.020061600028386
31	671.1287520635409	0.9476580035670088	12.020061600028386

32	655.7358775043897	1.1769055540746696	13.436627541109315
32	594.7015124560919	1.2358700347165155	12.435263828066393
32	757.8776066123813	0.9503999618668821	18.0186665137525
32	819.7906805677105	0.75453506381685	11.829285081653191
32	677.7834861128674	0.7816926694837013	12.48475468775354
32	713.4990150389737	0.8328767597561156	12.48475468775354
32	1289.989229608096	0.9823174281507798	12.48475468775354
32	531.707439138359	1.6665973561694396	12.48475468775354
32	714.6311422680583	-0.07549612109365929	12.48475468775354
32	997.137047748906	1.5803677815850778	12.48475468775354

33	663.704498847084	1.1111756606728378	13.532309753634982
33	609.266695301507	1.3404299954944374	12.697766769025082
33	771.2860356264738	1.1301036985051518	18.161639702195053
33	828.4799971840446	0.883984915236332	11.402518504612747
33	696.7515636834931	0.5907946405848119	12.718577155110765
33	678.9058327633951	1.1725723034286772	12.718577155110765
33	120.43899337398489	-2.881197337287157	12.718577155110765
33	1071.3714885984343	1.490824401592403	12.718577155110765
33	854.0988786150318	0.6578112432108612	12.718577155110765

34	679.6249784310022	1.1072560473293418	13.314191126334102
34	844.1235672222718	0.9618797985227097	11.809572383744372
34	707.5907350453156	0.6303047741722645	12.390308896025319
34	616.1677883967129	0.6669344490448091	12.390308896025319
34	713.8981602237302	1.0185078100904195	12.390308896025319

35	694.6068081579539	1.1795111355832903	13.622759045242374
35	634.5829777372819	1.455988774403198	13.4027173774828
35	815.2650738677124	1.0284023017678856	18.06719626076754
35	849.4222138377999	1.0260007703788252	11.474636407347257
35	716.8310945299351	0.49258078338267236	12.4724244291069
35	101.80704852878593	-0.004078688410344117	12.4724244291069
35	137.51015144756875	-0.6389270026213387	12.4724244291069
35	665.6887719175885	1.0650901973156774	12.4724244291069
35	676.0077734364747	1.1053278644398714	12.4724244291069

36	705.9569631369391	1.1962529898818843	13.468779806886596
36	644.2862510300292	1.484429624006222	13.504545363629783
36	833.0536456891707	0.9263184136388926	18.093035312044442
36	866.3505751887543	0.8564594756618044	11.750348735396914
36	729.4212242467304	0.46985959004870664	13.063682265699828
36	948.7811705285408	1.7080523111109525	13.063682265699828
36	974.7584569082697	0.6214171752018011	13.063682265699828
36	188.39899709646872	-0.08179398165562526	13.063682265699828
36	1080.0721704760233	0.39907911985665656	13.063682265699828

37	723.4316486591264	1.1598485297566175	13.453556077124082
37	661.825801111847	1.5267727348384459	13.664238218602032
37	846.9208992522401	0.9382432730755392	17.94440901040188
37	878.0285347154037	0.9758481756459134	12.183325623884233
37	741.4717317209137	0.6374675943810181	13.526479331320191
37	930.5638517675	1.5225156255696548	13.526479331320191
37	633.2634673036124	0.2974673315584208	13.526479331320191
37	586.8938132775273	0.3363169780966838	13.526479331320191
37	1127.4193064354515	1.225065385701499	13.526479331320191
37	932.0250424744662	1.314165905539009	13.526479331320191

38	732.7377341314244	1.3435259935367228	13.439007465583366
38	675.015432272801	1.422516753418261	13.993347556219806
38	868.2260194484031	1.0639975311127277	17.824780305328996
38	881.3435234177264	0.9442314796616665	11.886873214349654
38	759.4417608504086	0.5885749898519369	12.971708105624113
38	408.9859791676759	1.518518827687568	12.971708105624113
38	397.1737449197599	1.364716103746887	12.971708105624113
38	185.64719198218071	0.12723414998919585	12.971708105624113
38	1075.4194749404041	0.3691385731050947	12.971708105624113

39	748.9704748913955	1.181830419455582	13.948749314854851
39	684.2015991636357	1.5318295477869368	13.580213771796066
39	881.3591953903097	1.0074732405493845	17.613423216879358
39	901.0160556018751	0.8340786992392726	12.395475105255738
39	770.8667328902999	0.5259345641864648	12.802816641244997
39	631.0116645274396	2.193597978383502	12.802816641244997
39	118.62153234011268	-2.613663138030931	12.802816641244997
39	619.5142423271369	0.6276621042290607	12.802816641244997
39	745.9402441504147	1.1089010047572787	12.802816641244997
39	572.5382781350626	1.901056058353308	12.802816641244997
39	515.1244875022326	1.122870673605943	12.802816641244997

40	763.4081169881074	1.1704059382558256	13.839677476401645
40	698.0869865768436	1.4795177979208798	14.23518042469718
40	896.0547596266463	0.9823254797498986	18.076835881794036
40	915.2467056534205	1.044064645187306	12.792355280669593
40	606.508185751878	1.2357332519222266	12.792355280669593
40	546.1613383988896	1.2437554053134119	12.792355280669593
40	771.915607863949	0.9319640275343716	12.792355280669593
40	295.3348660781527	0.47594236463050377	12.792355280669593
40	522.9559790961092	0.6926902378639971	12.792355280669593

41	779.5707497307337	1.1612432850611167	13.894363173330328
41	713.3723355467392	1.5228830869380545	14.724021132435333
41	918.896695181101	0.9932686025809717	18.269378342415568
41	929.3334586173185	0.9827251462748732	12.242080828051224
41	799.4676744536321	0.4762249618189453	13.173870033410747
41	1314.1393990662966	0.9079719742492959	13.173870033410747
41	138.698347071472	-0.39625803113832364	13.173870033410747
41	474.62018433847277	1.135703671988341	13.173870033410747
41	1191.6861809185998	0.841291966282632	13.173870033410747
41	754.7826869962352	1.0559913473609999	13.173870033410747
41	960.6159207121533	1.2210208621075707	13.173870033410747

42	785.0340627373179	1.273568022942619	14.051756880881925
42	732.2227974297467	1.7071702089757854	14.740286671782277
42	935.1595250703677	1.0458882698661505	12.43774176155898
42	810.9376113048191	0.35303993628117714	13.252291167845325
42	894.9937822401683	1.5972717441086586	13.252291167845325
42	157.11196154591494	1.5349398793363032	13.252291167845325
42	139.42310399395845	0.13688062432871526	13.252291167845325
42	1019.87782243721	1.105213221693566	13.252291167845325

43	803.9138052205207	1.0164094294590456	13.808671221055743
43	747.4234501564656	1.4459715380564648	14.74324622897252
43	950.8675730018697	1.1323168394410281	18.135842279080947
43	950.2212213215934	1.0431572142965375	12.674892921013052
43	819.8274319677975	0.40298846869342664	13.214126479170737
43	909.0147184158831	1.3066510861198803	13.214126479170737
43	939.0705369802076	1.9226171258412366	13.214126479170737
43	824.9586649391425	0.6102515720490683	13.214126479170737

44	815.4326488129681	1.2565424258948434	14.196027483014234
44	760.5657643977811	1.5201020524963924	14.838420528787214
44	981.7074971153826	0.8435558337089573	17.8316197530324
44	962.8366154818835	0.9903476406097609	12.705342447503378
44	832.0047961588479	0.49320281287237805	13.224649536949586
44	849.550500454475	0.8607554327043744	13.224649536949586
44	801.5428333901692	0.1173011507177626	13.224649536949586
44	364.1939309271149	1.4109226761085156	13.224649536949586
44	411.0602297584408	0.0885440266327135	13.224649536949586
44	392.534837548642	1.8478567934378616	13.224649536949586

45	829.7998453111568	1.1164811395780774	14.309240855128115
45	776.8858811205929	1.4959211891637352	15.0431720785526
45	991.998951533625	0.9023831159283128	17.65286250612707
45	972.6459704722846	0.9736657133390371	12.64447383774864
45	842.5636383303662	0.6086134191080761	13.509498714565973
45	951.3885210953063	0.7269004920965101	13.509498714565973
45	574.3449964380013	1.348356114011513	13.509498714565973
45	656.38196711956	0.6340638883412821	13.509498714565973
45	1010.5341222143004	0.6949094993209115	13.509498714565973
45	537.8764281509109	0.3286589711904246	13.509498714565973

46	843.3269253216406	1.2932233002184794	14.146178102949483
46	785.4895880362028	1.4838561965986825	15.005761223092527
46	1010.4053983033938	0.7911764367505986	17.96783142557493
46	984.384709542966	1.1286105138197116	12.650797100576115
46	866.0678547040898	0.4614527922209628	13.664364169542361
46	597.5798268383177	0.5807013274942532	13.664364169542361
46	1234.9912799027309	1.0424541060304946	13.664364169542361
46	737.7910323711179	-0.031082084438060723	13.664364169542361
46	104.87438804860398	1.0330988567641486	13.664364169542361
46	942.4777937635539	1.5688288546049358	13.664364169542361
46	178.23022414697422	0.41111613081330645	13.664364169542361

47	859.9280297988553	1.3386042762904904	14.20337767822439
47	802.2417159909165	1.6279696065169862	15.029713237958983
47	1028.5959333451701	1.018748993325646	17.921814148709114
47	1001.2113722112496	1.0345704279917733	12.80292347085517
47	875.1514831450694	0.47709026835965745	13.245423246016356
47	280.128158469612	2.2231244985623135	13.245423246016356
47	1147.430816518812	0.9995310448166166	13.245423246016356
47	1170.803575185266	0.6448490302154201	13.245423246016356

48	875.5435534084539	1.2753928586431562	13.97986362681489
48	820.4168919930167	1.7228210026689423	15.641341939198032
48	535.7125506339289	1.4156822179634438	15.641341939198032

49	837.1402217750095	1.6597240861606322	15.113024670808144
49	1064.041084707334	0.9300712621697044	18.10779727546606
49	1024.0399607441725	1.0160339176522646	13.084678215421716
49	904.9326696402252	0.3590740396785761	13.682656692958723
49	1008.1930329815082	0.5020183057398466	13.682656692958723
49	549.8969557190023	1.4905463471946745	13.682656692958723
49	446.44563276619886	0.8447319436085943	13.682656692958723
49	1201.1016103791465	0.8849811241930284	13.682656692958723
49	776.8114760937751	0.5588010226151162	13.682656692958723
49	1004.1879234316523	0.5881500620501564	13.682656692958723
49	663.1304629202381	1.6227817488551108	13.682656692958723
49	1019.753599343777	1.3776205076758599	13.682656692958723
49	1241.59065831018	1.002836201905427	13.682656692958723
49	275.2145083622775	1.2912370461659068	13.682656692958723
49	295.278090022371	1.4200396155817434	13.682656692958723
49	603.8831750310999	0.8546283327484498	13.682656692958723

