scan	range	bearing	velocity
0	317.67456712292204	0.22096022862859863	4.946366274219717
0	453.3472901633508	0.219005520035349	-6.440212307012823
0	184.1944907321697	0.9730382665871605	18.26277182209633
0	541.0889612561061	0.17413887533596156	4.2423356228656806
0	1036.0823645643666	1.4194954535786024	4.2423356228656806
0	1387.4394091249983	0.7849159060366803	4.2423356228656806
0	970.721595315914	0.6060184026672316	4.2423356228656806
0	1200.1025624305646	0.6868500763190466	4.2423356228656806
0	693.6296771571963	0.20390682197435905	4.2423356228656806
0	888.5650290778516	0.8334947192844837	4.2423356228656806

1	323.5258877328658	0.437425788433677	5.780791523684589
1	456.54348806712926	0.2476061180086694	-5.839471482007166
1	198.28241367867597	0.9780570084353297	18.613437157733483
1	549.4028856980665	0.20961973858783806	4.877392648886252
1	397.25090684969985	1.3806293187249208	3.784208098693214
1	1238.618242223183	0.9164630528423546	3.784208098693214
1	935.6935586437902	0.2807025772413483	3.784208098693214
1	917.0368747040706	0.7757654467022808	3.784208098693214
1	1161.8392448105508	1.099907223980227	3.784208098693214
1	893.6297930747164	1.6479043713046961	3.784208098693214
1	1062.4853064447814	1.5079350742010835	3.784208098693214
1	1176.837262092006	0.8517011177792059	3.784208098693214
1	1061.3000584588435	1.7552978521150426	3.784208098693214
1	1232.6313973399565	0.9360576511604756	3.784208098693214
1	238.35389663505887	0.5643019334079403	3.784208098693214

2	330.65394953412255	0.40284883397493615	6.32296285455298
2	444.4920668251766	0.22922722695834097	-5.161419272312672
2	215.9597291408418	1.0522615442972103	18.148730746325267
2	549.9675492031656	0.35494126523027975	5.4002731463417515
2	403.70544269017796	1.220613036933175	3.851990755045336
2	704.0549928843817	0.6647625496967517	3.851990755045336
2	156.4302561290061	0.4071789051797646	3.851990755045336
2	190.6286453577952	2.518107640840841	3.851990755045336
2	941.2143057086819	0.472516775609373	3.851990755045336
2	265.57585259998217	0.8742161995572134	3.851990755045336
2	497.1810178892701	1.8403614863211908	3.851990755045336
2	778.557872757763	0.5586192987698174	3.851990755045336
2	122.08098788475132	-2.6769542216844378	3.851990755045336
2	818.616302761557	1.7786245696421425	3.851990755045336
2	206.5780809807489	3.0784615877653043	3.851990755045336

3	330.05291883239045	0.4252063490381176	6.561699134313622
3	444.42951043315867	0.2984783929883609	-4.840047410054606
3	233.44250239602783	0.9310798880680071	18.066822942035895
3	557.7549558821277	0.2981639404994637	5.579314986703853
3	405.66278014559003	1.2901387031328815	4.475457042880643
3	791.6839708393875	1.475840930047944	4.475457042880643
3	926.973767145391	0.31025272552317185	4.475457042880643
3	531.150326321212	0.9422739755160332	4.475457042880643
3	481.5932445370487	0.20972146761682908	4.475457042880643
3	1230.1715238953752	0.8714619310368608	4.475457042880643
3	738.6104880549158	1.6664310117271879	4.475457042880643
3	659.7862961956188	1.393875679203357	4.475457042880643
3	167.20990994432873	2.70131208910644	4.475457042880643
3	396.6070484970835	1.062795932960838	4.475457042880643
3	1181.5255133334217	0.7658287312405494	4.475457042880643
3	864.4718497644665	0.26829511031974107	4.475457042880643
3	345.58205519687726	-0.21768872119497795	4.475457042880643
3	562.7521084092278	1.0276124894463174	4.475457042880643
3	844.8917488134302	0.9674465575498075	4.475457042880643

4	338.41597624157384	0.49231557014102756	7.126056336483049
4	440.65427020032683	0.4033739140637372	-3.765097395856284
4	561.5827457997963	0.2942625774228792	5.3765074961655035
4	408.9116275008443	1.209307415363618	5.3521465417678105
4	140.74531137783342	-0.07981011936849722	5.3521465417678105
4	730.7789021178734	1.233292383079219	5.3521465417678105
4	756.0146707035115	0.6873041682429241	5.3521465417678105
4	1138.2517317228544	0.9927687731938545	5.3521465417678105
4	892.4013131413357	0.4081666335132216	5.3521465417678105
4	928.8646261129824	0.5859765057464765	5.3521465417678105

5	346.70025345171763	0.5624008319888697	7.794019465572472
5	433.22253985313785	0.38115378965788904	-3.199379529335869
5	268.5055801180466	1.0905036284660268	17.771795311393205
5	565.3258027158747	0.3676112487712807	6.339181302588366
5	417.106713651489	1.2734207743955315	5.833352080507594
5	254.17411318009042	2.751199801298593	5.833352080507594
5	515.8603967218395	0.5724399748357869	5.833352080507594
5	897.3382128280798	-0.04473439235243046	5.833352080507594
5	1154.2135701352659	1.0960444841045307	5.833352080507594
5	825.6655034860096	0.9619436336518955	5.833352080507594
5	868.3667850611745	-0.03462266760726249	5.833352080507594
5	1174.6458128615543	0.9827268679752279	5.833352080507594
5	1008.0593915838706	0.931312817138467	5.833352080507594

6	352.3924407837446	0.40597893072011587	8.167920426959748
6	433.1850226300617	0.4904800768418741	-2.486561161427906
6	288.78583808332894	1.0351788296856166	17.660224103064113
6	569.8095657683748	0.5271994471102466	6.324220047377457
6	422.0125539504991	1.1644217940579924	5.95090270361903
6	772.7727059475231	0.4943442378091269	5.95090270361903
6	1117.7870494269232	1.1644968390235326	5.95090270361903
6	867.4709922777174	1.7674877260089412	5.95090270361903
6	538.6188481585177	0.19980160126116836	5.95090270361903
6	1282.3813815402639	0.7621778143321326	5.95090270361903
6	748.6953037158713	0.02015804949646365	5.95090270361903
6	965.1289464645032	1.524148020346137	5.95090270361903
6	1194.6201590114424	0.9261928610936329	5.95090270361903
6	619.4102321590085	0.6367846991958988	5.95090270361903
6	891.9337708644614	0.8397120218836127	5.95090270361903
6	909.5378429039516	1.5664377607495479	5.95090270361903
6	730.2183837408733	0.6533212314553489	5.95090270361903
6	1176.4899056102565	1.075328867281959	5.95090270361903
6	892.7372706074802	1.2142785024403384	5.95090270361903
6	1248.1991380853935	0.6669336035647022	5.95090270361903
6	670.8830298963849	1.3585157018441094	5.95090270361903
6	734.6205944852611	0.7019149928480253	5.95090270361903
6	1301.212776951828	0.8553541642844901	5.95090270361903

7	366.2543604664364	0.6985406982208573	8.716306233004241
7	424.2680150454945	0.41015091496022216	-1.7118398117312397
7	306.78138042368414	0.8463020911997081	18.22259761873723
7	581.2040906969773	0.2587991777716183	6.624392725975103
7	431.5958903758352	1.1733360680377065	6.572033410213376
7	329.68908414450664	0.9843262356067025	6.572033410213376
7	803.6816536231865	0.18563688931584785	6.572033410213376
7	1064.5906029857642	1.8045756544449298	6.572033410213376
7	784.0804963908761	0.27173968790219916	6.572033410213376
7	987.4533782086867	0.48954274367208367	6.572033410213376
7	1007.0242665785865	1.4600521257090249	6.572033410213376
7	422.48643681356566	1.3565669107301175	6.572033410213376
7	822.6558916552328	1.199973650239144	6.572033410213376
7	998.5222924793294	1.0000442937123093	6.572033410213376
7	1226.4707868788666	0.7715384232742112	6.572033410213376
7	246.32525924055037	0.5175516602760436	6.572033410213376
7	191.33894299691076	0.3883948112897235	6.572033410213376

8	371.6957922053416	0.6272494709320243	9.062485672806451
8	430.8354857564578	0.4733009061336311	-0.8512106590765119
8	321.0383947176416	0.9592402385463924	17.737014698434724
8	583.6066325072978	0.5090049617265933	7.118653522533258
8	439.3980838921237	1.1201613471543004	6.482919517036775
8	834.7175304642453	0.34217829086265883	6.482919517036775
8	716.8422862112069	1.892491044202496	6.482919517036775
8	272.27893534355934	1.2077803037730521	6.482919517036775
8	886.3521138919315	1.2381271006128691	6.482919517036775
8	164.1982477745564	0.3704177098318356	6.482919517036775
8	750.352621244581	1.3698735841692455	6.482919517036775
8	671.0312855285346	1.956686716856475	6.482919517036775
8	705.4809584344111	1.0092899825438488	6.482919517036775
8	935.5106866901359	1.6623818966804427	6.482919517036775
8	1013.235011219579	0.6337682197621805	6.482919517036775
8	1011.2778242776444	0.5450353535366721	6.482919517036775

9	383.3192149163893	0.5714853808054654	9.692049598788078
9	430.6598115709563	0.526399676541251	-0.3893364726995861
9	592.9050186659701	0.4715179960321424	7.00046730816351
9	445.95309361397943	1.0189884781350154	7.870195560810587
9	1010.928128524276	1.3702896958956552	7.870195560810587
9	413.6727852338172	1.166423728685662	7.870195560810587
9	174.99978239163076	0.993663863987067	7.870195560810587
9	622.5904595649755	0.6132860291536626	7.870195560810587
9	706.7563896690773	0.06100398257637761	7.870195560810587
9	559.2917390895666	0.9027684755393384	7.870195560810587
9	152.5439526653772	-0.41506278789220225	7.870195560810587

10	433.95340469705883	0.6259523676043547	0.656433986994327
10	363.7410012780585	1.0721221969717647	17.999134634884147
10	603.2671012194814	0.6351356231503955	7.462231654854746
10	448.871077733205	1.0221522793532418	7.773055085495805
10	990.2178986649373	1.5346659286160365	7.773055085495805
10	698.9710885869112	1.6348497860038858	7.773055085495805
10	1139.043441371794	0.9543329492411246	7.773055085495805
10	1081.9022804750362	0.2932278753973228	7.773055085495805
10	1102.01118738992	1.2530589018980822	7.773055085495805
10	1241.4075110355573	0.6478386849163715	7.773055085495805
10	750.84298866899	1.8536605600434248	7.773055085495805
10	994.5787619814356	0.691810620074204	7.773055085495805
10	984.9765918878267	0.4741329427209676	7.773055085495805
10	1065.492565491916	1.4474098190629288	7.773055085495805
10	943.2660360861317	1.5968127433665211	7.773055085495805
10	513.4277756192071	0.8713372905096801	7.773055085495805

11	392.92095134578426	0.7435539697404735	10.225817431831885
11	429.8105729944277	0.6538519124913893	1.4324488379202962
11	379.38785251226	0.9493494997197925	18.065873604737035
11	605.6241704846154	0.6958023042605136	7.666321964299338
11	457.85551202457475	0.9080820084011005	8.006519185872328
11	679.6375004689565	-0.29008161840325586	8.006519185872328
11	730.9636906464689	1.8357296457601857	8.006519185872328
11	850.4811112831147	0.2925774587523887	8.006519185872328
11	437.50669326307644	1.1248600164922335	8.006519185872328
11	699.8818694459752	1.1748430521941848	8.006519185872328
11	438.42202345472896	-0.09295608229681969	8.006519185872328
11	353.79994600825637	-0.005845218779370276	8.006519185872328
11	450.4320204389382	1.7128828484748189	8.006519185872328
11	487.3194558835656	1.2225031016052685	8.006519185872328
11	207.52392300693842	0.9115040497858556	8.006519185872328
11	626.8248527048369	1.6735408897322037	8.006519185872328
11	551.8390798576157	1.2540962181116382	8.006519185872328
11	603.8179015961766	0.8658693383351939	8.006519185872328
11	929.5491024799851	1.6912627500838158	8.006519185872328

12	408.1286749534991	0.8093934463350426	10.053125588152888
12	430.85954152161366	0.7827165715684461	2.3037914434571194
12	399.11145331877407	0.8567826334243848	17.935336246861027
12	615.9546548833735	0.6562878440151269	7.910953147201476
12	466.8140786638484	0.971341682039026	8.16687387150899
12	1394.8031419006081	0.8766867092522294	8.16687387150899
12	497.88571274972395	0.49346118629964697	8.16687387150899
12	702.0906384792893	0.7948936659542037	8.16687387150899
12	912.3278247683768	0.8641623440016033	8.16687387150899
12	428.5127135899516	1.9822814739639614	8.16687387150899
12	971.1690311871954	1.5226316100240427	8.16687387150899
12	1369.4788888440714	0.7519804087126982	8.16687387150899
12	642.0865259674605	1.8093511136809022	8.16687387150899
12	279.9841871359399	2.433883740745166	8.16687387150899
12	990.4538287098871	1.604194379671394	8.16687387150899
12	940.3487925840541	0.30248698597971857	8.16687387150899

13	419.7689836590652	0.899813705724195	10.650026356329981
13	437.5616300016219	0.6999009964982159	2.6014056697812116
13	415.4013545696568	0.8120441224089325	18.117497289824755
13	625.6256077329169	0.6586361553997907	7.9676374255292135
13	477.27789585409613	0.9425395057983602	8.330721376221323
13	992.8845559389156	1.1985951241582884	8.330721376221323
13	590.3249763241715	1.5329177514715255	8.330721376221323
13	634.4005996129686	0.37309614994601126	8.330721376221323
13	30.27076355418029	1.6591324656639537	8.330721376221323
13	488.91178442675147	0.9343513872016683	8.330721376221323
13	1049.2412949421634	0.6390202392130879	8.330721376221323
13	994.0639786773934	0.8218161747614976	8.330721376221323
13	992.1095506999635	0.6760802304459976	8.330721376221323
13	813.8012221552913	0.729042654178101	8.330721376221323
13	1056.7126203975245	1.519434269083772	8.330721376221323
13	1111.639200182161	1.1853044304274782	8.330721376221323
13	646.6673329631897	0.7838337876743614	8.330721376221323
13	419.35513548475956	2.026159674694923	8.330721376221323

14	431.49673317742315	0.9040272339344841	10.78377817279618
14	439.6784394314338	0.7556220095220026	3.732299469915509
14	437.63360666032753	0.851723196464808	18.11513445928876
14	634.2904422371248	0.6270983889149414	8.704941050229937
14	482.1704087719772	0.7468507189455054	9.257052575376697
14	1002.7218964290782	1.5941674493240854	9.257052575376697
14	45.45866096032606	-0.41748905895713967	9.257052575376697
14	891.8845503112724	1.5033377216864396	9.257052575376697
14	853.0801425628061	1.5191187514606197	9.257052575376697
14	483.54581508846115	1.7993889187452035	9.257052575376697
14	462.2494161507918	1.4274391350107547	9.257052575376697
14	599.7982659319364	1.5531145904997166	9.257052575376697

15	440.8471422572226	0.9854181627480884	11.074346013268894
15	444.996807451494	0.6916296405223464	3.9559604138340365
15	452.97226733505227	0.9056492957166296	18.05323427242763
15	639.2928484879561	0.602589355401461	8.531477981179986
15	493.40240677742855	0.7337066168778076	9.17971817207988
15	1031.0287768936334	0.755761369906761	9.17971817207988
15	814.7759769908165	0.6787541053103676	9.17971817207988
15	643.6955975590969	1.4591095941237384	9.17971817207988
15	1135.265101097053	1.0702275828262153	9.17971817207988
15	463.2310646144403	0.46714714787092537	9.17971817207988
15	619.7598203029356	1.170374175363935	9.17971817207988
15	657.8863680628706	0.14346752753633304	9.17971817207988
15	1015.5624813615623	1.6222098666352232	9.17971817207988
15	849.6764765184054	1.1755385043495048	9.17971817207988
15	98.06036765843865	-1.6051791904304327	9.17971817207988
15	481.4243398813615	1.341883959702594	9.17971817207988
15	998.6769437593998	1.0156830780708503	9.17971817207988

16	449.03128189358574	0.8114958971788634	11.414114912862738
16	452.8308917446481	0.8583950894109693	4.7292322194042455
16	466.1153113723431	1.03329863262965	17.894496446967974
16	656.033333595599	0.624371542688625	8.80758941127859
16	501.2149361991128	0.7956359135718409	9.550940380591175
16	778.8167488969226	1.401561389783325	9.550940380591175
16	607.9346117429757	0.3932167516870758	9.550940380591175
16	557.2054663520431	1.1395479281961536	9.550940380591175
16	516.3428163474321	0.43945481545688464	9.550940380591175
16	970.3862535283843	0.6519064850343128	9.550940380591175
16	1250.0194155420222	0.8052050586505339	9.550940380591175

17	464.72032502304006	0.9425221075696527	11.180406566961688
17	450.88087224338386	0.8772405137942124	5.542488053036461
17	484.4779520240603	0.9545541631237846	18.270765848350823
17	659.0348682545016	0.6835199019648114	8.904385311336885
17	515.3567589468944	0.8826083843250287	9.800644579998723
17	1244.132894504533	0.9449487677466096	9.800644579998723
17	1095.9299835571776	1.3747357931104642	9.800644579998723
17	198.7638334716861	3.0524927740313212	9.800644579998723
17	575.9545260858076	1.4119912471316556	9.800644579998723
17	1226.5189904225056	0.95039509402888	9.800644579998723
17	485.08787140382105	1.7000919497523996	9.800644579998723

18	476.5926307272976	0.8838512314672192	11.663391817209058
18	507.49585789248727	1.0027734483045203	17.98629168451381
18	670.7026675434864	0.7596702248919769	9.042293011221606
18	523.5608998323398	0.7838813629012886	9.454331810306957
18	632.177429779133	-0.06845120085400784	9.454331810306957
18	1017.8673383620768	0.8685244466271315	9.454331810306957
18	521.7779825660439	1.0469290384502619	9.454331810306957
18	1000.1020375567692	1.1877619853605155	9.454331810306957
18	1157.7521936276712	0.7829151260722548	9.454331810306957
18	1032.0270725861476	1.0654929811543121	9.454331810306957
18	440.46379099397546	0.5671493521516002	9.454331810306957

19	487.14453462571	0.9061854349484857	12.095440458891606
19	466.5183582759144	0.8960548018485639	6.7506010263701715
19	519.0503049223112	0.9276383487847752	18.28212914046551
19	680.0223110699994	0.752936175383204	9.625528463468102
19	526.7226450795401	0.8629888086725421	10.33234549592355
19	758.819964199416	0.0015764930254001316	10.33234549592355
19	978.8387668375923	0.05286281732137471	10.33234549592355
19	531.2652021399243	1.6079746918030167	10.33234549592355
19	618.7148933916739	0.4806098864960683	10.33234549592355
19	514.7570328818134	0.44775473913900476	10.33234549592355
19	791.0210898478045	0.8510711485632402	10.33234549592355
19	710.8647347926885	0.8471101547169774	10.33234549592355
19	691.216628797471	0.7648823047345743	10.33234549592355
19	1013.6569127548584	0.32637383118626906	10.33234549592355
19	1237.294331902491	1.122864745865045	10.33234549592355

20	497.0131528774602	0.786921742718391	11.786664844885845
20	473.59717624226624	1.004363838206728	7.529446233283868
20	539.4463351743642	1.0521202366319615	17.730152695229236
20	689.1932155536788	0.7227697230534699	9.97608723996812
20	541.539050630393	0.7558556114990767	10.345578865230111
20	662.2891093712691	0.45775591340258526	10.345578865230111
20	818.6065392742024	0.7581647796362194	10.345578865230111
20	696.4046475272047	0.584072678818298	10.345578865230111
20	985.1787467587516	0.5189809129870161	10.345578865230111
20	1075.1130785070288	0.3568546457346	10.345578865230111
20	693.4313492189442	1.7373484142860856	10.345578865230111
20	497.7219873979604	0.03622218637617311	10.345578865230111

21	511.4106823069272	0.9863598581459048	12.032670795775898
21	484.3298988292334	1.0300657914251827	7.795373587209015
21	560.2037393270656	0.9994893654942094	18.21451886642208
21	692.5706389989713	0.7125287325879611	10.2868370074995
21	551.372253024702	0.6716978308367615	10.621301955143773
21	360.3541982450291	0.22029425183005974	10.621301955143773
21	284.2176944197844	0.5934147935144567	10.621301955143773
21	298.9721358444327	-0.30583437133707264	10.621301955143773
21	645.215356126075	0.8549190360776346	10.621301955143773
21	847.1869015870075	1.5563297287157352	10.621301955143773
21	227.54199543303702	1.458005044385779	10.621301955143773
21	1041.734029410902	0.9201669983525765	10.621301955143773
21	1313.336489878861	0.8227880023180059	10.621301955143773
21	946.7141857410195	0.16163647581887497	10.621301955143773

22	525.1044918677371	1.0149794555254141	12.552629551328588
22	490.926600657301	0.8827098601434525	8.528983687929344
22	577.2450123561457	1.0032931229052708	17.726956721590835
22	703.5800174058589	0.6879727867713237	10.23286072402147
22	563.3713325754807	0.8120792180036989	10.665016107355033
22	1006.5280189047306	1.3647084066134634	10.665016107355033
22	1001.6562028963456	1.0162942198236016	10.665016107355033
22	814.3801095538039	1.120905554652834	10.665016107355033
22	1041.719412468351	1.801466404870428	10.665016107355033
22	720.400792668384	1.4815780972290549	10.665016107355033
22	860.8666241749299	0.5194220948420956	10.665016107355033
22	160.49963778936188	0.7675823333095433	10.665016107355033
22	931.796741892001	0.9156928343581434	10.665016107355033
22	477.02886197396487	1.001373811009689	10.665016107355033
22	884.9297315548469	1.204720836877423	10.665016107355033

23	535.7340842112853	1.0298611469856251	12.561901253962274
23	497.8120076673632	1.119678400078564	8.636335309877317
23	593.0822822822959	1.1450755784049218	18.44706959844748
23	720.0503738288846	0.834749226543094	10.6906517279403
23	573.400135835165	0.7372572834565808	11.307237275121123
23	791.0659458149709	1.669759390856848	11.307237275121123
23	501.47222098711103	0.03212975435624595	11.307237275121123
23	78.74597147126232	2.9154319838891434	11.307237275121123
23	839.4394498054932	0.609210362614194	11.307237275121123
23	817.4738082129221	0.8606457708911305	11.307237275121123
23	1020.4241415121618	1.060109405320983	11.307237275121123
23	939.2768648624657	0.6822793426111032	11.307237275121123
23	1233.4429859379406	0.6291465437933034	11.307237275121123
23	1260.126738696973	0.8366901516221921	11.307237275121123
23	725.2152904833015	1.5327069724991789	11.307237275121123

24	548.0747881285762	1.0533489501677578	12.6345815115583
24	502.4154345179078	1.1291448460758562	9.478862483200292
24	611.5819855762996	0.8723257746535391	18.051365181664323
24	728.4716817327516	0.5418018340219096	10.569856436027951
24	588.1582135425971	0.8120137386367619	11.510800106070576
24	234.66254971130704	-0.09684985761432634	11.510800106070576
24	1229.4671581242694	1.1648956379639088	11.510800106070576
24	1045.7416609111792	0.49007649703046974	11.510800106070576
24	914.9332640287856	1.1638638527165401	11.510800106070576
24	414.00484705760573	1.108946019489751	11.510800106070576
24	978.2724444272922	1.5933617601549408	11.510800106070576
24	571.1074134449985	0.7041191862827375	11.510800106070576
24	1023.7924008906232	1.4806177203138533	11.510800106070576
24	1105.428995097952	1.3854516360002123	11.510800106070576
24	294.53136938744194	1.1298540149154388	11.510800106070576

25	562.949797469317	1.147649345871632	12.622554994149576
25	513.4283777428353	1.2570762629125338	10.127718069552397
25	630.5480836766668	0.9139972467341945	18.207109342794062
25	740.2782255417685	0.8487359296412835	10.895020575181809
25	597.3664122729467	0.6651939931058333	11.273525800506087
25	728.7792258373773	1.2511939083017845	11.273525800506087
25	1056.3821636856985	1.2138324847470072	11.273525800506087
25	1252.3272147588755	0.6142825665115245	11.273525800506087
25	867.9979395489858	0.14168994247159186	11.273525800506087
25	1102.1093233817662	0.9786310985887589	11.273525800506087
25	1026.2054069266442	0.8908820556203856	11.273525800506087
25	377.142705778558	1.3972627328751732	11.273525800506087
25	1058.5753027797798	0.9937142357241713	11.273525800506087
25	96.79056593124746	1.7617416688733132	11.273525800506087
25	941.4615397060879	0.05509303140563852	11.273525800506087
25	919.0272560596495	0.20244976462212644	11.273525800506087
25	1029.335505063636	0.7495628019343352	11.273525800506087
25	359.704046630047	2.0280637325041937	11.273525800506087
25	505.30667878925493	1.6355266182576451	11.273525800506087

26	572.9547238832075	1.0407575651393248	12.699111535149228
26	525.5133598972878	1.2079034979962604	10.430173869324367
26	649.964312472358	0.9641736368029421	17.957369135006793
26	748.4081104231193	0.7340308542726947	10.62350423215636
26	604.3993358378596	0.6274670759344351	11.702841330869564
26	1002.283319281356	0.8100474050287013	11.702841330869564
26	862.370565802391	1.9590271629765472	11.702841330869564
26	554.5521225665725	0.3065067614718118	11.702841330869564
26	740.5977769859473	0.7613386410968679	11.702841330869564
26	497.22904822112895	1.79941968147121	11.702841330869564
26	563.8009052116092	1.4043612350675194	11.702841330869564
26	908.46784379604	1.1977220658106844	11.702841330869564
26	647.1562952967998	1.103038301524666	11.702841330869564
26	357.49583488228023	1.1831124039453955	11.702841330869564

27	587.8459001939906	1.0251582930187566	12.758583515336507
27	536.864215289437	1.2086954076926246	10.822964971984675
27	662.8932005025758	1.0191740688096778	17.955543364990373
27	760.0859790117842	0.8358927205619737	10.732498883114785
27	622.7744056844222	0.6569485678866348	11.54855282902123
27	1056.0484586613927	0.5669186232453606	11.54855282902123
27	620.722944975408	0.10443666010528571	11.54855282902123
27	923.9680503533338	0.3195992204893889	11.54855282902123
27	1281.7968747379566	0.8767915100453222	11.54855282902123
27	621.4207815957216	0.7877529533587562	11.54855282902123
27	1180.695360971192	0.9699760522903064	11.54855282902123
27	830.7176503760128	0.6543249557471175	11.54855282902123
27	787.4104581795995	0.978589125010503	11.54855282902123
27	658.0010170001586	-0.022082706307979816	11.54855282902123
27	1110.970167441511	0.5194394413221237	11.54855282902123

28	598.8645722678109	1.1286308479707605	13.035982060788301
28	548.3868806126351	1.2515313635848013	11.318765147000967
28	682.0550595352606	1.0631768328833915	17.916899178601753
28	771.4932701035507	0.6282261690736499	11.006530144803826
28	630.3594247327442	0.713680557026595	12.038156494820427
28	777.6792599904971	1.1665414524881623	12.038156494820427
28	1004.7322940482926	0.7057197571866143	12.038156494820427
28	949.3435953351008	0.039591340705017034	12.038156494820427
28	854.3593447141425	1.114589457643932	12.038156494820427
28	627.0998418160938	1.4038131077595961	12.038156494820427
28	917.9719317707371	1.3531308960560982	12.038156494820427
28	1042.9706830606976	1.0751409393656952	12.038156494820427
28	780.9594618244188	1.6294820256609888	12.038156494820427

29	616.8871665866798	1.0637055571589624	13.001549370016129
29	563.1292181958411	1.4408525311860838	11.531244026769468
29	705.9677406779175	1.0033206132151706	17.858956751480473
29	783.8128123903548	1.0450117837796338	11.378909728357957
29	644.0405485213556	0.5682575234688292	12.040685932707758
29	414.84780278564773	0.04190232749020646	12.040685932707758
29	1205.9355403713007	0.5512345606172331	12.040685932707758
29	627.2677003436515	1.02812837687463	12.040685932707758
29	710.4205985009675	0.1760695717720817	12.040685932707758
29	1195.965510981577	1.0194926623095935	12.040685932707758
29	793.5281600746704	1.0475223732134935	12.040685932707758
29	1045.4054627917067	1.3230972618186612	12.040685932707758
29	969.4371015380128	1.3436760482937906	12.040685932707758
29	381.7258476834279	1.243870030186254	12.040685932707758
29	1073.0135247982341	1.0935871649549371	12.040685932707758

30	628.1057113526285	0.8160077704006586	13.260368759247696
30	566.4264070737487	1.3212522437949386	11.815825031111972
30	719.4623632896229	1.050264377382573	17.93665760638672
30	796.152577613447	1.019638773317116	11.194822367483095
30	652.0245806410253	0.6805497759524461	12.003433558903378
30	418.9727365487931	1.2152877951835679	12.003433558903378
30	832.8459684350655	0.7916130409561365	12.003433558903378
30	879.8927737361381	-0.16825526243868086	12.003433558903378
30	679.7306008649018	1.7511103736873834	12.003433558903378
30	984.6929667166214	1.012367657052863	12.003433558903378
30	877.7220580168856	1.7916484274444293	12.003433558903378
30	124.38055168369112	-0.5650115196421495	12.003433558903378
30	1103.396351456749	1.2941138529052831	12.003433558903378

31	645.3553673912298	1.1493226117106756	13.520293960454838
31	583.7137112525972	1.3243826012899214	12.293588067248814
31	738.9129271741448	1.0439331057059829	17.765903898917053
31	803.8931508628165	0.8841292977628562	11.354182220699276
31	664.2493714457755	0.7201681932608059	12.341411015157826
31	625.6565349261584	0.9182566570852956	12.341411015157826
31	933.3160950336035	1.121258875401233	12.341411015157826
31	486.481437756744	1.6225312410586334	12.341411015157826
31	851.6147600054344	0.22386818880681586	12.341411015157826
31	748.2865106633251	0.5698038206928187	12.341411015157826
31	854.1512299522743	0.4582890559116305	12.341411015157826
31	981.309524215846	1.460216147189846	12.341411015157826
31	817.1955860315894	1.051101603498932	12.341411015157826
31	814.6112072090215	0.9950057896800036	12.341411015157826
31	1202.652345789486	1.1185613859106798	12.341411015157826

32	653.5795849465259	1.2520118215507003	13.17171575756187
32	593.1105426388028	1.2436925229900155	12.405561342318613
32	760.6419568179754	0.965519315982842	17.918789537884155
32	820.2876083836417	0.8728448336048057	11.630840686134414
32	676.3082563793238	0.7151629061659673	12.473533405674027
32	141.27645619453475	2.7938540552972433	12.473533405674027
32	802.6081388989109	1.8801479036594344	12.473533405674027
32	212.49745482987746	2.786424978230591	12.473533405674027
32	597.5061691510482	0.6967235185793557	12.473533405674027
32	620.9680228104728	0.6854769292450063	12.473533405674027
32	521.2566774626932	1.423141699984113	12.473533405674027
32	319.0834944780989	0.23701006340188616	12.473533405674027
32	656.3009880567727	0.7898834396950531	12.473533405674027
32	1011.6730617550222	1.4222372753695958	12.473533405674027
32	929.9806104939776	-0.025406851889370134	12.473533405674027

33	665.2266238245704	1.1533854280444413	13.602787466862964
33	612.6670246184451	1.1322429972898476	12.494558587816526
33	768.3084096556698	0.9120856461917843	17.82355606841984
33	833.9908703521925	0.8567494434027227	11.610579493379166
33	695.3165059757808	0.5420375870481798	12.73183106167344
33	785.9943159725345	1.3053522853180126	12.73183106167344
33	743.9604643114775	0.15502161925277586	12.73183106167344
33	730.6019775361456	0.35061719030617766	12.73183106167344
33	287.4201725628715	1.5105808510525203	12.73183106167344

34	677.7297578549851	1.211441650720502	13.261216447813004
34	619.8069168550215	1.530593555748594	12.929504522837833
34	791.657216428045	0.9730493591923052	18.134273901443525
34	835.5236668075574	0.9338048519094105	11.96212259320945
34	706.021491919403	0.5987613500960438	12.234474550544109
34	910.1667330825683	1.8286931377621307	12.234474550544109
34	125.00211815523156	2.2414912030796925	12.234474550544109
34	487.3767065542938	-0.0908385442755176	12.234474550544109
34	51.436909180106134	-1.6531488406361594	12.234474550544109
34	103.21820572051176	0.345866664935997	12.234474550544109
34	332.4575879764621	0.9530171832770464	12.234474550544109
34	848.0793376151166	0.6674142012158543	12.234474550544109
34	560.2728137274386	0.752220126489918	12.234474550544109
34	966.1797056462418	0.6351818311784172	12.234474550544109

35	690.7108754401542	1.2234334338325163	13.627455056281672
35	634.8818856787145	1.5435152249771191	13.46817860828846
35	815.9899050407494	1.027941861532105	17.920159370252
35	841.5807607822816	1.0146069620638636	11.992600011410737
35	719.2142521053464	0.6194668357710773	12.850644030061904
35	557.5431432700658	1.7922554164366973	12.850644030061904
35	406.9026589992715	2.194074783692093	12.850644030061904
35	848.2141759260841	1.0283336639737561	12.850644030061904
35	873.0329157633115	1.0970949699317878	12.850644030061904
35	1139.6897381651315	1.093483971972385	12.850644030061904
35	435.93065316731696	0.7699822968388997	12.850644030061904
35	962.9461077818783	0.36065810261517567	12.850644030061904

36	710.2995630354221	1.053979390118539	13.654336198235644
36	644.702571084985	1.5289597195316138	13.450099899644389
36	833.1045511596462	1.1148025945074294	17.83927443808118
36	866.9282378744894	0.9226016533249319	11.981617282081965
36	727.6442819305432	0.6000236726556277	12.591221560614999
36	818.1737603606396	0.34641880590128465	12.591221560614999
36	845.1831635508532	0.2074827126457915	12.591221560614999
36	379.3690033908203	0.5254337581001058	12.591221560614999
36	703.8146300070838	0.7991854281234292	12.591221560614999
36	106.62788283986946	1.6526391617352754	12.591221560614999
36	117.43719519486613	1.6440702786769745	12.591221560614999
36	376.75122810236076	-0.12249894264405202	12.591221560614999
36	353.08364141588277	1.6123563716385676	12.591221560614999

37	722.3007859188717	1.1847053538540435	13.900752458311299
37	661.6614600283199	1.422525027602325	13.749794935185008
37	851.2513677777456	0.8845971353473665	18.41033953584766
37	875.9522194645452	0.8903658844684673	12.048920803898008
37	742.7074108403641	0.6700542972040312	12.875343428543408
37	900.8269949823336	1.4189584046083084	12.875343428543408
37	622.4339091799189	1.1847264617364572	12.875343428543408
37	1171.5783745274243	0.9975991435969221	12.875343428543408
37	583.8329849048195	1.7016448585119306	12.875343428543408
37	227.96521782736065	2.2563600525891236	12.875343428543408
37	441.2467292324696	1.591411422332793	12.875343428543408
37	383.645794002731	1.9649625382479725	12.875343428543408

38	739.477075643759	1.1636595226380815	13.533195498724046
38	675.4449236373773	1.3911744678802016	13.978035108766381
38	868.9065285631862	1.15720643472285	18.15086139905136
38	885.9845024963913	0.9016414384214072	12.20453140387099
38	757.0431231958512	0.6193425319325102	13.098582665191778
38	973.443419552234	1.3237353136430479	13.098582665191778
38	1233.9445541551293	0.738242841265418	13.098582665191778
38	1023.2376289970252	0.1515443674955105	13.098582665191778
38	167.718172362494	-0.5125494183415974	13.098582665191778
38	474.5134295343978	1.3412892143757573	13.098582665191778
38	790.7594960680626	1.4152057388561594	13.098582665191778
38	810.5055513410526	1.8302065704760628	13.098582665191778
38	1003.7487160274122	1.120306840572597	13.098582665191778

39	746.9666626653863	1.0735010673085745	13.643642807962788
39	688.326743032594	1.4535152002418703	14.005107618105349
39	880.3328806325347	1.1599236173870933	18.09236875149894
39	895.0404845655733	0.8992515118451404	11.90200871050756
39	766.9689778712592	0.5148093733159302	13.01961047030008
39	1111.4293556480382	0.9657684986423718	13.01961047030008
39	832.204444408246	1.2116788410527148	13.01961047030008
39	544.0864186908577	1.0465940916347851	13.01961047030008
39	1044.5499455505822	1.7816607084875964	13.01961047030008
39	329.9367770300011	1.7600766973905704	13.01961047030008
39	1204.485454342259	0.7397226643621323	13.01961047030008
39	709.4408259912927	1.663213150922841	13.01961047030008
39	552.0469518018022	1.0953578157380015	13.01961047030008
39	1322.7831176685968	0.7612864759284494	13.01961047030008
39	825.514521546915	1.8889305932695908	13.01961047030008
39	1333.9955951778593	1.0234323511966992	13.01961047030008

40	758.2408393682628	1.0939102019705678	13.734631378325611
40	901.4525336347829	0.9786402990489761	18.112292978492075
40	913.2225863442682	0.8980558475775123	12.333728416596845
40	784.4229477936384	0.6454742288800266	13.060510897291019
40	1456.1384600340527	0.8914631338589243	13.060510897291019
40	733.8194634202063	0.34750535869378885	13.060510897291019
40	1167.8285674824879	0.9507345705829595	13.060510897291019
40	974.2767001437138	-0.014130803089713477	13.060510897291019
40	528.9767331694153	0.7602142039686223	13.060510897291019
40	774.4515024223633	1.1046660121993919	13.060510897291019

41	771.4176479412486	1.2723321678610924	14.133269485704261
41	715.7335503254142	1.554167077529203	14.26027739419533
41	920.2126076222559	1.0856172677525762	18.249885938063045
41	924.1871101314081	1.0634439194790735	12.417343379564834
41	791.7737138073812	0.48973237243404344	13.216422144038757
41	982.4070144045456	1.7327287397952071	13.216422144038757
41	930.9234247557002	0.47116874158135713	13.216422144038757
41	163.53360869080663	-2.74900613087621	13.216422144038757
41	589.2078294173106	1.7546946373835854	13.216422144038757
41	443.51536430322966	1.3126205950186642	13.216422144038757
41	836.2291047122451	1.6444308923640416	13.216422144038757
41	709.2991212858515	0.5037985448535307	13.216422144038757
41	808.8597564320925	0.3310420780260119	13.216422144038757
41	730.6679531075475	0.6386937340710742	13.216422144038757

42	791.3834868711987	1.2189813940623384	13.904455319340514
42	733.6951503924548	1.6723168083470281	14.676223583805472
42	930.8014974232891	1.010040501454606	17.889414914139373
42	940.202913501386	0.8390305680213106	12.517231644282727
42	812.0025268629059	0.35085879103012635	13.31013282913073
42	1096.5728758920122	0.9326427265093173	13.31013282913073
42	149.9656281747429	0.23866120524232057	13.31013282913073
42	449.48620603183895	0.8882990387613503	13.31013282913073
42	1041.25296837941	0.9257169741494189	13.31013282913073
42	721.6745655210904	0.3293935709085404	13.31013282913073

43	800.6944926197413	1.1784814554389509	13.847182142100765
43	742.1144050959092	1.598776738600442	14.446572271202532
43	956.9960432990114	1.1486714260269357	18.142217788338552
43	948.0369533653533	1.1179388859648243	12.608611800478881
43	822.2742702652091	0.44607745512190616	13.062784159300502
43	988.0554604463226	0.5418142347807828	13.062784159300502
43	931.9794503468376	0.0578796955542704	13.062784159300502
43	875.738386787076	0.8215697046165165	13.062784159300502
43	778.3809030437353	1.5457044951920982	13.062784159300502
43	220.62785240645235	-0.09056921376397917	13.062784159300502
43	667.3912123711551	1.9521245906329099	13.062784159300502
43	1032.108720900112	0.6878803012587849	13.062784159300502
43	406.944877701361	2.021257083897014	13.062784159300502
43	610.0737845667496	0.8626741114450165	13.062784159300502

44	816.2044585715304	1.1357692569883329	13.546984543298208
44	761.1647752386225	1.4747982473593801	14.853053533923623
44	981.3158858727237	0.9388515770390822	17.862779485593045
44	961.0699132030614	0.9633589240461734	13.013413548916168
44	839.553828605866	0.492315870427927	13.258081006705641
44	908.8313576847532	0.012071458419466177	13.258081006705641
44	630.7558156966163	2.013734954735302	13.258081006705641
44	574.1263390970679	0.6911729569297647	13.258081006705641
44	433.7637846222372	0.5276175608677154	13.258081006705641
44	939.6119245733923	0.9741950208635949	13.258081006705641
44	881.3516579178148	0.6381067003033549	13.258081006705641
44	1349.2058557525108	0.758643235972715	13.258081006705641
44	554.5243144837775	0.30005049771697645	13.258081006705641
44	940.1634604998287	1.5425307641307147	13.258081006705641

45	831.9657380752867	1.1781954749746997	13.899747051857126
45	772.4802798585679	1.6154186283908905	15.088625663769571
45	994.3219475081391	1.0454308637259144	18.277813777929275
45	980.3204489033544	0.9161064096030862	12.4691088519807
45	848.6601087249346	0.591446754761202	13.45469309684573
45	214.45708618896597	2.8897255073777317	13.45469309684573
45	810.8190983456489	-0.11474189935807916	13.45469309684573
45	641.0426155122481	0.06643788275417821	13.45469309684573
45	672.4852956341349	1.6600038160010868	13.45469309684573
45	879.3837094936408	1.203810011902046	13.45469309684573
45	747.8317797799418	1.3438755546950183	13.45469309684573
45	114.72693067246091	2.8277277354878767	13.45469309684573
45	104.18521803910107	2.122376284505555	13.45469309684573
45	682.5760142699831	0.5184878786151165	13.45469309684573

46	841.2584048264471	1.2623238875644258	14.02583930010363
46	787.7387984788302	1.558166720398677	15.058603207406026
46	1010.8493136215486	1.1203517905050933	18.25962394539349
46	991.0650587335242	0.8327558601681483	12.504961103314681
46	865.2455158218459	0.6532311213213606	13.377652803803667
46	1007.8311809168703	1.3959849705376657	13.377652803803667
46	784.707336045849	-0.06398516417820156	13.377652803803667
46	197.63884633879198	3.010962634720655	13.377652803803667
46	1085.0085995004479	0.6778561159309591	13.377652803803667
46	487.63292955119283	1.382332206088698	13.377652803803667
46	1185.0571875053568	0.7144456048563695	13.377652803803667
46	491.608346712729	0.69831893327813	13.377652803803667
46	613.1043944631846	0.6550149574102034	13.377652803803667
46	284.9355153194149	1.412814637328724	13.377652803803667

47	860.9320799075272	1.1476800658277524	13.702640056909026
47	801.2146496199138	1.5741551787854096	15.204859619115043
47	1025.6966825487198	0.9093530883083598	18.294527792068767
47	1004.7952168864291	1.096652480868759	12.88435457921953
47	873.8573701965964	0.49453676022157667	13.304869560591818
47	1079.1902625246223	1.325671279228556	13.304869560591818
47	940.4738999122192	1.6107101137629543	13.304869560591818
47	1068.8853080720703	1.1238280806488787	13.304869560591818
47	1074.3093699666306	1.477991817272615	13.304869560591818
47	947.1231818300723	1.099013539838649	13.304869560591818
47	279.3150454716898	0.0867553638257566	13.304869560591818
47	792.2527153997854	0.5464313576952733	13.304869560591818
47	1026.6011649730185	1.4888279208110973	13.304869560591818
47	834.3166745051359	-0.15213019383198856	13.304869560591818
47	431.783040559184	1.442300144919862	13.304869560591818
47	623.3981748879767	0.2298765890755435	13.304869560591818
47	148.59801971131597	0.7008160829903609	13.304869560591818
47	1228.1843001834404	1.053074576344244	13.304869560591818
47	1320.5625897186267	0.6463512774796054	13.304869560591818

48	870.8442430753998	1.3158751572627487	13.925731644956512
48	820.0181641612916	1.595049261252274	15.304611249137633
48	1048.7337601798038	0.8196352361523132	18.059712247426123
48	1014.4094148528579	1.1508778766620362	12.756866090025149
48	893.4076365330139	0.537900018851302	13.185900453555172
48	437.7571179829136	1.0273190572372175	13.185900453555172
48	711.8521073542511	0.9099467847335285	13.185900453555172
48	874.0134389543392	1.2300383185985366	13.185900453555172
48	1025.8753750473	0.6461486719965934	13.185900453555172
48	64.99899605794455	1.8349747313355604	13.185900453555172
48	868.972532573028	1.1770555585280158	13.185900453555172
48	761.6204443415955	0.7788744495926567	13.185900453555172
48	101.2448303742986	-2.8909209160155718	13.185900453555172
48	817.9011934757026	0.8673436980982883	13.185900453555172
48	1138.2240582318732	0.746415219731058	13.185900453555172
48	700.5543918343177	0.6664558399206564	13.185900453555172
48	986.8922405495709	-0.07400488244149106	13.185900453555172
48	1279.2494523794414	0.7072447698680492	13.185900453555172

49	886.2732950679449	1.1606767830202684	14.41759388777248
49	837.1955142442849	1.6115491610163648	15.218104252378627
49	1062.8231645961203	0.9451676969771925	17.60058196712773
49	1028.3529829458969	1.0404785055853936	12.944099278364062
49	905.6713150811596	0.3762229442471431	13.337459156998783
49	541.5148809321502	0.3195804540230187	13.337459156998783
49	792.0983954870211	0.5134087653277084	13.337459156998783
49	739.1383256067413	0.867250633703096	13.337459156998783
49	683.7909841538291	0.6430257739012221	13.337459156998783
49	1029.8260914951925	0.6861296539624273	13.337459156998783
49	562.0619390440986	0.4136060032282944	13.337459156998783
49	1004.433834873166	0.27994768377009244	13.337459156998783
49	711.070560909689	0.5503108992806807	13.337459156998783
49	476.4775459375889	0.8199561272853458	13.337459156998783
49	909.901677815426	1.9051844504216557	13.337459156998783
49	639.6645089431088	1.2796117095932553	13.337459156998783
49	1257.558745479034	0.6360966902781074	13.337459156998783

