scan	range	bearing	velocity
0	318.23791362107386	0.4844111963596981	4.594463658069424
0	459.6052293011869	0.1701246870193444	-6.339038395722662
0	185.21713840481726	0.9023525519114323	18.356534824568044
0	540.8700276325923	0.4907016279725467	4.123064971268348
0	395.1510574257667	1.2954645997099985	3.25433497010138
0	245.72404037268953	2.637325922856593	3.25433497010138
0	849.2855366720116	0.9705189704226643	3.25433497010138
0	413.76017752563	1.271011874992308	3.25433497010138
0	1109.9131336470953	1.7257738547078325	3.25433497010138
0	1069.0607342843489	1.0575738646369195	3.25433497010138
0	841.5062015464149	0.8051225347512493	3.25433497010138
0	1439.4462658577957	0.8342286231027894	3.25433497010138
0	632.4144233087349	1.4839026057381937	3.25433497010138
0	184.87559465954854	1.2406428877767546	3.25433497010138
0	634.1455053646808	1.871301089951647	3.25433497010138
0	219.4174430544896	1.3508984396207355	3.25433497010138
0	527.5389796410869	0.8159906999958315	3.25433497010138
0	856.300272010185	0.681563262118737	3.25433497010138

1	317.6437146102454	0.25438298259676123	5.449652896876897
1	455.9059226036185	0.29925550271646884	-5.493957586990305
1	194.01481115224664	0.9495252849563341	17.771201800458588
1	543.8776865503974	0.291351644282903	5.132418277103371
1	402.21233654980114	1.3371419497358439	3.690951095309434
1	772.5336468658401	1.7411744375843288	3.690951095309434
1	789.5545710096276	1.2970024888115066	3.690951095309434
1	1012.0507726657544	1.8141169617258512	3.690951095309434
1	62.51965402498666	2.5715932151505805	3.690951095309434
1	174.28417716283758	0.22360303261083317	3.690951095309434

2	326.72254068342295	0.49556736884469466	5.7076257001252895
2	450.9899785106136	0.3533538138865594	-5.146623471060832
2	216.5462581374305	1.0141597820509498	17.80716450591962
2	549.0769425541837	0.2627560888767496	4.660616491975409
2	404.4407547145393	1.3888402077398574	4.25049127329355
2	135.93503218099897	-2.4884229824246575	4.25049127329355
2	939.3409261200852	0.8493639421756907	4.25049127329355
2	146.83183661875347	-0.27127805899961727	4.25049127329355
2	135.8968826250624	2.7030420820622156	4.25049127329355
2	1290.9152558178494	0.6404392095738186	4.25049127329355
2	1110.2080451413153	0.8624299766098382	4.25049127329355
2	771.2497451120333	-0.11526969334662988	4.25049127329355
2	278.8484503120421	1.5591441329214237	4.25049127329355

3	334.3827310218472	0.5220970914675043	6.571833746269026
3	436.41636460194053	0.44850578103941197	-4.449998627763432
3	236.70532939156308	1.1587264303958018	17.997727510259182
3	561.7246451076576	0.28431176456062823	5.388161386989585
3	410.32546545746686	1.298857124096358	4.672418841714756
3	951.8763565516147	0.21089081578180524	4.672418841714756
3	1317.3910354007805	0.7522097445655869	4.672418841714756
3	1013.560210742599	-0.26299030066051365	4.672418841714756
3	741.2988360647367	0.26554370784052644	4.672418841714756
3	708.2087879261966	1.21465320750353	4.672418841714756
3	981.5473871069456	0.22167685210683252	4.672418841714756
3	157.68225867445983	-3.0613652373119153	4.672418841714756
3	97.51548789648174	3.175436601682278	4.672418841714756
3	36.58267768449011	-0.467297974230097	4.672418841714756
3	808.9227571364534	1.4261854941866425	4.672418841714756

4	342.7400923970989	0.41823400134080835	7.0776128672021645
4	443.17519109733604	0.4606728254676489	-4.01742164242032
4	257.93726938636394	0.9546304855883531	18.150814343392515
4	556.8416687630341	0.44902318439019806	5.491678413682247
4	411.2797727583875	1.3679661489763284	5.000085285971667
4	1190.5773633767692	0.429805586369959	5.000085285971667
4	1059.5923657339295	0.5737199960217739	5.000085285971667
4	1050.400112453404	1.0046368883614318	5.000085285971667
4	617.8686371427481	0.14580453687753775	5.000085285971667
4	31.261507321540225	2.188932195660017	5.000085285971667
4	496.1442874863637	0.3433976197063231	5.000085285971667
4	318.1312018425996	0.8998437915274295	5.000085285971667
4	731.922700282418	0.5883428797501915	5.000085285971667
4	965.9802843040802	0.3281016618935614	5.000085285971667
4	429.8480971712074	1.009084412264401	5.000085285971667
4	837.0085460575666	1.3154904003373296	5.000085285971667

5	346.2315743552084	0.5172104260757373	7.41340767663068
5	439.1785002079278	0.44923910831063846	-3.003109091873947
5	274.90202932555815	1.1104256242087764	18.285911821853812
5	569.4360318230999	0.3361381213929012	6.443441196803151
5	417.0559927313856	0.9858390869416721	5.822897174189329
5	608.371408900128	1.947704269218944	5.822897174189329
5	385.19986314231875	0.6840348875674696	5.822897174189329
5	442.5642645515634	1.071574573232497	5.822897174189329
5	4.248517050478144	2.143470252130255	5.822897174189329
5	773.2297904035813	0.9800212539511378	5.822897174189329
5	977.1566448873984	0.08157775282539301	5.822897174189329
5	529.0409557627682	0.9942335729619783	5.822897174189329
5	232.55348563307336	0.5282453379319818	5.822897174189329
5	1364.1606678163778	0.7059701185723095	5.822897174189329
5	918.6561854551336	1.6683137553067104	5.822897174189329
5	838.6200648900634	0.9315112536493778	5.822897174189329
5	777.2924812230376	1.3972848986247282	5.822897174189329
5	666.1248045968357	0.6257616654836896	5.822897174189329
5	621.7296723153321	0.8721991142182292	5.822897174189329
5	858.8698119713945	0.07073161831880309	5.822897174189329

6	359.55006071434576	0.5619319518252992	7.868743969891313
6	437.18814614865335	0.49729703027954447	-2.4493997340286726
6	286.28374990831134	0.9591317288657742	18.25371206480621
6	573.8659111601763	0.4691566265247471	6.096965743708114
6	419.9637001156039	1.2144403268951922	6.257051519500963
6	946.8732803322835	-0.05103813582483051	6.257051519500963
6	950.5339446754651	1.714571791836025	6.257051519500963
6	1234.3286497241224	0.9632969906199	6.257051519500963
6	994.654787882881	0.7624078024777882	6.257051519500963
6	913.7201711534739	1.4421109825952703	6.257051519500963
6	497.5016262136214	0.9613091198345329	6.257051519500963
6	388.1126327009506	1.6192645727137294	6.257051519500963
6	755.070797970573	1.6475162035725441	6.257051519500963
6	227.25937637526465	0.6600921017350766	6.257051519500963
6	376.1022727767408	0.11449969753324761	6.257051519500963
6	792.1485417265549	1.8561179091625037	6.257051519500963
6	899.8440663733458	1.2217782786995144	6.257051519500963
6	714.6064669796743	0.010196045652926505	6.257051519500963
6	137.86394442436105	2.289932052234437	6.257051519500963
6	479.8880522854145	1.7318958890127931	6.257051519500963

7	362.1615245541021	0.6518280828670469	8.484215101805828
7	430.29510069082534	0.5808909118078329	-1.554496849837315
7	302.1733434351921	0.8269948405147279	18.077415529556703
7	576.2888583855794	0.38589709977810965	6.534379998586426
7	429.97006485654606	1.2586039656427956	6.5380307214847795
7	914.341884691906	-0.02227516150691085	6.5380307214847795
7	963.2066894617266	0.04460316829041986	6.5380307214847795
7	963.6407860451261	0.7915257085523599	6.5380307214847795
7	330.7446295791294	1.0215085189519157	6.5380307214847795
7	558.195112042679	-0.17005418612775822	6.5380307214847795

8	366.1499754494451	0.557034020524034	8.874210721758098
8	427.230618219152	0.3903077930574713	-1.1789486534646687
8	586.6745027918417	0.5043717087441003	7.024633224724201
8	432.8345761979994	1.1871365287724152	6.844281328969346
8	991.7884265867734	0.7083518329144276	6.844281328969346
8	508.87404607219634	1.3743586737530846	6.844281328969346
8	520.2491013464689	0.6843247885251953	6.844281328969346
8	730.9743095182799	0.3678576492462219	6.844281328969346
8	739.6072139042656	-0.14337900105909424	6.844281328969346
8	1205.472235066263	0.8367077185171192	6.844281328969346
8	498.72800688770866	0.7028150660628631	6.844281328969346
8	852.1294035386888	0.4735791542047687	6.844281328969346

9	373.4530104744917	0.5612467188265204	9.516045719623724
9	426.96033275793434	0.5589145804111988	-0.05401698456084118
9	343.028516032762	0.9353520131443885	17.95364328477015
9	594.7032597587488	0.41005722556325597	7.173252186638599
9	444.36145068221975	1.0809608301985845	7.462574669993478
9	838.8034833138881	0.8947767560297694	7.462574669993478
9	1016.8040346142462	0.18702216300837815	7.462574669993478
9	708.4179909697857	1.8605574062600017	7.462574669993478
9	303.2252641248279	1.5170807831195483	7.462574669993478
9	891.4098782140211	0.1958761779956154	7.462574669993478
9	797.5136330859607	1.1153351302746306	7.462574669993478
9	500.1155307565601	0.8239775185563182	7.462574669993478
9	481.284895073726	1.5170061066298166	7.462574669993478

10	394.86635563267834	0.7124445592669593	9.580627191860009
10	423.04062676357756	0.4634312139399912	0.4799690132745261
10	361.6691430525367	0.9732848308831772	18.006228169603585
10	602.8569083018533	0.4388277840191503	7.320723602536692
10	454.9627521682156	1.0265449185812683	7.8087408958903515
10	1208.5604637255271	0.705518429423026	7.8087408958903515
10	707.9949555869623	1.6792569768130348	7.8087408958903515
10	1320.6285532096576	0.8780069281517654	7.8087408958903515
10	682.787584769941	1.7218218164383048	7.8087408958903515
10	980.6759381659805	1.2046689648982358	7.8087408958903515
10	1112.608315750375	1.0267715969971136	7.8087408958903515
10	968.6700596331087	1.2469965137369066	7.8087408958903515
10	506.03024612706696	0.39968905497003204	7.8087408958903515

11	404.0928396033899	0.8412897682139413	9.852164783540521
11	429.61102177620734	0.6038473715061735	1.3289632263569315
11	380.72111873728295	1.037452195386077	18.158015679219247
11	608.1350982052517	0.5316358799916455	8.024178412103987
11	456.72375188576996	1.2370117550758926	7.776865446750614
11	820.3568390297492	0.7379700118777768	7.776865446750614
11	572.1956357911266	1.1553794978886849	7.776865446750614
11	812.0517058075831	-0.13944118045272652	7.776865446750614
11	347.21543351745106	1.3218910313746557	7.776865446750614
11	797.1277509232209	0.0291079015709584	7.776865446750614
11	170.19422293912055	-0.4326690421185372	7.776865446750614
11	1391.6580483020455	0.843775438493397	7.776865446750614
11	758.2709998447417	1.093795208588471	7.776865446750614
11	950.7116034077777	1.6808532099012958	7.776865446750614
11	864.9905488027431	1.415711894847653	7.776865446750614
11	481.4732984886767	1.245144022506472	7.776865446750614
11	960.1618419685649	1.4200167214214434	7.776865446750614

12	410.7795630738829	0.8272754767118947	10.237672283170301
12	434.7092964112281	0.7160954055074049	2.13049600344816
12	396.54843489208895	1.0430875164178257	17.92572765590057
12	614.7685704141599	0.6398411477314985	7.866507302481035
12	466.8711569636543	1.074080702242163	8.46372879077497
12	281.28271797496325	0.07403949156493721	8.46372879077497
12	871.3397642636791	0.5008765311070364	8.46372879077497
12	842.8015218659476	1.131693212611597	8.46372879077497
12	1357.039770810925	0.6570168759800322	8.46372879077497
12	805.3108218183942	1.65397644970442	8.46372879077497
12	912.7911153088492	1.3503951314071456	8.46372879077497
12	791.8952915402922	1.668169348554651	8.46372879077497
12	500.5631981447149	0.9840890857325638	8.46372879077497
12	752.1498441580189	0.9955478264079968	8.46372879077497
12	1047.647017865793	1.6263195007107965	8.46372879077497
12	786.8637484919473	1.7459057698360467	8.46372879077497

13	422.22301523865406	0.7501482406672807	10.615162383118678
13	438.6206241733965	0.7671168471158882	2.9303488928283836
13	412.208934892856	1.0713442627342045	18.15897822705789
13	623.4162014435182	0.6582568979898377	8.431790479986223
13	480.2344804058403	0.9709638131943145	8.661312480018099
13	865.241031335858	0.31339754011854937	8.661312480018099
13	783.9677615864746	0.031757548106528435	8.661312480018099
13	569.0003326304395	0.8259133656298213	8.661312480018099
13	835.8267530916548	1.3746781424288887	8.661312480018099
13	953.7859034373398	0.7014497853903818	8.661312480018099
13	1135.2459637103186	1.2186014612619502	8.661312480018099
13	756.3442608648857	0.513314072133108	8.661312480018099
13	772.2610226781056	-0.11773399665827297	8.661312480018099
13	1056.8950220456095	1.2408243667660843	8.661312480018099

14	431.6444852197954	0.8197023185469293	10.633844934624873
14	442.7459842987917	0.7596741742482973	3.5520641910482853
14	433.4175629953299	0.952399863828796	17.819470267479158
14	486.6712778713122	0.9170233389564043	8.886424766631727
14	754.0813487977248	0.8283557277584345	8.886424766631727
14	1167.9801276551673	0.8931258002197602	8.886424766631727
14	460.97401543234093	0.6457842911699212	8.886424766631727
14	812.3605278791717	1.3111304719769978	8.886424766631727
14	95.36855610449179	0.5495417881803606	8.886424766631727
14	47.50028152166402	-2.61886804872174	8.886424766631727
14	915.249212552576	0.7274238537757485	8.886424766631727
14	1031.6892081865483	0.3666495771326918	8.886424766631727
14	178.56601729668472	1.154168741433694	8.886424766631727
14	1363.442658622137	0.7453000386556428	8.886424766631727

15	439.8762385480523	0.719132206783299	10.951135759448718
15	442.905378410088	0.917766698886222	4.0521170566408635
15	444.6640336943665	0.949185577552301	17.704681895541295
15	642.5393646218581	0.6876417482520616	8.771144047372706
15	496.8429914273875	0.9133633937778838	9.138633705127898
15	342.8048543466187	0.09134473387758477	9.138633705127898
15	188.8894778222401	2.5385639526761383	9.138633705127898
15	185.20534047912227	-2.7473892324055456	9.138633705127898
15	936.241878592467	1.1973101219865705	9.138633705127898
15	409.5848815539338	1.81495533293804	9.138633705127898
15	892.2935577514236	0.21015929074522754	9.138633705127898
15	1039.8163499954203	0.20732096640126133	9.138633705127898
15	368.0089784465435	0.688378830612191	9.138633705127898
15	229.25986774347342	1.2801185850464778	9.138633705127898

16	453.088999144443	0.8587621374803124	11.549888765220933
16	443.92779759581737	0.7654357556301518	4.914220312501593
16	466.0464282749414	0.8963504830482263	18.22500227378339
16	647.5383398893686	0.7550870138266274	9.401643300271042
16	507.2112236197108	1.0738940254525031	9.788804902010913
16	473.87801653421786	1.8521227290195272	9.788804902010913
16	582.409036407834	0.04143637736390899	9.788804902010913
16	646.3821543159517	0.3688162705652893	9.788804902010913
16	226.45745847388176	-2.768923098296425	9.788804902010913
16	843.6324560533027	1.428360876122902	9.788804902010913
16	465.88196730113805	2.105444367962526	9.788804902010913
16	1019.1236792000656	0.5301113058823148	9.788804902010913
16	900.5565536296141	1.7240864836907555	9.788804902010913
16	1108.0222866127258	1.217703820716609	9.788804902010913
16	1042.599800739652	1.226252774128588	9.788804902010913
16	744.0148417992687	1.642145842979166	9.788804902010913
16	804.8566836377497	0.7790357100575918	9.788804902010913
16	560.7880055412865	1.6734226434620645	9.788804902010913
16	792.7278573890967	-0.06426925137784441	9.788804902010913

17	464.89691585469586	1.017995464443022	11.364031154320479
17	444.9605067526609	1.1010621116540542	5.43982008704314
17	483.12838716725	0.915632143298567	18.0798843535414
17	659.3560851077572	0.6544557132327276	9.187750844185693
17	512.2389897024347	0.8925564181937493	9.426206651131151
17	114.66091774667169	2.090825829460583	9.426206651131151
17	817.9416833448553	1.4414359550518305	9.426206651131151
17	1309.2737861179905	0.9971878805445671	9.426206651131151
17	297.29074937221355	0.4806435389845584	9.426206651131151
17	123.5357554891868	-2.3038103642543284	9.426206651131151
17	1034.8083845900564	1.2377315389649628	9.426206651131151
17	784.241996800448	0.9073230665641085	9.426206651131151
17	997.648556872719	1.4919577759252227	9.426206651131151
17	1088.8011826731745	1.007274384213038	9.426206651131151
17	730.8714144897832	0.8852171025715356	9.426206651131151

18	473.3283169649766	0.8767001027693665	11.76132370055715
18	460.73816675225623	0.9967702711510361	6.163876436910519
18	503.8380323162017	0.9133326974557145	17.727396834146067
18	668.1121743699234	0.660786150366905	9.346643621732428
18	523.6779516666963	0.7882065932358499	10.117615828438192
18	963.4201658682398	1.5011277734638102	10.117615828438192
18	922.9702195402832	1.0557661807716328	10.117615828438192
18	331.1407513436996	1.85079680604007	10.117615828438192
18	444.5068932033078	0.4854546171304049	10.117615828438192
18	885.3828343249551	0.6006664288941588	10.117615828438192

19	488.8595743344416	1.048461032672631	12.144970540399472
19	468.06719169561325	1.0142411440714143	7.01156769958379
19	529.3060368179968	1.116808493734786	18.55287963144354
19	680.0943810141006	0.8099293423540751	9.59502784602444
19	529.5737410396935	0.8472933489141963	10.301119049916975
19	293.4317528109591	0.919637769110629	10.301119049916975
19	1095.0150960718388	0.7206322133326865	10.301119049916975
19	989.477858069089	0.3438753150496189	10.301119049916975
19	377.083627439372	0.5931016051823071	10.301119049916975
19	630.137564181429	0.21595827093283504	10.301119049916975

20	498.02090792732076	1.0251317234400523	12.026481438850409
20	474.36500539678644	1.0479091547648018	7.440326330858175
20	687.655338933737	0.6289633819904339	10.08361128612834
20	545.6999863265746	0.77339996577567	10.459675504255507
20	788.6484163699253	0.31463968618126725	10.459675504255507
20	594.8159932840325	1.7218572371152085	10.459675504255507
20	1159.0570944420292	1.0907857932967002	10.459675504255507
20	501.5405063006768	0.8273406943810656	10.459675504255507
20	1169.899096464119	0.4802795949737555	10.459675504255507
20	829.7375604864255	1.5553616469456173	10.459675504255507
20	1001.371703921307	-0.002250161526260952	10.459675504255507
20	906.1675984534936	0.1790385587526337	10.459675504255507
20	931.235515915792	1.5101357503803823	10.459675504255507

21	514.3222146125863	1.079639133970473	12.261757281082888
21	481.71069924349376	1.1314246399297525	7.655215904799723
21	558.6733438729296	0.9908973862258937	18.035870550793074
21	702.7966394196516	0.7559518312523396	10.138382360826752
21	552.7819423781532	0.7103593406031254	10.957002837990677
21	451.47527998078664	1.771784376760665	10.957002837990677
21	706.144641781912	1.6618524127126384	10.957002837990677
21	659.0993918529215	1.193519864278544	10.957002837990677
21	719.2991422179824	1.8148338753097488	10.957002837990677
21	866.2828401746239	0.7352722829914801	10.957002837990677

22	487.4143083423957	1.028055989885035	8.304234239356834
22	574.5964160834357	1.0026772004417235	18.425587553289027
22	712.1794522681016	0.7438302603389012	10.28555733899889
22	560.484951504248	0.9151463604805039	11.082988063841638
22	580.903918358493	-0.009195255563754529	11.082988063841638
22	780.5145585209364	0.9054462649475814	11.082988063841638
22	794.4831496180299	1.5946825280260386	11.082988063841638
22	830.9885894518989	0.7850969600389731	11.082988063841638
22	1281.3549900677378	0.920196347811737	11.082988063841638
22	994.627233315557	0.8442503773509149	11.082988063841638
22	1172.3808160577908	0.909059135281945	11.082988063841638

23	497.6954000414149	1.283180985745989	9.215153265292576
23	590.7498490935169	0.957234416169496	17.733020912034604
23	716.8020252540448	0.693036413978532	10.279478194998799
23	577.7585910415872	0.7873757409631529	11.1789129503205
23	655.3885263017604	1.7015674086453627	11.1789129503205
23	756.2979893311172	1.1469147518433342	11.1789129503205
23	597.5309515219686	-0.04109400273448614	11.1789129503205
23	862.2012913576026	0.5702710245988027	11.1789129503205
23	226.75255268649698	0.05179412281765423	11.1789129503205
23	311.3551879821209	1.3779744563684102	11.1789129503205
23	524.8831643343556	1.5080364938279975	11.1789129503205
23	723.3022243992472	1.4295117993961168	11.1789129503205

24	553.3399947212646	0.9438092625847603	12.617473089236583
24	500.01646674784996	1.057821490078445	9.053091215522626
24	611.9049524422684	1.1675899643273744	18.304603431248427
24	586.739016272879	0.6492051210727857	11.125088738499928
24	72.90751525757581	0.4820147524716345	11.125088738499928
24	967.8141157977958	1.3909333915324165	11.125088738499928
24	535.574643416798	0.3696514131357017	11.125088738499928
24	709.9963646881083	0.34400122550454043	11.125088738499928
24	1234.75808518544	0.7348379925196196	11.125088738499928
24	705.3163258947675	0.513446703375274	11.125088738499928
24	1004.72326402741	0.6533381358062174	11.125088738499928
24	1087.7326614437688	0.4262994735340337	11.125088738499928
24	192.45743591900018	-3.031778756975233	11.125088738499928
24	368.881622209153	0.14079913582507822	11.125088738499928
24	891.5851180815481	0.933208277137044	11.125088738499928
24	948.5686893771149	0.26569471955747753	11.125088738499928
24	434.3135444567246	1.1830979336813707	11.125088738499928

25	566.3798753851926	0.9985356738855853	12.521970773630674
25	511.212299800696	1.151715926273941	10.177919503483116
25	634.2467222432007	0.922503186229944	18.08220048296395
25	742.4739751484518	0.6876531812690776	10.528326077357198
25	597.1229840554247	0.5168155784991871	11.603422358110787
25	752.5012049737524	1.0204656856135177	11.603422358110787
25	716.9831457107606	0.2341849455215185	11.603422358110787
25	962.5263105765549	1.8213390626976618	11.603422358110787
25	464.48480499988193	1.2805508624399733	11.603422358110787
25	877.4994355081716	0.35962834964144497	11.603422358110787
25	389.2500509707013	0.4421476614952352	11.603422358110787
25	809.8037518098604	0.7407715343451786	11.603422358110787
25	849.7918600419401	1.569188595179223	11.603422358110787
25	436.8742460724915	1.358636845364125	11.603422358110787
25	549.4842130438293	1.0541475330516172	11.603422358110787
25	502.0012318038035	1.547935904033602	11.603422358110787

26	572.2323616431727	1.020347035298209	12.797588096096657
26	523.7496424937852	1.2957923217437912	10.66484573180101
26	647.3124066098604	0.8706473560767367	17.774427272222873
26	753.31168734136	0.743170903074554	10.72353656606658
26	605.6441596348997	0.514497020802636	11.592497811553232
26	441.68873958856034	1.8279663214534017	11.592497811553232
26	494.2016104816058	1.6715453476928783	11.592497811553232
26	3.49863448212795	-0.8076469668351448	11.592497811553232
26	951.0800781442883	0.8231219754262384	11.592497811553232
26	1000.7987837283906	0.4224948936369588	11.592497811553232
26	830.3156135269743	0.7583707588306695	11.592497811553232
26	836.41776436932	0.03722561091978491	11.592497811553232
26	200.37526536381299	2.532398969362676	11.592497811553232
26	606.0006413467298	1.236587060710355	11.592497811553232
26	678.5030883401943	0.06247335245519249	11.592497811553232

27	586.8582745073182	1.0144017467365578	12.914371550007314
27	533.1850810597641	1.2901690824732364	10.73439857553059
27	671.3775060941274	1.0331890165081061	18.138546808646126
27	760.0391725942391	0.7473878870788839	11.124960638380394
27	619.7974973560882	0.5196255187634823	11.413444195284423
27	827.8606424180032	1.2467325227836823	11.413444195284423
27	834.2774936573469	1.5182879636911655	11.413444195284423
27	158.9049618984712	0.02435247892117788	11.413444195284423
27	456.3864724405438	0.7723133952374617	11.413444195284423
27	697.8629115345656	1.633451562434602	11.413444195284423
27	1305.5938684611758	0.8064814534632451	11.413444195284423
27	501.6592281123882	1.7121372490356102	11.413444195284423
27	885.832395945371	1.2826477415759057	11.413444195284423
27	797.2023290950078	0.2634791015683581	11.413444195284423

28	597.7636952671021	0.9851358549112287	12.524264349841767
28	551.4669605289748	1.2775585483823662	11.004606544967798
28	682.984830299241	0.9004073613506061	17.877634811530015
28	772.1685096731969	0.8492649051347607	11.022053250299905
28	630.8043517383293	0.6543642160810157	12.181496588209402
28	1143.5806431108467	0.6463536401332084	12.181496588209402
28	1186.4331291619446	1.1355217557234618	12.181496588209402
28	998.6536452341767	1.070673021545969	12.181496588209402
28	1003.7153177109187	0.31828746560924037	12.181496588209402
28	1061.1991431860702	1.7632500926454446	12.181496588209402
28	819.5607955912734	1.3774701646718825	12.181496588209402
28	715.4655538582133	0.21535514550539603	12.181496588209402
28	984.5607487402976	0.9208817258554773	12.181496588209402
28	890.1361628141234	0.5501697311252087	12.181496588209402

29	609.9335254850308	1.099742176461836	12.950313713750802
29	554.5242339816821	1.3623672561787448	11.717764952428642
29	702.8795180845431	1.0607125432334634	18.15683401690731
29	780.1209770954421	0.7111799083052365	11.309972866067373
29	642.3027099899123	0.6745111967284692	11.96049030741944
29	94.0896338605129	1.7937193920338586	11.96049030741944
29	1253.4082248029629	0.7158743138193129	11.96049030741944
29	1106.8933257571985	0.7949010422267376	11.96049030741944
29	756.3429649550732	1.4097661685553908	11.96049030741944
29	595.6155335427537	0.11050234015494884	11.96049030741944
29	485.91207567801985	1.6322673532191336	11.96049030741944
29	232.84387123439382	-2.821252045518511	11.96049030741944
29	840.7530306367753	0.7832810625491319	11.96049030741944
29	668.5824357705807	1.1743513101992809	11.96049030741944
29	803.5331403240648	0.14803665149878587	11.96049030741944
29	880.9108721308963	-0.004284936820990494	11.96049030741944
29	549.4859297128327	0.7116618969911195	11.96049030741944
29	398.44321859267086	2.2944113430146493	11.96049030741944
29	83.96304289471331	0.6642895278213411	11.96049030741944
29	279.04207972536454	1.0120994788182067	11.96049030741944

30	629.0709034274685	1.1833306858247175	12.960138659938222
30	571.7287752085191	1.2721900088621478	11.429610930217411
30	720.4397272673401	0.9910374314370194	18.032693362711903
30	792.1215545883603	0.9566477212951663	10.947228163317025
30	656.6586787259685	0.5547214580550195	12.250048448034113
30	745.1467462694292	1.3649142031828045	12.250048448034113
30	961.6662403558336	1.440224742481092	12.250048448034113
30	834.3057957710907	1.1627078959230424	12.250048448034113

31	580.4294682206047	1.2202835738559505	12.237619703062322
31	740.8482729635481	1.1335072303799683	18.11574308854748
31	802.2460448187653	0.850797639142295	11.395163807024973
31	665.9867683810933	0.691833289144394	12.540826068388226
31	431.27875060783276	1.8169442865755416	12.540826068388226
31	663.3331952247845	0.2335256478734829	12.540826068388226
31	985.9541524600722	0.36597807545962674	12.540826068388226
31	581.5159611259243	1.494154214215934	12.540826068388226
31	1045.719815934336	0.5098584363084157	12.540826068388226
31	649.8795124771945	0.40308644111105896	12.540826068388226
31	533.6046776608194	0.7651091110239855	12.540826068388226
31	987.0004951235074	1.6931872138087745	12.540826068388226
31	896.8580461262027	1.6993884589399677	12.540826068388226
31	942.096120314385	1.5056877260184727	12.540826068388226
31	441.2792540286193	0.3341083592559486	12.540826068388226
31	589.5302496329253	0.5664030773372777	12.540826068388226
31	684.7433505676769	0.6532868009152364	12.540826068388226
31	872.5265786087689	1.5922801479125719	12.540826068388226
31	307.4007148001557	1.4619493624444182	12.540826068388226

32	658.1310112202112	1.1650029771514876	13.314335216184544
32	594.3707901381107	1.5002695857760242	12.496374686787323
32	752.9364493099288	1.0922735089988551	17.963524757221194
32	818.0874131523502	0.775648101376387	11.732736414610985
32	681.0930444660324	0.5704729237556219	12.172470528628107
32	571.53805837045	-0.025202884155701794	12.172470528628107
32	958.4862678513736	0.1260584511083595	12.172470528628107
32	1011.2432544493008	1.724376688052062	12.172470528628107
32	611.3824913539192	1.3624605354048485	12.172470528628107
32	1039.2534091676846	0.44679979244571033	12.172470528628107
32	739.1929714681467	1.2025371098954825	12.172470528628107

33	667.2253440224853	1.0766766499713822	13.564833171520807
33	782.0364284774998	0.9842175321138156	18.10952264533375
33	826.6170146252955	1.0248315574296776	12.161077933898193
33	692.3791570363658	0.44332149696662315	12.426989712745446
33	927.1684307386538	1.2060667731322372	12.426989712745446
33	523.6285314394064	0.7076312389233745	12.426989712745446
33	231.88544668448853	0.6384977315722791	12.426989712745446
33	983.6745797466431	0.9818088738500448	12.426989712745446
33	1188.255341521498	1.1578363284522055	12.426989712745446
33	231.5510182257366	-0.3061732327793498	12.426989712745446
33	1273.2438041802889	0.7206182418212533	12.426989712745446
33	918.4743418570747	0.4708946474587393	12.426989712745446

34	621.2145855604259	1.3764842822783838	13.038200190829993
34	792.1110680201547	0.8828891906617123	18.16695644540097
34	705.3981395336862	0.5631068340682619	12.388985470829114
34	385.74278632841447	1.9643207475682636	12.388985470829114
34	100.68149285197455	2.082205911012188	12.388985470829114
34	763.3200729961544	1.6222730551224662	12.388985470829114
34	690.2227608477613	0.9935075365728268	12.388985470829114
34	642.1611226507836	0.9283143375523664	12.388985470829114
34	607.2544248132616	1.8395309137362905	12.388985470829114
34	483.4956097514057	1.6192193880017254	12.388985470829114
34	546.9754130045688	1.0625126176184818	12.388985470829114

35	695.5268466770126	1.169482061343756	13.211435790723744
35	632.2294021728303	1.4348052809809653	12.970153360059577
35	813.3888775595008	1.0343681676097092	18.305555974898503
35	846.180669952471	1.016678009537839	11.831850350533848
35	719.1762020568201	0.524530766655109	12.930369188971618
35	1273.18568473696	0.9530555031606165	12.930369188971618
35	331.66150857203354	2.028699531007319	12.930369188971618
35	806.6231379091641	0.4058346699897661	12.930369188971618
35	558.1044732303775	1.6827377141806041	12.930369188971618
35	753.5300917074152	1.8048932807593159	12.930369188971618
35	417.4062145408839	1.0692910693516389	12.930369188971618
35	1171.1166946533156	0.5326794125619255	12.930369188971618
35	1108.5584205589464	1.0142225024361857	12.930369188971618
35	1071.3408755585947	0.9970017714235994	12.930369188971618
35	1132.7021136691735	0.9120366512109465	12.930369188971618
35	799.9309057619703	1.1596860863018932	12.930369188971618
35	1065.3622720972921	0.4757088785593518	12.930369188971618
35	1085.8210859580433	1.0763708379432508	12.930369188971618
35	741.2030128519917	0.07256384752294559	12.930369188971618
35	1258.3417570179367	0.7262306868070847	12.930369188971618
35	987.4314081085917	0.9586654137942312	12.930369188971618
35	100.17273058386802	0.09973888889663687	12.930369188971618
35	835.1632447156571	0.006233922533760761	12.930369188971618

36	704.8463737180505	0.962942975469945	13.9091595698599
36	646.4972909038194	1.3548776475981261	13.538868539005627
36	831.4811380834834	0.8304440774508496	18.18545103589392
36	857.0648762701444	0.8392441344321053	12.155278949810285
36	732.5307416024177	0.792964818627943	12.666041785407891
36	303.9212813451189	-0.28280003201730813	12.666041785407891
36	911.2828825901829	0.6870078183806763	12.666041785407891
36	775.8849315499937	-0.09453385577352957	12.666041785407891
36	1135.621133939631	0.7651049895711348	12.666041785407891
36	16.989805548228905	2.1678488069296185	12.666041785407891
36	1036.1442679386048	1.5436641781118563	12.666041785407891
36	550.1928361989077	1.7080416620772305	12.666041785407891
36	1063.212580626744	0.9684726382137462	12.666041785407891

37	722.6038850655667	1.1838971799958817	13.925600734125839
37	661.1638492773262	1.5203420262248684	13.64961670167366
37	845.7195549911503	1.064608700694089	18.355356103831667
37	874.9913806723663	0.8156962861846263	12.117315584286777
37	740.3491651743165	0.5827077291932237	13.210281682595834
37	1327.1121474475626	0.7504468828981223	13.210281682595834
37	681.3570709430246	1.9453375553696153	13.210281682595834
37	842.9573162589415	0.9623944506108376	13.210281682595834
37	938.0364276117795	0.8135200510124099	13.210281682595834
37	1015.969345675196	1.2239774837796031	13.210281682595834
37	731.6119310775942	0.22862954313198447	13.210281682595834
37	195.6852570994416	1.74252639410989	13.210281682595834

38	734.7066782743523	1.2456245806399489	13.849988103278827
38	676.9163844122241	1.3600870273885866	13.93886976585257
38	865.4979074595443	0.8517710671074852	17.921655739466505
38	757.5956489114456	0.4869522716740838	12.347021715348099
38	1320.407549153704	0.7946459627144555	12.347021715348099
38	378.94234303088314	1.8898585860291466	12.347021715348099
38	15.420955020325497	-1.4542014794079379	12.347021715348099
38	124.48510122996655	0.7182305796685567	12.347021715348099
38	619.8324340258889	0.07545541305305374	12.347021715348099
38	422.0592375684295	1.6028128706547997	12.347021715348099
38	1120.5796271734168	0.689449584164333	12.347021715348099
38	277.1182995953824	1.0443617936735579	12.347021715348099

39	748.686963391694	1.0998728467661016	13.861848957397404
39	686.815710762658	1.4700192515369517	14.268293603755875
39	883.5486042507465	0.8172039068506223	17.95415390056837
39	897.2833419287634	0.9099680295693259	12.454058327220254
39	770.7809401919548	0.5712107577802128	12.732801848656058
39	1255.242460275368	0.9802347886073786	12.732801848656058
39	191.4957415103251	1.6372809326772388	12.732801848656058
39	468.76469648796086	0.08116022396160924	12.732801848656058
39	1327.2158541819938	0.6905432641549974	12.732801848656058
39	570.3740315891748	-0.06454612128672149	12.732801848656058
39	548.6333785042057	1.1579084049181145	12.732801848656058
39	1328.3349518621765	0.9761777360020827	12.732801848656058
39	1146.4263886741735	1.2611909958321437	12.732801848656058
39	1021.5718876384236	0.8758196401049024	12.732801848656058
39	1086.5413289585076	1.4528341066177881	12.732801848656058
39	739.8769009601	0.34609368569158955	12.732801848656058
39	363.1348712559148	0.6978490768676998	12.732801848656058
39	495.7951614777933	1.002137199098255	12.732801848656058
39	1210.242581990894	0.9098110079973227	12.732801848656058
39	709.1685599312235	0.9779406396911136	12.732801848656058
39	254.82901374439595	1.9779122965670133	12.732801848656058
39	992.6951880639677	1.6996760074201098	12.732801848656058

40	760.8301295533771	1.2950850659360733	13.69397853019683
40	902.6976534880174	0.8555537592739431	18.17953112884165
40	915.7852608872788	0.9852842975954562	12.212004806072398
40	784.0460642901129	0.42037303488006905	13.233704057125864
40	574.3515927843771	0.4652602831946739	13.233704057125864
40	895.8697489998161	0.17132498027039067	13.233704057125864
40	307.17573324610703	2.085675954528747	13.233704057125864
40	524.0123674128725	0.9469820943834797	13.233704057125864
40	713.2807962175468	0.7060253324510244	13.233704057125864
40	965.1954167759675	0.4620041263509014	13.233704057125864
40	962.5867608369254	0.12275932351406135	13.233704057125864
40	867.6027672533756	1.0638010878745212	13.233704057125864
40	782.0365036963831	0.8183385571917534	13.233704057125864

41	776.9995318060501	1.4017883162332616	13.573984015129017
41	716.868115559485	1.5065009339668227	14.338897506129655
41	925.6590664675966	1.191300980544575	17.707686910628702
41	924.8079108671719	1.0556727474556415	12.36640891288952
41	791.1388113714843	0.5461139574940643	13.159225960308971
41	1078.4012145526822	0.5452386548965549	13.159225960308971
41	777.841572540343	1.1977516373079997	13.159225960308971
41	496.2406605341804	0.35713895299150905	13.159225960308971
41	188.39031604367543	-3.064966260651733	13.159225960308971
41	324.68588140590555	0.301611601198069	13.159225960308971
41	778.9678401844866	1.7230791572248236	13.159225960308971
41	774.308818151345	-0.132697730336502	13.159225960308971
41	625.1658536473718	0.9266059633980213	13.159225960308971
41	435.66047840677976	0.36443842896214235	13.159225960308971
41	343.19620143715684	1.4793819098958616	13.159225960308971
41	199.43649371727366	-0.2444254311354558	13.159225960308971
41	565.3157754888551	0.0351536880269379	13.159225960308971
41	349.81643297730545	0.3518606330953352	13.159225960308971
41	86.43349368350951	0.7234496715607243	13.159225960308971

42	792.4528145381859	1.125146676208591	13.738961655632904
42	731.3117712589179	1.5852155464333835	14.463262253976259
42	937.2744448144307	0.9124404934078972	18.00017571687801
42	807.5192497353892	0.6061052607620449	13.128072772031173
42	340.5197349427752	0.2292067407123322	13.128072772031173
42	951.0808967184646	0.05037657497242669	13.128072772031173
42	937.6430169293126	1.1346430119935873	13.128072772031173
42	612.4787733286513	1.316408614682846	13.128072772031173
42	834.156513802719	0.3072196177843863	13.128072772031173
42	726.2235362244671	1.317248177392032	13.128072772031173
42	655.0727614166977	1.0497070298453637	13.128072772031173
42	369.45550802744816	1.5100243439512204	13.128072772031173
42	430.470416973428	0.7504951628087452	13.128072772031173
42	582.106759535302	1.0131315196739756	13.128072772031173
42	399.8155198673872	1.5497235695897387	13.128072772031173
42	364.4081547178453	0.16283682948272393	13.128072772031173

43	802.8537666412135	1.2144720833502152	14.254531496251985
43	743.4475776120898	1.536243857057309	15.061252437383335
43	953.9751434358897	0.9798876452765041	18.119984086614647
43	954.4793477310968	0.9969006417487873	12.510941082349174
43	824.1977597832879	0.609726127029229	13.125077323444962
43	1227.5052753174982	1.014191963149735	13.125077323444962
43	742.6497131722022	1.256152618920333	13.125077323444962
43	1057.8111883616634	1.3197089161572595	13.125077323444962
43	166.87026356578326	2.8773861169242894	13.125077323444962
43	462.7021891020141	0.3235446722923615	13.125077323444962
43	677.7978624005133	1.005329799250747	13.125077323444962
43	650.4681156851257	0.7958480121765142	13.125077323444962
43	768.3216566799971	0.6285363031781672	13.125077323444962
43	770.3958625755888	0.19409647374812616	13.125077323444962
43	766.765582943412	0.9795867522756909	13.125077323444962
43	811.321625459613	1.8545317737108493	13.125077323444962

44	817.0908090431964	1.3378148090930855	13.799545666134888
44	760.978582143723	1.6064803291966225	15.279768417410523
44	969.6933873457625	0.8889402993611567	17.90484247536574
44	966.8963760608601	1.049488492934416	12.758968033545985
44	833.3349034151139	0.37867221690881947	13.282843943087062
44	380.52071781847894	-0.07620539604443409	13.282843943087062
44	1110.6612399144838	1.1951980856276967	13.282843943087062
44	1027.6574291280178	1.1863520777506051	13.282843943087062
44	754.3713648593649	0.4183596957403583	13.282843943087062
44	902.64168737665	0.9716988335906269	13.282843943087062
44	621.0127795275512	1.7917484738586593	13.282843943087062
44	244.78811830128183	-2.9758700507397817	13.282843943087062
44	337.05664115736107	-0.2467994248802149	13.282843943087062
44	221.70354805672886	2.5631174573260513	13.282843943087062
44	781.1144805763373	-0.07153225291724614	13.282843943087062
44	740.7958930758466	0.3088702566129612	13.282843943087062

45	831.8890272907555	1.033931304056494	13.96682399973672
45	777.1819249592363	1.619482824644935	15.220622898486438
45	988.0234335274262	1.0158615048150823	18.427308361956406
45	974.8560064976084	1.0901448536245357	12.570352858119229
45	844.785715623382	0.3262360780249196	13.48653240186444
45	525.0550096574921	1.5607637373135073	13.48653240186444
45	920.1767869169075	1.52222972906877	13.48653240186444
45	645.8824820811376	1.104513303106529	13.48653240186444
45	553.1183742646033	0.4177568572103569	13.48653240186444
45	969.2710926719386	1.6743060381500972	13.48653240186444
45	1210.9187259477942	1.1748067483320217	13.48653240186444
45	1115.072366088204	1.4405182153413814	13.48653240186444
45	368.9543851113915	0.42803145198344217	13.48653240186444
45	1231.1529648188425	0.7210496259335282	13.48653240186444
45	487.3731798708238	0.1876634621592983	13.48653240186444
45	216.09370428227638	-0.30525957074857163	13.48653240186444
45	760.446641524247	0.3893951010138428	13.48653240186444
45	462.17935849002305	0.8105087250315443	13.48653240186444

46	842.9152383797566	1.1281783527153981	13.954831626263514
46	791.7033061995493	1.534605657355756	15.359246465103174
46	1007.4714172785303	0.8449798642164821	17.787618635236402
46	993.119924058083	1.0195919937357092	12.650165107685387
46	862.2260283735113	0.43219277002628426	13.24891016379373
46	1281.4553360317955	1.0362958992132159	13.24891016379373
46	1030.2036314849952	1.5158593708807082	13.24891016379373
46	596.3047632828682	0.04539934767191697	13.24891016379373
46	321.96012438866353	0.4029556305886911	13.24891016379373
46	899.8068147436272	1.2985214136639909	13.24891016379373
46	761.3946238776641	1.7705929944565897	13.24891016379373
46	914.0363691623945	1.1099642639796894	13.24891016379373
46	442.11952058709005	0.7482471203270736	13.24891016379373
46	848.0292679306773	-0.04030703149859634	13.24891016379373
46	773.604720979553	0.8419396883695851	13.24891016379373
46	986.8027393293679	0.0027992135654870964	13.24891016379373

47	856.3964677914717	1.1456783801768506	14.100283192405985
47	804.8310131739831	1.5984930319187727	15.190081623119953
47	1031.7335751704063	0.9091878832851636	18.140239122408428
47	1004.3541258819141	1.134103557916655	12.646538438860894
47	875.6201327110356	0.6526392270072274	13.469240958076664
47	1053.415335111139	1.670596968401625	13.469240958076664
47	740.2049742801219	0.7139505587101449	13.469240958076664
47	818.9301702024787	0.4634982796197993	13.469240958076664
47	1117.9068286060144	1.391448577289046	13.469240958076664
47	172.2613357366646	2.583459757839524	13.469240958076664

48	870.7879861956861	1.0480920037816448	14.074358899861949
48	821.3727468598865	1.5580373154899887	15.153885207493978
48	1011.6844250529341	0.985796022665751	13.068182901625747
48	887.192557902104	0.48996341664615817	13.459854336443309
48	778.4787272341176	1.1187443344729286	13.459854336443309
48	469.62974482859516	-0.19355110046157997	13.459854336443309
48	606.871753076203	-0.17822777671282236	13.459854336443309
48	613.2201441974488	1.8040334474646609	13.459854336443309
48	1031.090992743955	0.47901515864068056	13.459854336443309
48	1058.515416277222	1.1537330652745363	13.459854336443309
48	857.3319799990682	1.489363701418709	13.459854336443309
48	982.4024141255101	1.176895333277315	13.459854336443309

49	886.8320301965767	1.1794477466703477	13.98790642910487
49	1065.8384087871705	0.800435448223807	17.838781821895623
49	1026.9692232929913	0.9391188930610874	13.065611895023684
49	898.3714801940927	0.628046208137946	13.231693834138664
49	833.5484955789992	1.2906188026120833	13.231693834138664
49	1050.2993688708302	1.5963060810381045	13.231693834138664
49	1252.9297923636334	0.964320306448592	13.231693834138664
49	686.653015279529	0.5707738588639786	13.231693834138664
49	593.9436588899237	1.8884894680742361	13.231693834138664
49	1066.5997251338483	1.1812114219398175	13.231693834138664
49	275.168538873959	2.430977720511712	13.231693834138664

