scan	range	bearing	velocity
0	314.48320995772855	0.3971555710378791	4.740546361699491
0	458.9113537928194	0.21098772464781423	-6.815028315475778
0	179.95808048783093	0.9472640157871519	17.622580574376617
0	541.0409847376052	0.19172278466441717	4.467137849727148
0	398.3978795333438	1.2066507800097312	2.798805411522009
0	758.1779938251658	0.8317657257826421	2.798805411522009
0	781.3462658152689	0.9965234603010675	2.798805411522009
0	453.6763245831961	1.3697323815249234	2.798805411522009
0	924.7809297117458	1.921947759424714	2.798805411522009
0	433.61148549376884	0.052142399949568846	2.798805411522009
0	427.6162575363925	0.7376675401936996	2.798805411522009

1	321.7339302549905	0.4079696900411185	5.00301714843325
1	450.49890770312453	0.1922574091652582	-6.320592689280918
1	196.58744633159282	1.001542363117693	17.980667390088044
1	539.9441163475169	0.34483345840081825	4.884554004969729
1	396.1701316262027	1.2825581964111779	3.532096644995942
1	955.1656505882503	0.6641514683910625	3.532096644995942
1	1121.2729213840526	1.0432753844918772	3.532096644995942
1	553.8789927950796	1.1754342035630994	3.532096644995942
1	499.4312680751462	0.25521955999765966	3.532096644995942
1	241.0338388638058	2.720921978972892	3.532096644995942
1	226.25097147160514	0.9041405125026329	3.532096644995942
1	770.5040959099003	1.4793698712187666	3.532096644995942
1	604.7505569962163	0.8654898529523691	3.532096644995942
1	1152.8358702232485	0.44401769574967465	3.532096644995942
1	876.5858703545231	-0.18671747540625389	3.532096644995942
1	417.2867163511404	2.2166182767205407	3.532096644995942
1	352.7806456719025	0.9158564829653716	3.532096644995942

2	326.3788526668967	0.29143242367486366	6.054267344104078
2	445.95477857924453	0.2305209482718983	-5.53715302279973
2	217.88463129591304	0.7475492008249749	18.122770830893714
2	549.5342379881088	0.5139222214038887	4.715788558994361
2	404.9320764595857	1.19692998184762	4.029345605503671
2	1006.9199563703552	1.2741928188550073	4.029345605503671
2	690.1316041444493	1.323050025104309	4.029345605503671
2	736.1141181867686	1.2939192134235933	4.029345605503671
2	1303.8325689255933	0.8672370751066714	4.029345605503671
2	664.2184781559472	0.3624218400127406	4.029345605503671
2	1092.4705437524626	0.7972243189528513	4.029345605503671
2	542.6797187200506	0.45267474411760034	4.029345605503671
2	735.9731330254909	1.9697415606535926	4.029345605503671
2	917.1447058093866	0.4866019695974729	4.029345605503671
2	768.093693901915	0.5402322091987186	4.029345605503671
2	746.137376235551	0.3489309355160693	4.029345605503671
2	1007.5024324068168	1.4551057455562606	4.029345605503671

3	340.00180712560314	0.47424228970320503	6.547982077526394
3	440.5419193528167	0.45083762009679823	-4.59527107879152
3	241.15478638157958	1.12427940544555	18.07009156745769
3	560.9268498401453	0.30758273416437676	5.184008263948352
3	405.36465652651015	1.333657127179884	4.519921832348408
3	891.2879664125998	0.38143985728314694	4.519921832348408
3	721.7233629286402	0.6947291615325102	4.519921832348408
3	1114.0603762309133	0.6308196581499875	4.519921832348408
3	499.6866666621934	0.7059390681298988	4.519921832348408
3	923.9896504435508	-0.066106112179216	4.519921832348408
3	86.24997728537167	-0.374216807141594	4.519921832348408
3	704.33328364925	0.5588199650557213	4.519921832348408
3	138.52757350939493	1.4443497573454598	4.519921832348408
3	842.0939926894836	1.0368536710701246	4.519921832348408
3	983.0460599655493	0.5000391878482483	4.519921832348408
3	821.4259585607966	-0.0953318632470117	4.519921832348408
3	434.85728157879885	1.3328961322280064	4.519921832348408

4	340.13957425719303	0.5631681225885765	6.727224251104827
4	253.3898883565363	0.8850439173874795	18.181556843414512
4	560.8330530159517	0.5776247734294212	5.394148588912167
4	412.399278564744	1.253141961269706	4.993011818858034
4	963.6138005227355	0.3008814789183799	4.993011818858034
4	439.1273307655913	0.10461160385806215	4.993011818858034
4	201.91653102869031	0.6051565788935526	4.993011818858034
4	824.3800822563053	1.2740894681637775	4.993011818858034

5	347.1635077753777	0.6055747163505026	7.5410358772031145
5	438.6549298811288	0.44520066602846275	-3.2247609701095783
5	272.9996856701955	0.9293771730551279	18.060636905803563
5	566.5825449421286	0.2890625096013065	6.107068941263034
5	422.2338969410103	1.217538420439451	5.749463589223137
5	1080.7602598567628	0.7726321130748133	5.749463589223137
5	138.0735547511691	1.5589510063414787	5.749463589223137
5	889.0062171666027	0.9008325878240641	5.749463589223137
5	811.8076234080262	-0.11048346982116274	5.749463589223137
5	961.3647711055341	1.6102113159471616	5.749463589223137
5	962.9177577947894	1.70420618240963	5.749463589223137
5	1008.779312235008	1.3456764073185181	5.749463589223137
5	1048.2925783003839	1.01563691784081	5.749463589223137

6	354.5516886272022	0.6622454376941075	8.21798550660557
6	435.25399802205277	0.4250903312082723	-2.3718205611857943
6	286.2568072814368	1.0102747199420998	17.83870677092225
6	575.6780636594008	0.4701046744034866	6.056204694879554
6	429.03601592519595	1.2245726475512915	5.844123321586416
6	775.9457241950613	1.6449805139905753	5.844123321586416
6	1122.8083097815784	1.3499555468053877	5.844123321586416
6	600.7812917504788	1.2308825226698181	5.844123321586416
6	90.12542112307062	-2.103472947934517	5.844123321586416
6	699.7594303019522	-0.11224707139161705	5.844123321586416
6	926.4200791212982	0.8946378559457855	5.844123321586416
6	831.9966946018363	-0.10279079829926176	5.844123321586416
6	191.84386115866982	-3.0927539141429508	5.844123321586416

7	368.93170970808615	0.6153553476828288	8.681417766999848
7	430.44542701009607	0.5413976180211594	-1.5211015902560032
7	306.8017232683224	1.0432259108117536	18.07454271482604
7	577.2898219047604	0.36663397351180077	6.630967716299149
7	428.672017927925	1.0947792953484428	6.3260183344363226
7	1309.3900528821152	0.9960636836443052	6.3260183344363226
7	611.3355623770956	0.9153351278713192	6.3260183344363226
7	975.4901774938445	0.8638027568065044	6.3260183344363226
7	484.5662062878712	1.018426571650384	6.3260183344363226
7	617.0334270202059	0.70685454486299	6.3260183344363226
7	1220.4767394205373	0.9329667992343184	6.3260183344363226
7	874.6489794298734	0.02759280925710828	6.3260183344363226
7	1141.3514685320472	0.48256937117853266	6.3260183344363226
7	695.7818746092489	0.192309194743169	6.3260183344363226

8	369.89158182784615	0.7308382688587324	8.593940856584252
8	425.5622832474438	0.4662461246159263	-0.6071830650755659
8	328.19973340159964	0.9195730116761687	17.825509781890844
8	585.9991074488782	0.496582987843612	6.794774696222244
8	436.6485945051513	1.2729558807257577	7.081913121760108
8	908.2945374439682	0.9304964676951615	7.081913121760108
8	596.8268493726779	1.0686102499392836	7.081913121760108
8	807.010470777619	0.1663397788055367	7.081913121760108
8	908.2553683681218	1.542055323171299	7.081913121760108
8	1164.3557898940237	1.0520778932372141	7.081913121760108
8	433.2651040324236	1.312580173513586	7.081913121760108
8	996.7826137336222	0.37558365214296446	7.081913121760108
8	152.52118328897265	0.3395853572629604	7.081913121760108
8	734.7295713905979	1.0413116637363238	7.081913121760108
8	632.8167366661341	1.1058135476444948	7.081913121760108

9	380.1034958728321	0.6830393108952454	9.622014901747683
9	431.9252711703045	0.6136016688840391	-0.2830782860702882
9	342.4191235842784	1.0141873053353585	18.12714648726195
9	594.6226262255763	0.5193125292145986	7.254442160144234
9	443.4525396132253	1.0148949682102353	7.322164671959982
9	1019.6714469357273	1.276679913662641	7.322164671959982
9	602.6834171033496	1.939452931578482	7.322164671959982
9	981.4871598952913	1.3549144089479608	7.322164671959982
9	635.5315316318826	1.8929204123184553	7.322164671959982
9	589.0253305202011	1.5441396547887767	7.322164671959982
9	868.0676248971232	0.5892747782795863	7.322164671959982
9	565.587586090036	0.9769844580882454	7.322164671959982
9	493.0942412625637	-0.24825047399855224	7.322164671959982
9	316.8727680485333	1.564871181460187	7.322164671959982
9	930.827917902451	0.8621410894395163	7.322164671959982
9	1113.874453628221	1.021432629522305	7.322164671959982
9	745.445716198939	0.855585568917287	7.322164671959982
9	32.30811484322311	-1.141265397056993	7.322164671959982
9	861.8666198156521	-0.056263833349667815	7.322164671959982
9	708.6838162040798	1.4337795400595192	7.322164671959982
9	1344.2056179001097	0.8540166422879899	7.322164671959982
9	937.022159942621	0.22453761592953664	7.322164671959982
9	661.2547552013149	-0.1194018644075425	7.322164671959982

10	393.3969650250466	0.6626211716418009	9.591343738747039
10	433.0882714962107	0.5583999293833217	0.7067081354617255
10	359.9876803267691	0.9203889109671529	17.984380939532954
10	597.9822793916162	0.39859240582207384	7.3827838693350785
10	445.875181109997	0.941032475554205	7.860498607014645
10	823.804091189058	0.6660011396890284	7.860498607014645
10	575.6154296108033	0.7315823700826153	7.860498607014645
10	961.5173168361633	0.9634806045765089	7.860498607014645
10	247.81349784609313	2.4626359050465743	7.860498607014645
10	1027.1960420510773	1.1945233993840476	7.860498607014645
10	1124.1916285062982	0.9786806367409655	7.860498607014645
10	119.36787641372803	0.3319225593511799	7.860498607014645
10	681.1032790666087	1.236722301462936	7.860498607014645
10	1023.8039651315395	1.7242991081317736	7.860498607014645
10	1232.1963758788904	0.9913831148277404	7.860498607014645
10	1000.6437968744247	0.9074976022082101	7.860498607014645

11	395.76815008450234	0.8110418598206721	10.084419878606369
11	437.0553322598895	0.8136086103417315	1.1862258616783605
11	373.87610419883146	0.9899732130010788	18.549125811105753
11	608.8797897412366	0.5997273397273083	7.258173634212319
11	458.2049147450194	0.9660387723370277	7.77178458236862
11	616.6837338694107	-0.24103397373519553	7.77178458236862
11	918.4145304215133	0.2515350478151706	7.77178458236862
11	985.9288934805752	0.2689475056831988	7.77178458236862
11	850.690033504048	0.9584462619585989	7.77178458236862
11	1276.715679088852	0.935263908650807	7.77178458236862
11	362.8352763157724	0.7353753756969384	7.77178458236862
11	1331.0444267581047	0.8862204983612039	7.77178458236862
11	685.8071466130334	1.8483427246102944	7.77178458236862

12	408.3671310745046	0.7333855146041068	10.67224234763566
12	432.6393473694286	0.6055397820679825	1.7755976911230713
12	395.26289384745866	0.8914018383933929	18.030379380444
12	617.0392155232937	0.5184294720340501	8.290039895372045
12	463.50254814159814	0.9779558241202821	8.437958770634367
12	615.8836672221073	0.7308399058177091	8.437958770634367
12	245.22600465290918	0.9702420419144119	8.437958770634367
12	677.630117824731	1.0775874489900183	8.437958770634367
12	1122.7263901006897	0.7974473537195741	8.437958770634367
12	553.2338465627361	1.2503523042719644	8.437958770634367
12	384.81292898743203	0.3703999612448677	8.437958770634367
12	1232.7812054241244	0.8053737904527309	8.437958770634367
12	658.1313726909043	-0.018303526453589875	8.437958770634367
12	742.4153140179535	0.8328569936493546	8.437958770634367

13	412.1072032007534	0.7410145695360278	10.685293365049068
13	434.29903623463804	0.6255507734721218	2.901545426751958
13	413.1372889096393	0.9558655304316278	17.64398090387565
13	944.6445792658492	0.2840738393984657	17.64398090387565
13	817.7370780484612	0.4014542429333794	17.64398090387565
13	297.2339727679608	2.352140299766874	17.64398090387565
13	1056.2942308793313	1.5645932928468038	17.64398090387565
13	703.3768397896863	1.20792808648415	17.64398090387565
13	441.3746925517057	0.47587501121471215	17.64398090387565

14	425.9498342266428	0.8107259259473556	10.695433417702162
14	431.3036580854736	0.6140801696116032	3.772067793614308
14	434.5499815320151	1.0969093778711962	18.20471367816478
14	635.6704065078558	0.5639038834288429	8.606108892662805
14	480.0434171961951	0.7969772997580393	9.146270873264102
14	415.1125584830224	0.8873622539646876	9.146270873264102
14	146.61361976491273	-0.19310049882899605	9.146270873264102
14	93.43582621160009	1.1625796976179388	9.146270873264102
14	203.511084400976	-0.19567189798112658	9.146270873264102
14	1014.7717042649535	1.0936596941752017	9.146270873264102
14	1285.9346559997912	0.8489941836123288	9.146270873264102
14	984.6816391051586	1.1153128159223402	9.146270873264102
14	1162.7120986563177	1.0251100763693353	9.146270873264102
14	649.7212257870316	1.9244410270869232	9.146270873264102
14	328.83676075286763	-0.23579257853933167	9.146270873264102
14	590.7385451085063	1.138170852635712	9.146270873264102
14	84.55300859458241	2.466303929212296	9.146270873264102
14	561.8832579947141	0.432167739768673	9.146270873264102
14	938.2906027563387	0.2917073029097265	9.146270873264102

15	442.6376656556701	0.8406522141204216	11.153128772677249
15	441.10311042994687	0.8099723179205668	4.376258661003368
15	452.2503202293691	0.9301518288726816	17.790442842210737
15	638.5917358597916	0.5089712739484961	8.92880753031989
15	492.92970251444035	1.022110231721205	9.564681294167166
15	1227.7743954002779	0.5598943289046729	9.564681294167166
15	706.403683467481	0.018075826150091567	9.564681294167166
15	778.528606617283	0.43773429431155986	9.564681294167166
15	883.4427547955763	0.6965491824546215	9.564681294167166
15	503.5386454332549	1.3937140919468947	9.564681294167166
15	746.309878001937	0.06246134695932515	9.564681294167166
15	608.240195524252	1.6987080534402426	9.564681294167166
15	1120.156179720267	1.0796064077466025	9.564681294167166
15	670.8759703414331	-0.11234024794760093	9.564681294167166

16	455.8281090779309	0.7565665679783841	11.055427521870492
16	447.7012799159639	0.856640641193781	4.8222364472402
16	471.89975015406316	1.1019183738506797	17.91942174220922
16	648.826317554064	0.5447625805581386	9.308782381572511
16	508.61770786722724	0.7757642441660346	9.57167795989811
16	422.0952890102763	0.3823607736095181	9.57167795989811
16	789.6147385319598	-0.03700314576825086	9.57167795989811
16	1069.421141920615	0.25885998521377257	9.57167795989811
16	849.9506531356974	0.5574639043469938	9.57167795989811
16	165.31939963681563	0.00543987282155451	9.57167795989811
16	1266.037973776482	1.0419908946541743	9.57167795989811
16	840.9758971163396	0.9529084430072434	9.57167795989811
16	460.9319807570172	0.7240466088106792	9.57167795989811

17	464.5932952249487	0.9059024386062289	11.61340965192861
17	447.1824618071563	0.9634358874074757	5.731058835784427
17	481.2849853218844	1.1186356760458407	17.928896728722744
17	657.9506206959072	0.6706882857443138	8.848930984914498
17	507.73563354512925	0.8494640650021692	9.660802163522797
17	931.8967586822288	0.1015250234619522	9.660802163522797
17	799.9803482331508	0.877190678508731	9.660802163522797
17	368.98127428545916	-0.15301703698404048	9.660802163522797
17	981.4340509960257	0.43529156495893984	9.660802163522797
17	559.8637606788878	1.2283902590272475	9.660802163522797
17	1315.7665648086354	0.7710156988246467	9.660802163522797
17	537.4255140237398	1.2051415911319459	9.660802163522797
17	864.6520703142836	0.10041940960310633	9.660802163522797
17	917.2722449391495	0.10441154377126982	9.660802163522797
17	176.64357094359346	-0.038858053386201616	9.660802163522797
17	1207.068409353389	0.9243481676890161	9.660802163522797
17	755.5028303754644	1.749093969822707	9.660802163522797
17	1372.0362875337405	0.8047518292541193	9.660802163522797

18	476.2682979848379	0.9273678210181435	11.785305779788633
18	460.6929219653652	1.0775766458910472	6.184041106333823
18	506.12995699813456	0.9114176153653321	17.891643219359082
18	670.4392764207936	0.6679656217232193	9.33889486276603
18	519.3063869196178	0.7512310500241798	10.170310196905437
18	1301.1239510450725	0.7218352864271875	10.170310196905437
18	780.0375746427184	0.8043453034287248	10.170310196905437
18	798.554153676152	1.3335568173003851	10.170310196905437
18	868.6731924388328	1.7563128067045943	10.170310196905437
18	605.4423263841675	0.5485827346276895	10.170310196905437
18	557.8422097926127	0.29907517940749795	10.170310196905437
18	725.9968552035818	1.0039611614220418	10.170310196905437
18	1088.5255711289437	0.5597692390085839	10.170310196905437
18	827.5574330822127	0.25662985714943826	10.170310196905437

19	491.0352774663317	0.8552198227586063	11.38000517116793
19	465.4434974864282	1.1165058051705288	6.969091083928886
19	521.7561945019689	1.0311401777321694	18.012018429971253
19	674.6833243347638	0.7031716670348606	9.43417294881097
19	535.4708338694427	0.9063014523501403	10.08058935155929
19	473.5711377997873	0.44949737663431355	10.08058935155929
19	1110.6358126917678	0.5200220847141083	10.08058935155929
19	592.2240574022218	0.000666275324823308	10.08058935155929
19	669.7141611233264	1.583475898682755	10.08058935155929
19	1207.5630791243036	0.8873519355017674	10.08058935155929
19	397.80101104931475	0.06450993643682668	10.08058935155929

20	506.2170435850378	0.9803777391792493	12.076105998186367
20	468.6287272421984	1.0477552258472573	7.452802829954618
20	543.3603761174469	1.071871419209102	17.890576673857844
20	688.5010698311478	0.6947256405025056	9.846899860957558
20	540.6800714997937	0.8321244403876544	10.69730458697814
20	1029.5550273645626	1.9632742609605978	10.69730458697814
20	855.0187145182564	0.960387164247927	10.69730458697814
20	566.6149244299271	1.275427394583215	10.69730458697814
20	474.6462165712699	-0.026699857775062105	10.69730458697814
20	1008.7383392313151	0.4476135172429594	10.69730458697814
20	995.7690183039607	0.6315052242620096	10.69730458697814
20	209.56847628549704	0.08668829652365798	10.69730458697814
20	641.3986420989845	1.6219039454749573	10.69730458697814
20	984.0314475345638	1.1532288224563172	10.69730458697814
20	1293.8873258411638	0.5834016544131593	10.69730458697814
20	737.8170757663991	1.0331307693931455	10.69730458697814
20	971.3338251430494	-0.09508699055570223	10.69730458697814
20	153.026356410988	1.8834425447392844	10.69730458697814
20	1342.6281328512357	0.9846982918144918	10.69730458697814

21	512.5046652631194	1.0447420688268885	12.197020126231546
21	481.6597188151874	1.0824690856359012	7.970683544138401
21	555.2160724821917	0.9223188573367463	18.14770811538153
21	696.7872544555603	0.6610771341806676	9.936957691698591
21	552.7295246780656	0.6010822101692113	10.655001341597739
21	314.7227243817085	0.052058337274459944	10.655001341597739
21	638.5472746974281	0.5288040588789563	10.655001341597739
21	1321.1713345134294	0.6353882998535031	10.655001341597739
21	247.9707702679549	0.7183696643269564	10.655001341597739
21	1118.6096296786511	0.8937009267590161	10.655001341597739
21	1193.087205350173	0.5804646711766943	10.655001341597739
21	1039.0730927932127	0.8763820758754032	10.655001341597739

22	522.5419149983887	0.9267422448111879	12.158659455545546
22	483.17064872259476	1.0697983100380821	8.605456287090915
22	580.584317312072	1.0045609578636525	17.87620093931138
22	702.8179560428754	0.6636523914266259	10.343858592552099
22	567.3297110753246	0.6607476366422198	11.26874090882339
22	81.41909932200103	-2.6622833617742048	11.26874090882339
22	1130.6848313157739	0.7364073815915052	11.26874090882339
22	842.4645725220204	0.7420080840361529	11.26874090882339
22	1263.9557741957713	0.8140277140636859	11.26874090882339

23	530.2569112215556	0.7740323182643769	12.297968582476507
23	492.77969893584043	1.1184103622154147	9.183409227218165
23	598.3699095035868	1.1360282249557072	17.95547967202555
23	714.1268767975838	0.8589671390944249	10.3325441667804
23	579.6755730271659	0.8349134736459848	11.075195303355644
23	932.76094249871	1.5301234080764954	11.075195303355644
23	1395.922182947827	0.9342439820640756	11.075195303355644
23	658.6851163947624	0.02740160578315568	11.075195303355644
23	1083.694415388679	1.4438186308711254	11.075195303355644
23	1182.0896456658038	0.6656696018044328	11.075195303355644

24	546.861777137756	1.056469696327295	12.702341753904733
24	503.4424096896779	1.1234974787188736	9.561692063329069
24	616.0742700374666	1.0096902393709728	18.109575497245533
24	728.7084558391316	0.8828415848634326	10.582016632336364
24	584.6684806607857	0.8303135320178389	11.066625455488333
24	1116.5423496332962	0.9357944305966618	11.066625455488333
24	363.7994386272428	-0.191883000512879	11.066625455488333
24	465.4698165181512	0.6755811217616361	11.066625455488333
24	621.5022385010977	-0.06322381238338397	11.066625455488333
24	1038.3013040897786	0.9459786967803898	11.066625455488333
24	985.5213275500943	0.6207263814769775	11.066625455488333
24	424.37606516594803	0.43991132014488554	11.066625455488333
24	675.1365437541156	0.47972757704766344	11.066625455488333
24	1041.9192111711714	0.703381226907221	11.066625455488333
24	794.2287197666931	0.8452148123479561	11.066625455488333
24	959.4980219873561	0.9551497864220595	11.066625455488333

25	559.3103560593622	1.1405823544878388	12.795791178223368
25	518.2279432653021	1.1986083721428422	9.654333466509287
25	627.6840870961479	1.034341939258635	17.850853175416546
25	736.70032545927	0.9358102693236781	10.529388016743361
25	589.9787608187366	0.5260239709775543	11.571343631380309
25	475.3467844383784	0.04510382989989002	11.571343631380309
25	1291.066256232231	0.9612480583964879	11.571343631380309
25	1008.2855456222572	0.4572048141328676	11.571343631380309
25	807.1762133846422	0.34469002605723187	11.571343631380309
25	1057.7852072337384	1.1461879673979494	11.571343631380309
25	955.2601367059757	0.1586367865455572	11.571343631380309
25	264.12021218365027	-0.46204868038104785	11.571343631380309
25	921.4186456679797	1.859785849867382	11.571343631380309
25	223.565433332271	0.7721368934353828	11.571343631380309
25	812.2377837155585	0.23188244152048215	11.571343631380309
25	659.5326649822854	0.5432411139321127	11.571343631380309

26	577.7574324231056	1.1831119113633792	12.574244200303747
26	521.3636952421948	1.238913445802679	10.581504512776547
26	651.9971307460671	0.9985053439776719	17.888301994381745
26	754.2451495176374	0.6669470806595412	10.758261446142312
26	607.2453578960299	0.7188807470138162	11.90792542418448
26	1177.145910625396	0.8607780752598084	11.90792542418448
26	634.6410233332012	1.9247521742197171	11.90792542418448
26	189.93758210194093	2.3545115557510514	11.90792542418448
26	1063.5104739139679	1.6525076405131789	11.90792542418448
26	1079.3965355073833	1.4586895853266626	11.90792542418448
26	633.5223090721807	0.7018808936690781	11.90792542418448
26	721.1042185371163	-0.018161013390070604	11.90792542418448
26	724.4674786000033	0.3850316667515305	11.90792542418448
26	1015.5173068317665	1.4069441233203248	11.90792542418448
26	1077.3539132430408	0.8372683379833655	11.90792542418448
26	440.2005372484088	-0.0680230838271714	11.90792542418448

27	586.6620868774041	0.9978490042402296	12.41220196871777
27	539.3785849868149	1.2396381574710966	10.68127913323176
27	668.368130474343	1.0482338656669536	17.870108078557053
27	764.6970067131374	0.9429179420180872	10.914513417807761
27	621.65825103191	0.8828618588304258	11.637546658171425
27	644.9520260076858	1.2133670931511409	11.637546658171425
27	548.6602014642385	1.8987762279747111	11.637546658171425
27	967.5594726825126	0.6394712892066745	11.637546658171425
27	320.66077984299017	-0.17529780124537658	11.637546658171425
27	717.434014055807	1.38999564793462	11.637546658171425
27	830.9490261485836	0.793111908536749	11.637546658171425
27	205.59935928468983	1.6172023569345801	11.637546658171425
27	1372.924966347795	0.9461754809861799	11.637546658171425
27	762.0182255899101	1.3302585641886773	11.637546658171425

28	601.2665193590531	1.203866555702387	13.133437344465891
28	545.3242918893095	1.1422708515282791	11.017622360617425
28	684.9371827001437	1.004952118735566	18.06713692674363
28	774.00561108387	0.7679086057024551	10.611185758964918
28	625.0998278627216	0.6588293202679446	11.936219364906826
28	513.4296714891395	-0.036502728775258904	11.936219364906826
28	151.75850547282138	2.7393156733919177	11.936219364906826
28	522.4250123377757	0.6714938392643826	11.936219364906826
28	212.53050501698425	1.6895639926258266	11.936219364906826
28	833.4945423717144	0.7432821813597318	11.936219364906826
28	1147.3866342186118	0.6609638373883846	11.936219364906826
28	116.61140469198315	0.2700148729249216	11.936219364906826
28	727.5108644295641	1.512829796772333	11.936219364906826

29	617.3970223089136	1.2180960812873143	13.092968542783023
29	554.5552208399512	1.254126563530954	11.351064681011419
29	698.8901568640928	0.9851095540058432	17.95951289955373
29	779.5973629617287	0.6957997659348113	11.440050645531269
29	641.2459005767265	0.7089596107894515	11.888036000391713
29	931.1459116294465	1.8107195147144093	11.888036000391713
29	1005.8289305129377	0.15558517335504174	11.888036000391713
29	1021.0446720111695	0.8964305399146788	11.888036000391713
29	1216.3176860242575	1.0005467372275099	11.888036000391713
29	1070.143408377466	1.0944929547372266	11.888036000391713
29	1050.4328102223737	0.7660282743443327	11.888036000391713
29	1123.6157042815362	0.8004588415548057	11.888036000391713
29	962.9090419252739	1.8074803697273027	11.888036000391713
29	1150.456422540993	1.1954336720438543	11.888036000391713

30	621.6171347055445	1.0123818554499122	13.079044985945396
30	573.2198876640037	1.3278444984488313	11.61551081212864
30	714.9538336114807	1.0250927827118796	18.102791002786713
30	792.433389204949	0.8456381993669398	11.462061229058259
30	656.6235842609643	0.7163013750762218	12.210016448008588
30	674.6935921833614	0.9371154708962854	12.210016448008588
30	222.62175368216617	-0.49565261225772683	12.210016448008588
30	745.2405419025572	1.3922760996165582	12.210016448008588
30	1047.814739921138	1.7822587158973593	12.210016448008588
30	849.6731036664715	0.5501171974576514	12.210016448008588

31	637.5579251665127	1.1533825770224406	12.965511093570912
31	577.5541477486729	1.3472847738646516	11.942559354009127
31	738.3345848768872	0.9626569890770976	17.746131668572136
31	809.2221194568463	0.8075969559793743	11.303549873728722
31	665.4665018212866	0.7685975214626529	12.156052820690029
31	521.3421905641374	0.09673061378826889	12.156052820690029
31	1080.6011499534866	0.8585372550756146	12.156052820690029
31	599.3587095714925	0.5877675989666086	12.156052820690029
31	890.6708826203098	0.19760362318749244	12.156052820690029
31	1032.1486548604591	0.40568655703683065	12.156052820690029
31	1095.174644452888	0.9183680308606477	12.156052820690029
31	951.9235175253833	0.09894616311311917	12.156052820690029
31	979.6617094455341	1.5647585777711113	12.156052820690029
31	716.7354908810751	0.27060531092224754	12.156052820690029
31	899.8862237188245	0.10122269236835577	12.156052820690029
31	1045.743652106931	1.026771752813955	12.156052820690029
31	725.0259341452934	0.9863717886991752	12.156052820690029
31	884.195451380084	1.7498685699286691	12.156052820690029

32	656.0654933282926	1.117855069533033	13.410080468298647
32	761.5178800173719	1.095270795656692	17.63054052640235
32	814.2318362746171	0.973877059391875	11.649065398883101
32	683.5592196581789	0.7796650618489732	12.311923873330004
32	385.4262470461629	1.4786966188752881	12.311923873330004
32	941.9600664450213	0.7320487044369286	12.311923873330004
32	1052.4680570636465	1.2993499651430365	12.311923873330004
32	1210.2986282813974	0.7239522463320378	12.311923873330004
32	1033.200324449201	1.8523887873327558	12.311923873330004
32	1048.551774100705	0.27593111188428826	12.311923873330004
32	749.705635939957	0.8175356650294766	12.311923873330004
32	1008.8754760469027	1.4388684765062352	12.311923873330004

33	673.6587196047961	1.1800638606778613	13.204767934660406
33	603.4669267165622	1.363773840568905	12.511365867189502
33	776.6595051431977	1.0277530978415994	18.258874733903728
33	830.0009843117066	0.8246269171664581	11.667826117209382
33	699.7264322503518	0.7039380223114243	12.383092931993808
33	681.338883729674	0.827094846456939	12.383092931993808
33	575.7746688813861	-0.05441065334009931	12.383092931993808
33	847.7662948074916	-0.12458435628622228	12.383092931993808
33	977.2543375318278	0.8754486372669464	12.383092931993808
33	1080.7233727289001	1.4539742629421157	12.383092931993808
33	892.0567215684774	0.7423128741977965	12.383092931993808
33	685.9195782042508	1.4041401081787372	12.383092931993808
33	1008.6400273864137	0.7942525556297266	12.383092931993808
33	598.9647427305512	0.39662032441503736	12.383092931993808
33	382.5098104917613	1.6944885491369046	12.383092931993808
33	812.1565540174283	1.1744234659982262	12.383092931993808

34	679.614378995934	1.0625756752739555	13.093204530094166
34	622.7167252439276	1.2527646981484697	12.8485370341377
34	800.6455648142432	1.1184906614566736	18.079737550580802
34	843.684053045767	0.8024439001938617	11.856459160074685
34	707.0041431856032	0.7633462654288021	12.380029184054415
34	909.9609226982827	1.8392685634814414	12.380029184054415
34	153.79367210861798	1.997232555187342	12.380029184054415
34	831.4696432409587	0.09472543900672774	12.380029184054415
34	766.7448283260874	0.3305092673835623	12.380029184054415
34	996.9492152502256	1.5047241890080372	12.380029184054415
34	1273.4117594773609	1.1683234809049647	12.380029184054415
34	715.3986824645707	0.22528744898123568	12.380029184054415
34	696.9569358774485	1.8367345006713258	12.380029184054415
34	805.2021389411353	0.5718959164859945	12.380029184054415
34	970.9794303229561	0.9880239983894861	12.380029184054415
34	963.334434073078	1.682712202891463	12.380029184054415
34	951.3646854992855	0.9810602240039562	12.380029184054415
34	835.7598386837357	0.4793715725222457	12.380029184054415

35	693.1064575384556	1.154483709257736	13.19530468250385
35	632.5483183470513	1.3179464040982012	13.10728082886232
35	808.4391215222524	0.9777289603712679	18.123009984695358
35	717.5343802304952	0.6554570150704002	12.671759303937717
35	1250.1315254186723	0.8557478792584254	12.671759303937717
35	1231.3873084368179	0.8801305866541117	12.671759303937717
35	1166.7563119924494	0.9680220471902846	12.671759303937717
35	298.166711067061	2.0150871588249775	12.671759303937717
35	132.44688739977326	3.108669321614613	12.671759303937717
35	784.8451475677817	1.273620543996913	12.671759303937717
35	534.8033379126452	1.1786165692615012	12.671759303937717

36	701.234238642137	1.178786577760036	13.552083265343922
36	646.5601671477208	1.389837310483411	13.324885620137376
36	836.3199661708464	0.9865064018031882	18.21250033685399
36	870.1778790808103	0.8555803515491951	11.7383892953076
36	729.8146781489917	0.6536451473834898	12.95834837626021
36	1078.9045122615387	0.32382038555941994	12.95834837626021
36	1123.4136150995569	1.3157108586245014	12.95834837626021
36	416.684011334181	-0.2600130195056065	12.95834837626021
36	358.2658131359797	-0.09758880891404334	12.95834837626021
36	494.6912271397758	1.3133210996654376	12.95834837626021
36	921.2185023513143	0.7863918984187563	12.95834837626021
36	1141.2842199077204	0.6824353518576793	12.95834837626021
36	162.1961862530971	3.001844627587001	12.95834837626021
36	650.2029229635161	1.5532981102487948	12.95834837626021
36	364.8335375702069	0.319123334650751	12.95834837626021
36	326.50326971800337	1.4464515355972918	12.95834837626021
36	769.2154877263706	0.4109589059483988	12.95834837626021
36	299.7820736661341	2.1603359698257747	12.95834837626021

37	663.2365251345485	1.4500727687453385	13.631900783817626
37	852.9575301187726	1.0196187213693673	18.33391778234441
37	874.7832458319833	1.0667765096581678	12.142987087706697
37	745.00535016224	0.44113726981217655	12.826587045451234
37	518.7298020169465	1.6467551946770578	12.826587045451234
37	1076.2772537689393	1.3425084341627074	12.826587045451234
37	654.7272410768827	0.4431896159666017	12.826587045451234
37	259.6128413474075	1.8376871152623269	12.826587045451234
37	1165.7258684874623	1.0284963590268006	12.826587045451234
37	895.9852587494386	0.24904635119085622	12.826587045451234
37	290.62178750374454	0.538440201905003	12.826587045451234
37	795.7775957851716	1.320356784510128	12.826587045451234
37	741.5314599362536	1.5461945262632093	12.826587045451234
37	821.5747830699175	0.4200817458377426	12.826587045451234
37	311.16866271329064	1.370310705160874	12.826587045451234
37	683.6492779626356	-0.1995437274215527	12.826587045451234
37	356.0053080961058	0.08312945820155258	12.826587045451234
37	659.8720707640616	1.3580952851815975	12.826587045451234
37	1036.17827559149	0.5624127285132461	12.826587045451234
37	454.00286686445696	1.1806542138468608	12.826587045451234
37	947.5298884437444	1.6130286836058991	12.826587045451234

38	736.6065474466639	1.1865750365137009	13.60629986298403
38	675.4948838397195	1.3594391101381509	13.848378379122119
38	866.1700764087354	0.8849041717089738	17.937368883117482
38	883.7387259331032	1.0094021843805097	11.877849345223614
38	759.4510487765555	0.41680962410200323	12.921424326849532
38	772.2492473843812	1.4661035110779321	12.921424326849532
38	115.16159300014033	-0.6049492882059879	12.921424326849532
38	225.60748990868788	1.0502614984329308	12.921424326849532
38	658.8122886818206	0.2727171400226509	12.921424326849532
38	891.0957930605133	1.3431909878041415	12.921424326849532
38	59.83660179509536	0.3764441770420479	12.921424326849532
38	1287.740627831043	0.617048570930918	12.921424326849532
38	984.7036637255636	1.263520008808123	12.921424326849532
38	867.2909359004786	1.1385209863319463	12.921424326849532

39	746.8797308951571	1.0302950954761132	13.783859224108175
39	690.1310348037792	1.2735277109947292	13.88940250527838
39	884.700329585949	0.9875060247590127	17.778971472770962
39	896.2179702136076	0.8066520388786557	12.422639717723012
39	768.2648568546192	0.4704324407285559	12.941438513307316
39	537.7081631776675	1.1529089093091642	12.941438513307316
39	417.04313161036106	1.8179914120600225	12.941438513307316
39	166.43340572737657	1.7827256275522514	12.941438513307316
39	6.069118229209415	1.9235285387843186	12.941438513307316
39	316.77534498213976	0.16303094976315355	12.941438513307316
39	958.5736075079899	-0.05952769929262397	12.941438513307316
39	887.9635664968301	1.2529327581716907	12.941438513307316
39	409.57897433485317	-0.24472871209649094	12.941438513307316
39	844.8437771814464	1.2566488473967183	12.941438513307316

40	765.9831622849583	1.1180050258542071	13.495326354910791
40	697.5520293594709	1.554485326511534	14.049968638592778
40	900.6656422669677	0.9614340969580542	18.1707601912784
40	913.653728530618	1.0370279399017874	12.47230294703109
40	784.16009864733	0.5822023620953011	13.23353255297042
40	920.2512549359602	0.4252512890677033	13.23353255297042
40	1044.5975075260865	0.8134030399822518	13.23353255297042
40	533.7443106771664	-0.03137109815393871	13.23353255297042
40	145.86265684671298	0.22717070249101948	13.23353255297042
40	831.7054477509214	1.6599659339337067	13.23353255297042
40	479.5084778776615	1.2031583151713696	13.23353255297042
40	817.9340046383472	0.28286340063502585	13.23353255297042
40	438.2698800867062	0.04863225054095785	13.23353255297042
40	516.5035670520108	0.42183280941552787	13.23353255297042
40	797.1248648593601	1.0644935957025272	13.23353255297042

41	772.0255563982047	1.3556397090298038	14.015613740726215
41	714.8865356401792	1.429520376258399	14.349174107296031
41	918.7649989504694	1.143759377732694	17.981305647818928
41	928.8767729160551	0.9371272648098109	12.422693210177473
41	797.1290136148102	0.5313455840573053	12.642878113794863
41	679.0648707101753	0.769270283924065	12.642878113794863
41	661.6629242373962	0.09545864270615086	12.642878113794863
41	525.863043314083	-0.08434128941495556	12.642878113794863
41	1251.5110732462967	0.8656820425274059	12.642878113794863
41	1001.3739957612476	0.6085202303440198	12.642878113794863
41	805.3461145576413	0.16127190813160058	12.642878113794863
41	1082.2461769767892	0.34149497750692376	12.642878113794863
41	318.51830176847454	0.23912289197384773	12.642878113794863

42	794.2233706764478	1.206109416481682	13.70442687533242
42	733.5320751768163	1.6814865798269272	14.767975767101793
42	933.9360449452367	0.9460375225643413	17.84181730586217
42	936.0097196541583	1.0020438750966612	12.548710391146264
42	810.2094550626501	0.5524878772477042	12.929201551028557
42	695.7312708264609	1.1797596352529058	12.929201551028557
42	767.8634963667438	-0.18174533171946744	12.929201551028557
42	1057.8049837404071	1.4793584899129921	12.929201551028557
42	319.23897811777783	1.1700015172921403	12.929201551028557
42	815.6955789971877	1.2871113832577628	12.929201551028557
42	838.8941415271328	0.6383170229886364	12.929201551028557
42	919.7865139165317	0.880205315980466	12.929201551028557
42	806.4343903014217	0.7873812440899582	12.929201551028557
42	135.25410217594265	1.1509700852731823	12.929201551028557

43	801.0200774042454	1.1454621784622694	13.92813170338031
43	744.6940713788134	1.4962191749291627	14.723779419690516
43	827.2151877842081	0.37343928985048	13.294242494989957
43	919.5582417409979	1.6926912431573484	13.294242494989957
43	502.37227301333405	1.1036073510066127	13.294242494989957
43	635.4957572996178	0.6326958645351779	13.294242494989957
43	1240.5052911234382	0.7888561995446649	13.294242494989957
43	136.6986476943937	0.4752427455448083	13.294242494989957
43	961.8003279286924	1.172251168326762	13.294242494989957
43	1163.3210653749152	0.8913799458582451	13.294242494989957
43	477.19838936531255	1.1989677343789	13.294242494989957
43	635.8789408133805	0.5925515005044424	13.294242494989957
43	759.0065987256722	1.5041841796197266	13.294242494989957
43	472.323498971195	1.174477563786252	13.294242494989957
43	1028.4582800935295	1.7064556082387958	13.294242494989957

44	819.8649781518469	1.103469785762154	13.911711495674787
44	763.690898824398	1.4816046720373457	14.600656959898956
44	972.4399260827847	0.9708396612737156	18.269354021271308
44	958.1914844544867	1.053247419988118	12.369903200460302
44	835.419370754604	0.5578490859869304	13.2537694082236
44	824.5577833794881	0.9763204197422047	13.2537694082236
44	746.2894885912533	1.37853933650802	13.2537694082236
44	619.7294145646927	1.032129568717338	13.2537694082236
44	293.48878031621837	0.24905129561071146	13.2537694082236
44	481.84797240370966	0.3905486565492979	13.2537694082236
44	730.5636921217556	0.9803260805711873	13.2537694082236
44	733.2914553393238	0.7014976390504053	13.2537694082236
44	510.840751440151	2.0658202957740146	13.2537694082236
44	1072.592732356474	1.375044994584342	13.2537694082236

45	829.3379279082352	1.2527752060210253	13.676340430834463
45	778.7772838766837	1.4908030497793048	15.045368495577316
45	994.3301200639803	0.8557992193839987	17.74443423456334
45	971.5371662407265	1.051690182292933	12.47170282973334
45	849.5052079129072	0.49540329924984455	13.535825317458137
45	205.71294374090493	1.476433069820341	13.535825317458137
45	857.8770389694212	1.45486148120288	13.535825317458137
45	1073.792653434303	1.3327366292526523	13.535825317458137
45	957.516609221502	1.4405409911704163	13.535825317458137
45	884.1292338596733	0.5973434006618425	13.535825317458137
45	319.4295177526116	1.127324295707592	13.535825317458137
45	667.8780557307248	0.45453273393937493	13.535825317458137
45	1072.4537468665633	1.4557708718879534	13.535825317458137
45	65.7509379270577	-1.7834303865484347	13.535825317458137

46	785.4041766083162	1.5042080216589502	14.825179270073566
46	1005.0786368356619	1.15792844027811	18.282064017707658
46	989.7933003604963	1.1969015538137806	12.858586606112228
46	860.9353161271306	0.3882204419291258	13.544608042563484
46	229.02034785776868	1.0515993400378532	13.544608042563484
46	474.0997577257335	0.6006848457421674	13.544608042563484
46	953.8405314293929	1.5713831628681525	13.544608042563484
46	139.68658502977638	-0.4291516478861927	13.544608042563484
46	247.38352615231403	0.4527555637999124	13.544608042563484
46	835.2836956812591	1.3829242449579942	13.544608042563484
46	714.9981375278288	1.5954040433263867	13.544608042563484
46	1093.3479841877872	0.7022216999359499	13.544608042563484
46	543.0844622853826	2.0670080622709124	13.544608042563484

47	863.4466075235385	1.2299581544886	14.328508057957034
47	1027.524569446346	1.084574437175328	18.13529077989687
47	999.7359251652895	1.0161807160928529	12.844451151470984
47	877.8839346744786	0.3191047545414057	13.84544899307975
47	1177.5197754908224	0.9738804321648875	13.84544899307975
47	173.42054936321927	0.8879342637091067	13.84544899307975
47	675.8419789114523	1.4574972914083326	13.84544899307975
47	1168.6639751975679	0.734488738087256	13.84544899307975
47	1064.4165987910148	0.4744202682229121	13.84544899307975
47	1088.553518460768	1.8224855067567756	13.84544899307975
47	856.0255728790288	0.5421282208104906	13.84544899307975
47	467.4109665245166	1.2070551210420748	13.84544899307975
47	147.90601742507616	-0.09762423468801733	13.84544899307975
47	1213.7868836128014	0.5546350169837881	13.84544899307975
47	731.5978665552384	0.781991114902167	13.84544899307975
47	248.35369859274624	-2.7763829475763138	13.84544899307975
47	328.62909102755145	1.1696318733348	13.84544899307975
47	860.1868139051513	0.8721781210159796	13.84544899307975
47	571.2475695523055	0.5021864528593443	13.84544899307975
47	572.5615797148263	1.7475834437918694	13.84544899307975

48	874.3896759672998	1.2772078133728506	14.117156974529859
48	1042.0258077369647	1.057559890112027	18.11600682558014
48	1014.230888211151	1.151869375375149	12.924956429462725
48	319.0428000307516	1.0883737654733614	12.924956429462725
48	650.7035051190106	1.4177454343093043	12.924956429462725
48	791.1706353963748	0.24057385017254668	12.924956429462725
48	1005.6701838776654	0.8441843566424717	12.924956429462725
48	571.8118480291275	1.8238632014759197	12.924956429462725
48	771.5308966630756	1.0801560318331929	12.924956429462725
48	713.895570822282	1.3475853405550478	12.924956429462725
48	1084.4204351244186	0.4585364255054801	12.924956429462725

49	883.6641640492807	1.4093198796128792	14.123356558518523
49	834.9512521700744	1.5455501860907819	15.345367951290935
49	1065.9494427105128	0.9538695298233092	17.991617993936682
49	1022.8627732004825	1.0380597390968924	12.986595983843037
49	904.1180972991416	0.6224852964229097	13.10995080325774
49	966.3609117466006	0.20051351156687133	13.10995080325774
49	782.5768878142442	1.75793372974499	13.10995080325774
49	1021.8000529139164	1.5809435817552382	13.10995080325774
49	980.8208574090344	1.4684803598294665	13.10995080325774
49	585.7320902227328	-0.14535004654171277	13.10995080325774
49	475.18763202079174	0.010796025560486255	13.10995080325774
49	721.6046204141518	0.8498684232771462	13.10995080325774
49	470.42828265159477	0.3349219700385949	13.10995080325774

