scan	range	bearing	velocity
0	317.09838593152034	0.2640771170555154	4.639083709102579
0	462.2802358656788	0.3332359425738536	-6.276536158144783
0	183.40235090748638	0.8516824394663404	18.076905893455375
0	536.4230953213444	0.2665100994058117	4.16584413843045
0	400.6579098267765	1.3171117827255912	2.9430318043463766
0	1194.9782677299584	0.9003962801091263	2.9430318043463766
0	813.6213605720768	1.6735882299283276	2.9430318043463766
0	527.7904727085235	2.0456461925931837	2.9430318043463766
0	452.11825080497766	0.4060256856751085	2.9430318043463766
0	1066.3641533651605	1.0008775908286054	2.9430318043463766
0	901.6322371869675	1.739029967553002	2.9430318043463766
0	994.7990635298953	1.3320272537525886	2.9430318043463766
0	1029.4480591134748	1.2344255217717204	2.9430318043463766
0	417.56889477802605	0.4163554015808699	2.9430318043463766

1	325.9247954122034	0.44056677171558845	5.503605135919281
1	454.9183821570163	0.14871279262124734	-5.911870327589147
1	195.67486186376635	1.0560731379781836	17.999260151394765
1	539.3334588937629	0.49839850871197866	4.612025784944392
1	400.2797530185515	1.2595245376697901	3.7639419416110727
1	892.5254330942427	1.4818237070238043	3.7639419416110727
1	557.8091067919555	1.7954051944043317	3.7639419416110727
1	1302.9406309509097	0.7712253899473217	3.7639419416110727
1	980.0455396471632	0.6286164484597521	3.7639419416110727
1	840.5227721529222	1.3335823402436333	3.7639419416110727
1	649.2570941793248	1.6776041612150503	3.7639419416110727
1	796.2769040081195	1.7904107266384932	3.7639419416110727
1	162.62358690221353	1.1080756795313953	3.7639419416110727
1	933.3048857042609	1.6894781296157622	3.7639419416110727
1	336.6467401442567	0.4399510824767103	3.7639419416110727

2	326.81689956511406	0.414466919824861	5.978520588192446
2	453.52569691459195	0.3140223749924149	-5.321086544220999
2	218.01990024547084	0.9844004058351506	17.960756212518962
2	551.5282664176091	0.226370221041035	5.261199609921533
2	402.23729195383663	1.2974421205605537	4.1020001955224235
2	1089.4651874831286	1.1841227062667652	4.1020001955224235
2	1287.696183433483	0.652650166152382	4.1020001955224235
2	898.7194792711036	0.9467422034717254	4.1020001955224235
2	590.7448978018529	1.433152362886721	4.1020001955224235
2	786.107093789871	0.6962809869907381	4.1020001955224235
2	193.12525126832304	-3.073663965832749	4.1020001955224235
2	878.6863222514675	0.30785382910472026	4.1020001955224235
2	325.170372503835	0.10909334161081467	4.1020001955224235
2	553.3373931630011	2.0923692159964813	4.1020001955224235

3	337.9057098851135	0.4759705163910557	6.4906035063466865
3	442.62055549650955	0.288243512980637	-4.655016973909995
3	235.55768783173366	0.9582011417619692	18.191634049246026
3	554.9310741759177	0.29205466350769377	5.345220278645131
3	403.99227035283934	1.260840518645731	4.795138006293849
3	1254.0456602330469	0.9574857442560771	4.795138006293849
3	1297.5418404807765	0.7434569248383824	4.795138006293849
3	1013.2306713485636	1.7657505426979672	4.795138006293849
3	872.2624168760461	0.2546490449730645	4.795138006293849
3	1042.9557685027366	1.5036117790019923	4.795138006293849
3	998.3574042249762	1.443609492729699	4.795138006293849
3	821.186059880277	1.4421722316657455	4.795138006293849
3	1045.9219818345437	0.7232279548514556	4.795138006293849
3	180.68870578002264	-0.09599259171591051	4.795138006293849
3	223.5773111437758	1.0754753694595776	4.795138006293849
3	1262.020445256684	0.503304318220338	4.795138006293849

4	341.42128277289856	0.5234435772262752	7.226473699182886
4	431.1390534307987	0.3717139823048661	-3.7563944020500495
4	252.68135984627327	1.1692798596562897	17.93350570594022
4	560.1195127520675	0.48449691116503957	5.738469000873217
4	414.3369678541946	1.3040262699908833	4.902742557437872
4	1347.1766099044214	0.968703773586391	4.902742557437872
4	248.01347070990874	2.1528047914074473	4.902742557437872
4	739.7278289468151	0.09547409561355244	4.902742557437872
4	503.39054940286053	0.41778261559034463	4.902742557437872
4	840.7267195975753	0.9866276209351339	4.902742557437872
4	890.3494984462685	1.835042437346973	4.902742557437872
4	520.3598526640162	0.2691676802365363	4.902742557437872
4	50.89229305587588	-1.6654528780418247	4.902742557437872
4	865.585144126898	0.6647841057983694	4.902742557437872
4	780.4507582396021	1.4711066802703652	4.902742557437872
4	1146.6808107320082	1.2226822542439804	4.902742557437872
4	466.2435643563011	0.15426367650434936	4.902742557437872

5	434.1254300358201	0.28387161914902503	-2.7725137903171353
5	263.99463475987466	1.0751920237352226	17.99125438322975
5	568.3925887804885	0.4616165149707839	6.027552445416507
5	414.8704248150613	1.1686199580443513	5.708584810312018
5	992.1877281882327	0.6954068608634122	5.708584810312018
5	688.1229684509765	1.8632865173253925	5.708584810312018
5	166.3000987027922	1.122765844684912	5.708584810312018
5	895.2740340444415	1.0336530869949994	5.708584810312018
5	743.1639884445008	0.756908199646356	5.708584810312018
5	954.1660131576286	0.06361243782299615	5.708584810312018
5	310.993161491989	0.5280068405634001	5.708584810312018
5	896.7203889495981	1.3280945346054325	5.708584810312018
5	586.8891653704451	0.8074513687800602	5.708584810312018
5	1116.1576128974743	0.8372699395355316	5.708584810312018
5	837.6663191059154	1.1278901369660324	5.708584810312018
5	1234.264150848203	0.949660728620932	5.708584810312018

6	356.0381300183262	0.5351969240713189	7.787644523323077
6	434.65887048303557	0.4141708341605762	-2.4950583628754406
6	287.1044953245441	0.9788351657948356	17.9213795246462
6	569.1911275704663	0.369915363341448	6.379589596497794
6	420.01667553421095	1.2971772841086862	5.863826286500599
6	860.8687465157653	1.3951525855683318	5.863826286500599
6	163.66446781938478	-0.47203322794219754	5.863826286500599
6	974.5051224773912	0.5609239498823031	5.863826286500599
6	1222.9447406253655	1.2171117855465687	5.863826286500599
6	674.1496434990775	-0.12402958973408953	5.863826286500599
6	478.12922873895303	-0.20258876670928683	5.863826286500599
6	1035.2815530892883	1.013458484343078	5.863826286500599
6	171.73979458498002	0.9574787826878167	5.863826286500599
6	137.64707962248232	-0.18218506197071116	5.863826286500599

7	361.2845825481481	0.21864765783515133	8.35143115796465
7	436.7983512335916	0.6424970498172389	-1.8606097452275734
7	302.6106722760145	1.0654411711224985	18.05922105652191
7	581.9450736089369	0.3652937563294984	6.66933391618526
7	431.9299055405353	1.3130703622934576	6.5667218249988535
7	138.52429463247566	-0.5520181095686805	6.5667218249988535
7	224.7509030699572	0.924673305925649	6.5667218249988535
7	1242.8313750199966	0.8351220099392364	6.5667218249988535
7	299.9949504552391	-0.2146379570205123	6.5667218249988535
7	1007.1040023618714	1.5812575004706726	6.5667218249988535
7	153.9299004865422	2.903329538336594	6.5667218249988535
7	744.5916730745681	0.57351853728206	6.5667218249988535
7	573.9387711605413	1.1337353257083558	6.5667218249988535

8	373.26780641873387	0.5238863013998496	9.117772672026558
8	434.4198113835497	0.6668029922323766	-1.2767369560664819
8	319.0749743079527	1.0467447320349288	17.977076874845118
8	578.8937470667361	0.4715029542566783	6.625038211837779
8	433.3576962054329	1.1448223031528741	6.950434018954951
8	242.1216686643269	1.8970666621300276	6.950434018954951
8	1104.7864291628155	0.3783357813181884	6.950434018954951
8	935.6332261251856	0.27279650664401023	6.950434018954951
8	866.7644648148105	0.7891466892733849	6.950434018954951
8	541.8724821346108	-0.10525282274873021	6.950434018954951

9	384.5005157396765	0.7199926767053165	9.11884157843997
9	430.913441987693	0.6708753953482748	0.06901283525585813
9	341.2342299699479	0.9451227258141015	18.218482585455405
9	593.1393329966181	0.4205146026601823	7.337088917922844
9	444.2339983633455	1.1399087019578218	7.124150713483297
9	334.22672584492506	1.8213270939385582	7.124150713483297
9	934.3197988035587	0.5483384794100223	7.124150713483297
9	774.347169073455	1.6730833957590838	7.124150713483297
9	258.724025622439	1.7268985866101085	7.124150713483297
9	1281.6773099856835	0.994587042021528	7.124150713483297
9	669.5898806003282	1.3330988865912596	7.124150713483297

10	389.51069776716804	0.632696074147782	9.512167922003913
10	363.6831336555555	0.9524542698307046	17.97582035086506
10	596.6969776121969	0.6383236708221691	7.54787163831426
10	450.08020306260045	1.0610531986715708	7.921202762567789
10	977.2527692123956	1.6500950528165879	7.921202762567789
10	930.4824071035018	0.38324709957748526	7.921202762567789
10	589.4658320972733	1.4921863746534627	7.921202762567789
10	944.6634815582944	1.6773468186941842	7.921202762567789
10	688.7103348889285	0.6086463944300342	7.921202762567789
10	674.5860887747483	0.4470245907263918	7.921202762567789
10	1085.9336970043344	0.9031396869782233	7.921202762567789
10	839.7036037878535	1.4293143984455225	7.921202762567789

11	403.4776581163507	0.6774615380213113	9.893290364995318
11	425.75980365148746	0.7660872241495175	1.5413591118402061
11	378.82861734501273	0.9161367839730202	17.817868820195837
11	609.6111801183665	0.5110807610408195	7.820391911789529
11	459.9813412895938	1.0686538882623249	7.813179866804885
11	1097.493584498028	0.9572684101099398	7.813179866804885
11	973.8956250576426	1.5767099682864651	7.813179866804885
11	496.702494784116	0.9951250258205171	7.813179866804885
11	465.5169923007139	0.022002325049637145	7.813179866804885
11	1094.6517432070436	0.4133518715130786	7.813179866804885
11	962.2846908240124	1.2437424221122233	7.813179866804885

12	414.1859330407895	0.6653832341934793	10.226685740971696
12	432.95940317765593	0.6981748605752097	2.0265052455640418
12	393.1934417623856	0.9934398318662181	18.03437580211683
12	609.0431103471516	0.504609887899654	7.922461211324902
12	467.17555449986963	1.0017616249616612	8.315955767058512
12	1093.8071011019745	0.6423268287515775	8.315955767058512
12	485.03466806843636	0.44002616014036533	8.315955767058512
12	520.487573215818	0.9216435784733412	8.315955767058512
12	816.9676952584082	1.2723949005101327	8.315955767058512
12	1120.4522560862476	1.010924309199796	8.315955767058512
12	731.0824403309736	0.2324484748153276	8.315955767058512
12	560.1306633391379	0.2160040405200207	8.315955767058512
12	1166.833341813977	0.8435067870372268	8.315955767058512
12	1322.574627223355	0.9602790376619498	8.315955767058512
12	1203.8490805647505	1.1027272516071185	8.315955767058512

13	425.21138966361036	0.8927923538144361	9.992809161241974
13	432.06850595120864	0.7507623541091398	2.866088209709205
13	409.1283842621868	0.8326717680130431	17.77613061509832
13	622.3299846940288	0.6020483009302697	8.56901954785356
13	478.78613160118084	0.8702022705490292	8.371969561608621
13	57.08387513342862	-1.2222590505080686	8.371969561608621
13	478.436064201349	2.026584385302318	8.371969561608621
13	995.0256503812487	0.4397580687244652	8.371969561608621
13	279.9200806192664	1.2814371676925531	8.371969561608621
13	1145.1610814219907	0.49584482223918336	8.371969561608621
13	971.7868345749797	0.3846707122814757	8.371969561608621
13	374.59632840530645	1.6822182699055512	8.371969561608621
13	1298.2243550522487	0.9151400237217798	8.371969561608621
13	1058.3288005169125	1.4699047731444446	8.371969561608621
13	889.8773679400354	1.5208758206756048	8.371969561608621
13	715.7881941548806	0.8113008006973296	8.371969561608621
13	1180.1100092911859	1.0183678304867498	8.371969561608621
13	1408.412640642749	0.9000207715626877	8.371969561608621
13	929.9551914012656	1.5120436485207385	8.371969561608621
13	1072.0688977055067	1.6871285761433548	8.371969561608621

14	431.0886847719568	0.8677136101951199	10.800916758223277
14	438.408868916825	0.7810619723525383	3.6743599630741595
14	437.7924554182676	0.9093569804999834	18.072850145555826
14	634.9777065743011	0.6369760672464168	8.430032612731674
14	483.55059606792105	0.979838728491338	8.828450737233329
14	870.5091386708076	0.1924252730833843	8.828450737233329
14	1001.849204674249	-0.18559817390225825	8.828450737233329
14	595.8920835410062	0.605123872591513	8.828450737233329
14	791.1685279969407	1.0959814360567308	8.828450737233329
14	914.0581216787882	1.6356291618186294	8.828450737233329
14	984.694189428431	0.5840689495493457	8.828450737233329
14	523.3730478969121	0.5320993784818004	8.828450737233329
14	488.856295664537	1.6490709032146962	8.828450737233329

15	442.4252379377203	0.7263637901439949	11.1660958323342
15	444.3210111178696	0.9325258139075842	4.313277258006872
15	450.3101909021091	1.1982571615064332	17.791757748785336
15	640.1945439957852	0.7099858243645956	8.443507855906512
15	493.2663890077099	0.931270420240817	9.066338198766429
15	511.80881773486414	1.1263975577784635	9.066338198766429
15	904.922546539807	1.0688619050892738	9.066338198766429
15	388.69638367111895	0.8566870962567066	9.066338198766429
15	436.6957200566426	1.3446373596339438	9.066338198766429
15	507.5484472714844	0.8402373003391829	9.066338198766429
15	861.4040092903409	0.6494903374361589	9.066338198766429
15	232.58753701324684	0.07392599810056631	9.066338198766429
15	1056.5417078172268	0.3069728320603699	9.066338198766429
15	823.9096637390439	0.6872202463054233	9.066338198766429
15	438.0375031287473	1.737052972358025	9.066338198766429
15	479.9865394216332	1.1248939466752284	9.066338198766429
15	991.5150701523254	0.20237242944608286	9.066338198766429
15	1240.945426225105	1.079304117434899	9.066338198766429
15	499.52453034591446	0.9716008348449342	9.066338198766429

16	445.6315559382393	0.7813149907124927	11.436400956666446
16	450.0792002091095	0.8801555306859695	4.748589138801591
16	467.60371730800483	1.0327519819808553	17.99289263045584
16	646.8516850388522	0.710750636641996	9.011977183997091
16	507.528918507979	0.8757931426549626	9.452239239473457
16	264.6499246359324	0.09439427966134539	9.452239239473457
16	350.6956237606765	0.7954492136089905	9.452239239473457
16	1060.843990109155	0.45107275784539164	9.452239239473457
16	770.284138406325	0.9263604504726456	9.452239239473457
16	621.092430407602	1.5404605712515418	9.452239239473457
16	796.8539403902802	0.47100192852770306	9.452239239473457
16	638.4055065585975	1.2850131539461709	9.452239239473457
16	764.4344930524609	0.08614725363833403	9.452239239473457

17	458.12808004485987	0.9917078559823809	11.306028429100607
17	452.8001738212832	0.9274841185795287	5.698213092382324
17	484.09441051885625	0.9334413612503584	18.14259769610586
17	665.6935875076023	0.6427092223227545	9.559884018295165
17	513.8369138095394	0.9795958877575861	9.954333398825032
17	322.2379486312161	1.7932550181981546	9.954333398825032
17	509.9116588877514	-0.10557306060448722	9.954333398825032
17	104.92564700435011	2.4435361124057033	9.954333398825032
17	709.2569157640181	1.0810108790647468	9.954333398825032
17	143.50196095075313	1.5896269610011546	9.954333398825032
17	1243.4509453327414	1.0586555994470952	9.954333398825032
17	756.572570816277	1.5155257132665199	9.954333398825032
17	576.5340503470421	0.3282853311801801	9.954333398825032
17	332.3853712062747	1.1247512925010934	9.954333398825032
17	235.49654783071333	2.1677779682429534	9.954333398825032
17	800.1507123251891	0.07374059047933537	9.954333398825032
17	677.4031963298333	1.1152283328447603	9.954333398825032
17	709.0098875435848	-0.057689687960274905	9.954333398825032
17	374.3429659947583	1.0790905425765345	9.954333398825032

18	475.3602141107325	0.6862356096525819	11.490431205020412
18	461.26094969895155	1.023853951265688	6.0247954815711955
18	501.87520860154746	0.9553355431939698	17.730688379800743
18	665.9488958679917	0.6176590776011451	9.435039057751602
18	524.914129137182	0.8447528577540347	10.195841896613766
18	1308.5606600938909	0.9843844930519355	10.195841896613766
18	117.73571571708453	1.1861812525887299	10.195841896613766
18	400.30635711139126	0.6660852841389153	10.195841896613766
18	833.254153752421	1.3700291027434939	10.195841896613766
18	586.2832172950795	1.0709641149555114	10.195841896613766
18	1121.385943300586	0.34141155651312904	10.195841896613766
18	227.3996182426325	0.7386347449556745	10.195841896613766
18	1408.8485383272825	0.9361961987592503	10.195841896613766
18	521.4717857842148	1.6351734890481173	10.195841896613766
18	576.7494265208661	-0.027077959212008527	10.195841896613766

19	486.9532516715415	0.9939865404526543	11.762488582848711
19	467.9529753370296	1.0034860102408045	6.516883624416817
19	525.4563075896851	1.0324229198032484	17.945162653606182
19	674.2693117074647	0.7747485250909789	9.894663235747652
19	534.9628460173807	0.8977343066679586	10.145132776294552
19	841.5462231727431	-0.001592758779661467	10.145132776294552
19	806.4094490090154	1.4704089466426478	10.145132776294552
19	835.9156462365165	-0.08140954818271343	10.145132776294552
19	742.0803332224419	0.5253639431651806	10.145132776294552
19	633.587649194327	1.4649136413365644	10.145132776294552
19	275.8922701051518	1.2437762197760898	10.145132776294552
19	447.5940139032845	0.13328812897826003	10.145132776294552
19	1213.9722007736539	1.029273216468297	10.145132776294552

20	499.7386929347326	1.0013681403821992	12.13001940575981
20	473.49074697065794	0.9914329150564473	7.562031148268199
20	540.4844482741885	1.0513101873101707	17.947944015662678
20	687.4562510481941	0.7941724954378613	9.844301964175608
20	541.9225909111244	0.9623097485819019	10.496806776005773
20	1259.7454635269787	0.7246795237538345	10.496806776005773
20	353.5040137232846	2.1396227481261563	10.496806776005773
20	988.2894147333922	1.2293390801983202	10.496806776005773
20	617.3584311411424	2.0342265694354382	10.496806776005773
20	1218.3295616645514	0.8345321694299663	10.496806776005773
20	140.28162251762458	2.642767323202312	10.496806776005773
20	464.80396935226287	0.9562274268573756	10.496806776005773
20	344.6313371242133	2.089311227942191	10.496806776005773
20	918.206111837719	0.6688971210558059	10.496806776005773
20	1244.3074078638654	0.9381702862328829	10.496806776005773

21	512.1497559415272	0.8359213506521804	12.38494049614464
21	477.3796289893521	1.1687512982270993	8.12256882296476
21	554.2903513697735	0.907423332351049	18.02803634928432
21	701.7475991424246	0.7832783622131586	10.376000021594567
21	773.2933460442033	1.4553669839128485	10.376000021594567
21	476.3818774780709	0.09385082314786583	10.376000021594567
21	490.65445975148	1.6998775910308344	10.376000021594567
21	949.3185257121715	1.2437463710273018	10.376000021594567
21	1096.8090283150946	1.4842396208823483	10.376000021594567
21	916.6336315121059	0.28457290838800275	10.376000021594567
21	241.454736287681	1.6350734160229843	10.376000021594567

22	525.8980637191847	0.9284868976200332	12.173257273988497
22	486.1478336890751	1.222139743497383	8.63941578312832
22	569.7177633784457	1.0305807014401733	17.678098408580105
22	704.6104610283935	0.7313029982320234	10.361332428633157
22	570.6364505143124	0.7402878583695292	10.857120147033555
22	790.4175194224628	1.406178193030388	10.857120147033555
22	1269.4870229037813	1.1506724607359935	10.857120147033555
22	1110.4915676966439	1.2467943505945074	10.857120147033555
22	417.93617351991946	1.5930144455198871	10.857120147033555
22	1172.805735486903	0.7534673065800577	10.857120147033555
22	1334.8230874779508	0.7885663871606476	10.857120147033555
22	751.6485524256906	1.8187351081994252	10.857120147033555
22	505.7025655634749	1.7865211543150987	10.857120147033555
22	276.72931608083815	0.7070367427520419	10.857120147033555
22	1239.8079166126531	0.683879586373235	10.857120147033555

23	539.0482684182102	0.8583720413888102	12.37321488019397
23	494.3873628378228	1.0106504105134781	9.302865570503448
23	591.4215056554107	0.954551770389341	17.862563443198265
23	716.7764855887456	0.6395516232511571	10.206675654022067
23	576.2823960265115	0.7437838386986171	11.297092095439313
23	814.1046603936737	0.15231678530086482	11.297092095439313
23	1120.6838066583434	0.8482263882144655	11.297092095439313
23	786.6552048403681	1.2785548058902407	11.297092095439313
23	345.1419378872712	2.1220135356351246	11.297092095439313
23	1062.7415523677284	1.9899497711793521	11.297092095439313

24	545.2732066205095	0.9395828702242967	12.62395087075102
24	506.14508379156695	1.112836694204612	9.958102653353581
24	612.3508247703031	1.0103940851711128	18.198752872707225
24	725.6110428386568	0.7873119142072135	10.82312906339006
24	589.50688856657	0.7109114879244818	11.068332696999482
24	203.3397691265911	-0.05703058459627647	11.068332696999482
24	187.89884401588134	2.4928317882564763	11.068332696999482
24	813.3021275626423	-0.20317160110563634	11.068332696999482
24	847.6880066137243	0.3758012032871516	11.068332696999482
24	75.69936283006443	-3.089927781753075	11.068332696999482
24	476.2833977628462	1.2789689157944273	11.068332696999482
24	1164.0015993485058	0.9644183610313621	11.068332696999482
24	1171.4538395617487	0.6690285463753466	11.068332696999482
24	624.0036601341135	1.639706970184714	11.068332696999482
24	302.89862568080594	0.5665527749406687	11.068332696999482
24	982.3388464342187	1.4187366565768424	11.068332696999482

25	569.1640825378886	0.8165526955233996	12.98543637006832
25	514.2780214681223	0.9763063187710047	10.347162207800704
25	736.872959156224	0.804157766419677	10.836182066977074
25	597.5897214556462	0.7893656405167506	11.550208876077848
25	1009.5728958717211	1.0625548303258803	11.550208876077848
25	1310.7144952927808	0.5270564171540402	11.550208876077848
25	79.39219779649126	0.6036489281103474	11.550208876077848
25	1379.0117427144958	0.7526597735480725	11.550208876077848
25	549.5757744074194	1.5615561162404852	11.550208876077848
25	953.7019636446971	1.508254286018022	11.550208876077848

26	575.8009156694145	0.9941133960910813	12.640414496523737
26	530.3456106776808	1.1242802768519495	10.485156892562253
26	654.2593708269977	0.9523116299327005	18.35468858630689
26	749.4061342829269	0.8109649105061689	10.622768223313587
26	614.1360177807791	0.6931858501621412	12.020572527664452
26	899.4932524439757	-0.0893662897706072	12.020572527664452
26	854.0748575542228	0.3728750402930808	12.020572527664452
26	835.9165637344653	0.21151113908620334	12.020572527664452
26	598.3580918479453	1.8804523174290924	12.020572527664452
26	570.3757385083121	-0.15695996296864975	12.020572527664452
26	667.0034180135268	0.45589553687660467	12.020572527664452
26	290.43195069582663	1.5579103513041952	12.020572527664452
26	1110.373752939598	0.8908500681569893	12.020572527664452
26	423.9004025837834	0.0706950761793303	12.020572527664452

27	588.7158219307249	1.0482666617747693	12.964844211110986
27	532.0080167500081	1.35107097319958	10.641978558964684
27	666.9128940773875	0.9684359574934209	17.537310556836307
27	761.3412193730644	0.8813850984433009	11.242038667141761
27	531.0816369003398	1.6587103503684657	11.242038667141761
27	529.217718265026	1.7384643060510896	11.242038667141761
27	972.4813158253821	0.1644733145752883	11.242038667141761
27	639.6391407151593	1.086049644370257	11.242038667141761
27	609.7916431399015	1.8123299594035396	11.242038667141761
27	481.33012394024973	1.2663237969105312	11.242038667141761
27	918.7257039622652	1.5191812153705802	11.242038667141761
27	895.4505081459441	0.7142590950114786	11.242038667141761

28	596.4029531110733	1.1317444416971483	12.836551749243826
28	683.0883923778185	0.908620064265645	18.04082433977025
28	770.215270259518	0.7830908349524532	11.342632780553311
28	629.6150957774868	0.6809007328015285	12.1174933370882
28	419.246235478191	1.7091770069334935	12.1174933370882
28	645.3514271010762	1.2387365239052257	12.1174933370882
28	913.6636377690905	1.5506910238822624	12.1174933370882
28	374.3377129319856	1.8780820697343947	12.1174933370882
28	213.53760588982337	0.6198417640037825	12.1174933370882
28	994.745954694261	0.804810497937016	12.1174933370882
28	254.45390441954515	0.7762732493209663	12.1174933370882
28	1172.8184386278579	0.8511482194889011	12.1174933370882

29	612.8519369561996	1.1610941775418644	13.53697522639348
29	557.8062309133035	1.2571675298593816	11.512818761464052
29	781.7818876385205	0.8161179140384915	11.258514661462875
29	642.9912942308563	0.6451418313664844	12.197958807168105
29	860.4387113735181	1.0227839656308257	12.197958807168105
29	1182.334474741237	1.0352510542213227	12.197958807168105
29	690.2101628785423	1.0623366763160036	12.197958807168105
29	682.1284832566561	0.006339137278348457	12.197958807168105
29	1088.8391313252491	0.8283453031094865	12.197958807168105
29	343.42021940218706	1.1734688966719011	12.197958807168105
29	619.0330409484251	0.5804470780921462	12.197958807168105
29	956.8338564315175	0.4810421134264443	12.197958807168105
29	417.4327934466347	1.718602445563576	12.197958807168105
29	929.269007207076	1.1633450898347424	12.197958807168105

30	624.9696093233385	1.1139854354854075	13.34036738528743
30	571.6621064138395	1.2841763481430577	11.627270620785808
30	722.853028637426	0.9909617342754626	17.99272907889553
30	800.3445889981319	0.9879524020578487	11.562779164397917
30	660.4411947062423	0.5698068997287775	11.956975063500572
30	962.779188873597	0.4467122598794074	11.956975063500572
30	587.6102930832943	0.8755054050542825	11.956975063500572
30	1005.9518431293587	0.5219539467933909	11.956975063500572
30	1299.202042071622	0.7571066474897393	11.956975063500572
30	671.8014526109121	0.26599173407278337	11.956975063500572
30	916.0504209589349	0.6232382103388134	11.956975063500572
30	123.42104700592643	2.862654362097312	11.956975063500572
30	730.1758374005177	0.9878472497276264	11.956975063500572
30	725.3066217784873	1.4261699522487665	11.956975063500572
30	463.4083216635496	0.7593470557284097	11.956975063500572
30	743.2245772437772	0.11391345565126548	11.956975063500572
30	741.9547198015003	0.6449210339976814	11.956975063500572

31	635.3219590693259	1.1338559689939107	13.277189108149154
31	580.7989202072239	1.3434616113145488	12.242168753665533
31	740.189154800465	0.9524707026595711	18.069618374153407
31	810.0955644888899	0.7196061410079779	11.46592419575957
31	671.327101490996	0.6015382314129804	12.082927721370224
31	563.6252213972012	0.0432636203844691	12.082927721370224
31	630.5589990596258	-0.015701580766134392	12.082927721370224
31	178.6501236371956	0.9050147939082834	12.082927721370224
31	1112.492632854515	0.6906911226793808	12.082927721370224
31	492.92098845157193	1.2366927355270656	12.082927721370224
31	194.33182055850313	0.8652300870945976	12.082927721370224
31	648.1715493087675	0.6187323478147637	12.082927721370224
31	887.1639290695447	1.7497154118238034	12.082927721370224
31	692.3503877227923	1.5653904918755923	12.082927721370224
31	1076.0442917205735	0.44248113525584043	12.082927721370224
31	820.5451133669525	0.4160285206141524	12.082927721370224
31	375.57866828911045	2.242095347008798	12.082927721370224
31	1105.0904982949353	0.6574817064541003	12.082927721370224

32	655.1066100171221	0.9088788298044305	13.113319201569224
32	597.6843139070023	1.274132764736607	12.470188567248593
32	755.5019975372854	0.9648095975802399	18.036055498214754
32	682.184172673092	0.44750602562538133	12.0446116176811
32	870.8298354382662	0.7176980490374028	12.0446116176811
32	457.8093478458278	0.35293643611752645	12.0446116176811
32	395.4913631551526	0.9379347001099391	12.0446116176811
32	822.1860935878441	1.6695278798090913	12.0446116176811
32	87.17667669654115	-2.178321879997083	12.0446116176811
32	359.0394481344823	-0.306464095602306	12.0446116176811
32	757.1867273124967	0.10752930943608809	12.0446116176811

33	662.0726479477568	1.075149651744633	13.29106991985654
33	774.1153128032082	1.0490748655065834	17.834063899277766
33	825.5728591778544	0.9008707268647891	11.88601471961899
33	690.1254218190458	0.44905648700437273	12.22826331930536
33	1229.940691968438	0.9347762330152025	12.22826331930536
33	1044.7282509667084	0.2677884023926646	12.22826331930536
33	1134.8367579202934	0.52007563022481	12.22826331930536
33	690.7016994669436	-0.08854942811052045	12.22826331930536
33	904.7923719486193	1.6568127867989906	12.22826331930536
33	280.88181001363955	1.8038313862067017	12.22826331930536
33	1328.4888548054516	0.6487915003880343	12.22826331930536
33	294.77117591150756	2.3079043459364867	12.22826331930536
33	1050.6807554737072	0.4994753973964299	12.22826331930536
33	952.000931216596	0.94481956114442	12.22826331930536
33	545.6970897919477	1.1932785332246039	12.22826331930536
33	1159.888515127007	0.9179404179435682	12.22826331930536
33	1112.044804058528	0.8164738156019083	12.22826331930536

34	676.4241070464835	1.10614629326364	13.356321989317816
34	618.3067820871138	1.489861989982297	13.252543982931513
34	791.9365566221053	1.0084845133789202	17.784317637514306
34	842.7581183685877	0.8361881410388214	11.925472542163162
34	711.9856598782336	0.7033156878363425	12.664007042171402
34	288.1056279392298	0.42291386520754926	12.664007042171402
34	551.77845996374	1.4166401052098596	12.664007042171402
34	647.5114217936684	1.0604076588079365	12.664007042171402
34	752.710249948647	-0.0027386420081927237	12.664007042171402
34	948.2085080324496	1.5934632352254794	12.664007042171402
34	1215.156044093602	0.5953031675641707	12.664007042171402
34	907.4737457841052	0.10294411852926323	12.664007042171402
34	641.6019327151043	0.36003402058492584	12.664007042171402
34	240.19088061955244	1.0406379489903417	12.664007042171402
34	878.3914114215357	2.0013871879306233	12.664007042171402
34	869.5715572836339	1.094688173561683	12.664007042171402
34	851.6538925906922	1.5980277283026447	12.664007042171402

35	698.9502552825803	1.1242869560187088	13.786900491102962
35	625.4918291398262	1.5626424210482501	13.573324267449333
35	810.4270014301964	0.9243714551171094	17.87698750429079
35	850.3521299369337	0.9794822916966239	11.888810286392962
35	719.777638092673	0.5897855256071004	12.823498928723923
35	224.87492285740257	-0.36756915549742025	12.823498928723923
35	851.790045253063	1.57516225777031	12.823498928723923
35	277.2713657890535	2.4106380449287363	12.823498928723923
35	562.0790158569665	0.9770755932136617	12.823498928723923
35	951.8096500630668	1.4075728962757388	12.823498928723923
35	830.9659374440542	1.074653640468784	12.823498928723923
35	259.6960995227304	0.07983291052516932	12.823498928723923
35	510.3858363664732	0.7472635745003999	12.823498928723923
35	226.38823122938888	1.7400006436240671	12.823498928723923
35	892.5417379966984	0.5622827388981584	12.823498928723923
35	958.1016908065229	1.6920227813755195	12.823498928723923
35	850.5342923265356	1.740286236061865	12.823498928723923
35	1070.8703553008795	1.1889365274069013	12.823498928723923
35	1064.8125495067536	0.4140143655607769	12.823498928723923
35	930.3430282246791	1.0854472067602468	12.823498928723923
35	366.77583315927717	1.77671564523003	12.823498928723923

36	645.7631655726194	1.476226365903396	13.60563448045934
36	823.7189976321339	1.010248306987196	18.126612660442902
36	871.5991475981791	0.9970039046178388	12.47838489270699
36	736.2324559639022	0.5604509547099568	12.586173813392138
36	1298.9310704270615	0.6179313472982346	12.586173813392138
36	251.92538672225925	1.1477801013278948	12.586173813392138
36	269.666630322008	0.31475408838242197	12.586173813392138
36	228.99064997510973	1.8572991910440866	12.586173813392138
36	839.3523589524602	1.1795203300573458	12.586173813392138
36	376.3090692115163	0.22042950687617285	12.586173813392138
36	111.48085642242062	-2.937515274943662	12.586173813392138
36	238.22181361669962	1.0033345090272776	12.586173813392138

37	718.38564841656	1.1047467288297728	13.458688837904896
37	656.9849204293457	1.4979896997901179	13.796489790791426
37	873.0827021613424	0.9885702660239087	11.932457926562918
37	744.9505496025015	0.5003331046756699	12.531657518648766
37	1123.7997958480987	1.155546102311683	12.531657518648766
37	498.67348023811076	0.7298371022293435	12.531657518648766
37	800.5077718291135	0.7046821316038735	12.531657518648766
37	858.2482318350469	0.27485153010912566	12.531657518648766
37	1076.9024850453418	0.8941539999177284	12.531657518648766
37	365.5562361552048	-0.03832228350726506	12.531657518648766
37	186.8992811453885	0.19215665809798416	12.531657518648766
37	902.2411728444104	0.35397118428260016	12.531657518648766
37	197.73777840575323	-0.446849612375104	12.531657518648766
37	948.6102576366978	0.17901175322283633	12.531657518648766
37	995.3480416431146	0.29622422732445114	12.531657518648766
37	1100.2958187776844	0.5083860674353201	12.531657518648766
37	994.2451091822252	0.6069347848469062	12.531657518648766

38	737.0390190943729	0.9856732912812033	13.69106382878297
38	675.6987248101277	1.2068471392531848	13.773459584096441
38	863.116325653649	1.051488136460233	18.16289125247753
38	889.0352254851219	0.939452887342653	12.517647605066953
38	759.9542557460784	0.438440218032423	13.035047259897352
38	485.3672471415582	1.9724643853934258	13.035047259897352
38	493.10939974564906	1.7144733872267939	13.035047259897352
38	533.4103729829335	0.5868658622351554	13.035047259897352
38	751.8992830834827	0.7664743492890975	13.035047259897352
38	349.2162325378829	0.6365934766085071	13.035047259897352
38	610.328880749747	0.6069327824779923	13.035047259897352
38	1226.0006671055717	0.7454276687629504	13.035047259897352
38	871.0503246585602	0.887562606805693	13.035047259897352

39	751.7450568615819	1.2093224323866878	13.550748128093446
39	687.0753533052923	1.4064944797874332	14.019509798218177
39	885.5590882538577	0.9424869508314557	17.742328279167165
39	902.0306134470862	1.0508308754555584	11.921169854448085
39	775.685873355511	0.5356842342109895	12.83585418600896
39	629.0109548585765	1.6264958339704019	12.83585418600896
39	918.2312080568828	0.5439296587364588	12.83585418600896
39	816.0549869666334	1.7070426797659257	12.83585418600896
39	625.9360146053742	1.8049864722526239	12.83585418600896
39	338.81312640056774	1.8532740443417253	12.83585418600896
39	815.0686361671729	0.4944053327797536	12.83585418600896
39	111.9154733955939	1.8386698034945494	12.83585418600896
39	883.6815493683758	1.727431717457922	12.83585418600896
39	1195.8733679597578	1.1506160042256257	12.83585418600896

40	763.6227160564897	1.2983588561813246	13.726768484096677
40	901.0419566474277	1.1404626429822495	17.983368391530753
40	911.1974569257552	1.0116245717319012	12.259305568242194
40	785.5470573547569	0.6264287533353087	12.615786212323222
40	1131.7003341835732	0.4067354990638753	12.615786212323222
40	389.1298285413302	1.3079856372438665	12.615786212323222
40	1011.212674287981	0.38253107518980145	12.615786212323222
40	1139.4648113242793	0.6016068293633882	12.615786212323222
40	984.8548545095016	1.5741323817776793	12.615786212323222
40	882.6855562622864	0.23157118326301646	12.615786212323222
40	861.0942533946396	1.2138139464594917	12.615786212323222

41	771.6111776458679	1.0790454201957833	14.214499127725368
41	713.5585588476256	1.4709992585610234	14.400252590257907
41	920.0292023145117	1.0826468732306371	17.830280422131228
41	925.9317572499708	1.0309741295698092	12.928382777309816
41	795.2542875341946	0.42917202565837903	13.265002726682162
41	621.5455389056997	1.8610156274580034	13.265002726682162
41	166.93322503957057	-2.650445833336258	13.265002726682162
41	694.8673280047359	1.4836185015752312	13.265002726682162
41	674.0357013767245	-0.27478144096398216	13.265002726682162
41	353.6120406399487	1.9912592574444758	13.265002726682162
41	351.46104868217765	2.1235529978382806	13.265002726682162
41	213.77067548135767	0.4661678254937429	13.265002726682162
41	771.2043302368327	0.27199856301075576	13.265002726682162
41	314.44366884434	-0.1151066783118039	13.265002726682162
41	611.6533943642246	0.4436889670663937	13.265002726682162
41	1076.099578645165	1.2403088909232611	13.265002726682162
41	986.9544832127045	0.19506689590418919	13.265002726682162
41	431.31314709171664	0.0729948461164251	13.265002726682162
41	950.5822274217323	0.8868335103044767	13.265002726682162

42	786.8936754762101	1.153261064001346	13.873202081564354
42	727.7166376717659	1.5436295494322965	14.45166227409973
42	937.2238250994831	1.0640890813093096	18.056532564578696
42	938.1861005958226	0.9097121885974985	12.576666377367527
42	805.2512771685232	0.5474023386089426	13.501863195893046
42	790.9018873558899	1.8327872938965617	13.501863195893046
42	645.0277729933116	0.3527126487703003	13.501863195893046
42	220.89338504082102	0.22817132540759363	13.501863195893046
42	537.8154773148574	1.4758502688129749	13.501863195893046
42	1154.1346913573088	1.1641571031203755	13.501863195893046
42	786.1098456894215	0.6257723049023859	13.501863195893046

43	800.4133085463544	1.33248715605743	13.96777439695792
43	745.7786533221221	1.5017603397372616	14.866316726420633
43	956.7329428118524	1.1082713891553955	18.03596185416933
43	953.2455081622412	0.9864794259368794	12.41512032851694
43	824.7277717461826	0.45949787515729695	13.324127251355884
43	564.1682064135912	0.3290340101240324	13.324127251355884
43	1036.9698877997116	0.8747174355340507	13.324127251355884
43	1096.493256554702	0.46711711724355426	13.324127251355884
43	294.0748983285486	1.563580952185715	13.324127251355884
43	769.7493108841761	0.1530656233113702	13.324127251355884
43	573.915391120568	0.17103021706156737	13.324127251355884
43	998.2556196345043	1.7907801919595216	13.324127251355884
43	1168.8629579248318	0.6974098612863063	13.324127251355884
43	994.5931824422166	0.25625339303397243	13.324127251355884
43	140.0687924129335	0.44588957139542307	13.324127251355884
43	712.5083113402496	0.47240631922151777	13.324127251355884

44	812.9677138840223	1.134420390896438	14.079249564620623
44	761.4667971719996	1.4155929530483353	14.833596755929165
44	974.430460413167	0.9594242787267082	18.00895260357117
44	963.2351975536529	1.011222736323273	12.932383306217025
44	835.457554692134	0.6065816818392669	13.010308854657545
44	420.01507645483446	0.8592642315111986	13.010308854657545
44	932.2776970930987	-0.18211322575821348	13.010308854657545
44	879.8568200427386	1.6525709815456913	13.010308854657545
44	593.9027811033776	1.6648589488031467	13.010308854657545
44	831.1968361274786	0.50259057032502	13.010308854657545
44	890.8575001893764	0.6209821167920746	13.010308854657545
44	679.5553159787164	1.1891827235704648	13.010308854657545
44	179.5722014910287	-0.048456712375131175	13.010308854657545
44	255.67240907530507	0.8136307464942959	13.010308854657545

45	831.4802819763381	1.3244136226372456	13.791558190660872
45	770.8832270291803	1.5783621082040162	15.139477303983396
45	989.9574781675042	0.9736862024647328	18.07540660381489
45	978.0733646176728	0.9927906479046607	12.686353122314118
45	846.0439098886475	0.4348695414287309	12.981376383117352
45	597.4857137582276	0.6475875390868381	12.981376383117352
45	338.3038919948916	-0.31937363141286385	12.981376383117352
45	528.4279562708319	1.6811293200305015	12.981376383117352
45	904.4697965951667	1.8105558161817614	12.981376383117352
45	1179.9633930418677	1.1145534689872467	12.981376383117352
45	875.8561044684202	1.1055770238625822	12.981376383117352
45	1067.2788206215648	0.38059243418075117	12.981376383117352
45	679.1573832210029	0.783679503352026	12.981376383117352
45	578.749675167969	1.1285931533872384	12.981376383117352

46	847.390931192425	1.304565526631543	13.959030118020278
46	786.1525334741676	1.5890396663128044	14.981395544271493
46	1008.1854852859657	0.9203212774141841	18.347521780719582
46	991.3453503019667	0.9140406165476297	12.633400318687666
46	861.6429437163825	0.3682232541633118	13.229454299425283
46	1312.2258939711007	1.0332912850625489	13.229454299425283
46	975.1375140346397	1.1717879967161067	13.229454299425283
46	653.6409722528324	0.7263383988900955	13.229454299425283
46	860.9015479704431	0.8131981234496835	13.229454299425283
46	909.2187206445544	1.3663167281261202	13.229454299425283
46	1172.4515304261151	1.231171844567029	13.229454299425283
46	865.4055797337927	0.586864978301084	13.229454299425283
46	601.7435305389691	1.148526311138904	13.229454299425283
46	774.2733866682087	0.04599669052497288	13.229454299425283
46	1042.3910254220302	1.3708419237266816	13.229454299425283

47	862.6696446776789	1.148142053987851	14.012783144596014
47	806.253201768642	1.5849074047852685	15.497197824361573
47	1027.7982182832745	0.9645188364256998	18.24658249923344
47	999.0205742233828	0.9228652754870059	12.649900925829547
47	877.9644084337212	0.5017266941153159	13.607777878880597
47	1408.1940446961892	0.6723644915755158	13.607777878880597
47	1061.6914350775153	0.5809998923776151	13.607777878880597
47	1065.2449857110462	0.7244779783358801	13.607777878880597
47	536.800906491152	0.8304090803275016	13.607777878880597
47	529.9986162916272	2.0162952254598854	13.607777878880597

48	878.2011937745253	1.1603218074683912	14.044046089087493
48	819.0359136716818	1.6064174527145787	15.027794388159089
48	1046.6522410223051	0.8896300938804781	18.087115760388045
48	1004.3240505829003	0.984020784212136	12.877081484816904
48	888.4462439223868	0.3485629184137816	13.054955624340968
48	470.4804562608908	0.7638562994956852	13.054955624340968
48	723.5218612651681	0.10386375839092887	13.054955624340968
48	1263.7786754265899	0.7471349337874171	13.054955624340968
48	894.4520940317807	1.4508050386301226	13.054955624340968
48	681.4907348666158	1.987171908980384	13.054955624340968
48	973.5547852989401	0.09769834277238505	13.054955624340968

49	879.7349268736216	1.1494262155511752	14.34893992290985
49	833.8887981412046	1.5687810560522972	15.56056891964359
49	1061.7624137537264	0.8844888182166253	17.952780430809106
49	1024.168609098427	1.0206340491940153	13.279279521890512
49	901.9199009910259	0.5921521502493111	13.455093281297682
49	830.6386073925956	2.047966701310376	13.455093281297682
49	520.0006278161271	1.6252561090947741	13.455093281297682
49	448.06211707286116	1.1832002970354027	13.455093281297682

