scan	range	bearing	velocity
0	321.78963538371346	0.3797431417855006	4.6969124012807155
0	461.91830278166293	0.11052883341367328	-6.709466437609978
0	177.85649901026363	1.0441148892318226	18.17395196590145
0	540.783439558603	0.3531989318104889	3.871802410780578
0	395.0093703535775	1.3100841016176907	2.8462868621044715
0	160.21287055491763	1.8259175691729679	2.8462868621044715
0	120.8780763222186	0.8272338967377071	2.8462868621044715
0	372.8181697078552	1.6956365360791825	2.8462868621044715
0	803.619279705368	1.7776024435823023	2.8462868621044715
0	660.1589471004738	0.9187138450351431	2.8462868621044715
0	870.0563026647706	1.0280432653331975	2.8462868621044715
0	287.2055679794717	1.4683022106916408	2.8462868621044715
0	896.4543850854542	0.3531460137224748	2.8462868621044715
0	573.3180416433624	0.18617290392116287	2.8462868621044715

1	321.2688385632096	0.36337110968872055	5.0858972838891585
1	455.39892937213466	0.28276595040729663	-5.708579013063687
1	193.8131803549521	0.8324723165843291	17.697118496612415
1	548.3075896079018	0.09905921938938075	4.352759519025662
1	402.103568839874	1.3791092039493191	3.495868900873551
1	460.13167654167364	1.3830973003761609	3.495868900873551
1	77.84650003142465	-2.8881786003992413	3.495868900873551
1	1406.3039557108514	0.8379591664722968	3.495868900873551
1	204.3851649459	0.9961906572024223	3.495868900873551
1	837.9356948336208	0.5637664692537034	3.495868900873551
1	565.7677541785267	1.8798102602069582	3.495868900873551
1	305.7674683004991	0.6762373783296795	3.495868900873551
1	696.455381696257	0.7399728622897055	3.495868900873551
1	976.6506630039961	0.46591592891760364	3.495868900873551
1	564.2165907650871	1.5528538691963947	3.495868900873551
1	884.797077315997	0.5396331898727253	3.495868900873551
1	565.1848012035101	-0.022057597570686902	3.495868900873551
1	542.2940676325361	0.4846039837500372	3.495868900873551

2	323.3047556679541	0.4028978418269573	6.1026664430893
2	445.40781801057386	0.29785594598202786	-5.36772608724318
2	215.24854532177645	1.0961310033672016	18.46342432500451
2	549.6818229869757	0.1947125727856499	4.998067830242449
2	411.25293204084215	1.2914406690376345	4.035971246713814
2	650.6424969353137	1.470325232649064	4.035971246713814
2	196.2500715863868	-0.15874978328990008	4.035971246713814
2	515.5272942583846	0.6635992068889183	4.035971246713814
2	268.8800370783417	1.6910876227814462	4.035971246713814
2	1062.9569837520369	0.8489734190840563	4.035971246713814
2	344.5825205713243	0.8785040056373017	4.035971246713814
2	475.9947834716077	-0.006963199519686686	4.035971246713814
2	1181.5235709523417	0.7222619115375045	4.035971246713814
2	708.2543040970296	-0.04322146620283215	4.035971246713814

3	331.8610560887313	0.42884973725074865	6.502391817274992
3	448.74620531782955	0.2643796528093533	-4.628027052463406
3	232.06351688351037	0.8148722857812928	18.0084452031342
3	556.5745614999894	0.3735188277766297	5.181387365358611
3	403.19520665032576	1.1584695935067317	4.411226960333382
3	1024.7442197687105	0.08312688501968413	4.411226960333382
3	612.9350759849494	1.1505966613316148	4.411226960333382
3	1137.6292880486208	0.755353052873274	4.411226960333382
3	873.1978616780466	0.345512115441013	4.411226960333382
3	1073.5833642104103	1.5482974848827853	4.411226960333382
3	938.8506503535925	0.7736047292181667	4.411226960333382
3	1066.8721099787326	0.9047934981718613	4.411226960333382
3	285.4676467139921	2.348690080679103	4.411226960333382
3	1006.0709051192028	0.27590002362273913	4.411226960333382
3	990.9878899508443	0.05702688676951957	4.411226960333382
3	332.3613386956436	0.18850119874007032	4.411226960333382
3	619.0846438811787	1.4400762740335558	4.411226960333382
3	677.4429419207285	2.0298359362756373	4.411226960333382

4	338.7236997710009	0.38315328420806827	7.046832353757541
4	439.114381339598	0.39126911904774586	-3.587611656103413
4	250.45101140468645	1.0494103013847949	17.749837057082605
4	560.3698322494226	0.4984305929976701	5.762034958150823
4	412.82361552730856	1.1598262095296874	5.107413921837171
4	117.07968218851539	0.30654639791541805	5.107413921837171
4	939.8875141335623	0.03132456011812837	5.107413921837171
4	964.3362701163453	0.09988051405117968	5.107413921837171
4	601.5732611911396	1.355469896781737	5.107413921837171
4	962.4580789997275	1.035066968374945	5.107413921837171
4	729.6166730264871	1.3166380286110264	5.107413921837171
4	671.3007422554682	1.1684982437443925	5.107413921837171
4	830.7966928175124	0.1011327827494202	5.107413921837171
4	1277.4759870902067	1.0999048397423554	5.107413921837171
4	1108.3384934198116	0.7489612021408601	5.107413921837171
4	1097.6394815650965	0.8673524181194265	5.107413921837171
4	792.5618863725832	0.37453485960435307	5.107413921837171
4	628.7547907280817	1.889364593448103	5.107413921837171
4	1243.320111487217	0.6138682518114467	5.107413921837171

5	352.94779353073744	0.4656315518176055	7.41676026070424
5	264.931973757935	0.8905145105518326	18.096304509551906
5	568.5729070378918	0.338842554239982	5.725518835236854
5	416.190857469946	1.1377667699390637	5.647414818794996
5	866.9091656284496	1.7086302336906454	5.647414818794996
5	1296.1004229175023	0.8960102453248457	5.647414818794996
5	1071.657760455873	0.9273567294359011	5.647414818794996
5	665.3287050995754	1.7782883449390732	5.647414818794996
5	946.9644002911726	-0.024015824708274208	5.647414818794996
5	938.4517691095673	0.6893223587547053	5.647414818794996
5	65.1878537493406	2.7047466022979165	5.647414818794996

6	349.5417135623217	0.4873161719142141	7.96642522351573
6	434.53282720868947	0.5663592090928995	-2.368403449600533
6	288.1893257530719	1.0685014881274577	18.21517369636543
6	573.0585480607505	0.3129481473926472	6.0315379865533245
6	427.47072784883574	1.1134917325820592	6.084947510041116
6	645.6745047221681	0.04795007545033186	6.084947510041116
6	782.4604275783935	1.4021681422371688	6.084947510041116
6	962.5695686952226	1.0999232559874572	6.084947510041116
6	829.7257104199209	0.6250575937082945	6.084947510041116
6	353.4341259019756	0.8652529099496825	6.084947510041116
6	193.1436406866259	-2.6577809502470267	6.084947510041116
6	963.6880722868399	1.0765743451677143	6.084947510041116
6	714.0325447300385	0.5384270718652344	6.084947510041116
6	962.9497742043858	0.309286699093822	6.084947510041116
6	1255.054780841132	1.1493772720370614	6.084947510041116
6	975.4874470248283	0.14393046047688757	6.084947510041116
6	733.3862333188583	1.1792379335744285	6.084947510041116
6	1027.4220730287288	0.2809754168382219	6.084947510041116
6	662.6085516129529	0.6031167449092166	6.084947510041116

7	363.9185171813439	0.6305263437329416	8.162460965090906
7	430.3549615152776	0.40737018847423595	-1.9682584984468696
7	308.714555835683	0.9356852269271801	17.888964850598015
7	579.517641326883	0.6221440984945259	6.718452928861928
7	427.5699095240387	1.4248329622041807	6.4242549873769805
7	1104.3093134093435	1.0399420568941538	6.4242549873769805
7	675.4229920438428	0.47411413159576815	6.4242549873769805
7	982.8439649916377	1.0949493965257016	6.4242549873769805
7	950.8768367135356	1.3078968820318562	6.4242549873769805
7	931.5971777105261	0.27224138688955746	6.4242549873769805
7	463.1016007075325	1.2466786225310993	6.4242549873769805

8	428.8349221459827	0.5710384001205904	-0.7860210907963754
8	319.4089662849206	1.0860988044335806	17.946546952823272
8	580.7053625594842	0.4621113395612322	7.177524325398747
8	435.52005957588267	0.9674913913631287	6.808348790905326
8	691.6557742719752	1.4909174156256122	6.808348790905326
8	461.95898872296044	1.1788327494010673	6.808348790905326
8	674.7111341869826	0.8904856046897168	6.808348790905326
8	263.912192678547	0.37188122233279575	6.808348790905326
8	826.7308450559862	0.4016057953702767	6.808348790905326
8	825.8464989306227	0.9338805165712134	6.808348790905326
8	100.39321394765452	-1.2216247556015607	6.808348790905326
8	214.7417390913522	2.2969349659653964	6.808348790905326
8	836.3787643163771	0.7852394931194178	6.808348790905326
8	728.3956218660447	1.0731430907168447	6.808348790905326
8	112.44341376040603	0.834067415218104	6.808348790905326
8	1097.3511275818103	1.9346690578458552	6.808348790905326
8	882.8867857076634	0.2968339458662506	6.808348790905326
8	96.59099619072265	0.8326986671838819	6.808348790905326

9	382.8951495925491	0.6118270262793704	9.072520897362038
9	426.61602015153306	0.6064711504533611	-0.14093532403163583
9	339.79239075539516	1.1556241053143046	18.02920012449755
9	592.6994469448774	0.3976557919280932	7.130228090832072
9	445.3380921875638	1.0329764290049785	7.083851937592131
9	674.4669886814809	-0.09917892918584408	7.083851937592131
9	926.5125499922091	1.0428146002204846	7.083851937592131
9	1038.31628155196	0.3089866277435486	7.083851937592131
9	300.6408305477625	0.3665321136293096	7.083851937592131
9	384.81412846270086	0.4391308681876608	7.083851937592131
9	1026.8867066639316	1.5388819171470507	7.083851937592131
9	172.60704614074686	0.7069839855948952	7.083851937592131
9	481.8129911482053	1.2680125444451587	7.083851937592131
9	561.6943973143138	1.6412523786430633	7.083851937592131
9	836.074020317569	1.1776448271857087	7.083851937592131
9	1038.526316091164	0.8049708890767808	7.083851937592131
9	667.0497581747048	-0.21990333784921837	7.083851937592131
9	905.1090243303311	1.17172400119377	7.083851937592131

10	390.54763849702385	0.5325709843640137	9.398172803925549
10	427.80236676010156	0.5961449454646455	0.542577460082715
10	358.94255886418154	0.9966754394245886	18.105283219080363
10	599.6853572071334	0.4243122068406039	7.450299572811244
10	448.2499547691799	0.8609511210153467	7.532334387358316
10	855.9771723446539	1.066561599267957	7.532334387358316
10	1045.6838424637333	0.34463081547083113	7.532334387358316
10	653.8658109763902	1.8968369916838985	7.532334387358316
10	416.39494125226963	0.9492986509185998	7.532334387358316
10	844.9070877114469	0.5087170914715071	7.532334387358316
10	471.0450449448685	1.2918818064863846	7.532334387358316
10	444.93986733539987	0.12260048700444501	7.532334387358316
10	935.8930305984006	1.2447152003191728	7.532334387358316
10	98.7568083708891	-0.038800872497156844	7.532334387358316
10	864.2178514032793	1.7462488145966228	7.532334387358316
10	1219.8324373839616	0.6207376966012008	7.532334387358316

11	401.9901035175794	0.521092305577227	10.060525219855318
11	431.9897561901745	0.7255206478549855	1.1676879128981719
11	375.0235962885061	0.945168388152336	18.200236793403135
11	606.3058381570974	0.48126377820246585	7.760673251943453
11	459.3390822589592	1.0038748259258625	7.94687982615283
11	861.5888262091639	1.2936676387284967	7.94687982615283
11	1023.7721196441122	1.4144935153030809	7.94687982615283
11	847.1336615745291	1.5573568873663357	7.94687982615283
11	907.5987041034302	1.0843658392144269	7.94687982615283
11	643.6693801316503	1.0244541173302462	7.94687982615283
11	577.1715340560721	-0.24539183298714734	7.94687982615283
11	648.9881318749632	1.6428781078453654	7.94687982615283
11	1347.5565470560132	0.875873520617061	7.94687982615283
11	830.2087999923582	0.6377828200773054	7.94687982615283
11	946.6088187094383	1.1201477281416257	7.94687982615283
11	919.903894150522	1.1899228754235482	7.94687982615283
11	878.9631907626942	1.483388670092442	7.94687982615283
11	155.63553996537644	-2.5046149420865036	7.94687982615283
11	318.9829547109147	2.1996010601149374	7.94687982615283

12	412.3217524308927	0.7801663955627595	10.033772770766307
12	431.67228705056704	0.50194745064767	2.033550577248229
12	399.6621713714419	0.9053292908692057	17.977879163612258
12	616.0603450289728	0.5713073852963646	8.11040671038187
12	467.85341231858314	1.0259592837448657	8.306136418787158
12	706.7554495141205	1.4813627400908025	8.306136418787158
12	1026.3964596681806	1.3399328742132617	8.306136418787158
12	1109.1641945457766	1.076546077476363	8.306136418787158
12	574.8341487367835	1.1261748612360287	8.306136418787158
12	621.4187178026496	0.1425446646440089	8.306136418787158
12	344.68848716289773	2.174178764826804	8.306136418787158
12	319.1988440072164	1.8064114267500662	8.306136418787158
12	254.17908705607394	-2.8436620681220193	8.306136418787158

13	416.28896661928707	0.8651415531015753	10.067968582097656
13	413.59572104671236	0.9537618336170889	18.132370427475067
13	621.6387830804293	0.5615042938277127	8.017148835682717
13	476.2658062897077	1.0027966893757692	8.355442282058648
13	529.7934635532494	0.16350883629693544	8.355442282058648
13	462.31317515670054	0.6885532851526143	8.355442282058648
13	765.3680786727467	1.7865697187517275	8.355442282058648
13	819.8953462914019	1.3532571405095275	8.355442282058648
13	1113.3951279306848	0.8387313172772846	8.355442282058648
13	1323.688341228613	0.9139965537409591	8.355442282058648
13	802.7751140850545	0.8563256833942826	8.355442282058648
13	1289.5767348414054	1.0471643854979584	8.355442282058648
13	958.6755892481063	1.4375665239020066	8.355442282058648
13	737.6601140351147	1.5953949552953437	8.355442282058648
13	205.0677212271188	-0.0938275011148666	8.355442282058648

14	437.4174850638434	0.785691563737359	10.822927149104556
14	439.23217948527184	0.9085057383359604	3.769759859043669
14	628.5778119217802	0.44275616202940643	8.64629047593308
14	482.6318841975117	1.102739492988333	8.980573552397004
14	225.2922087515775	0.9011263365050562	8.980573552397004
14	420.9136371793768	1.1812083616302804	8.980573552397004
14	255.8851500950399	2.1454587958722917	8.980573552397004
14	1317.142805583629	0.8364472475314346	8.980573552397004
14	1322.3792628318104	0.7161395604061916	8.980573552397004
14	1199.7405220288956	0.9813762655961451	8.980573552397004
14	424.793837989257	0.36951463355539327	8.980573552397004
14	890.9026160771245	1.8962167265891776	8.980573552397004
14	302.3513602636547	-0.0887237378684883	8.980573552397004
14	803.4425629421455	0.710140011861947	8.980573552397004
14	695.2232836829922	1.4387673089220925	8.980573552397004
14	1227.8513420388697	1.0380479378516367	8.980573552397004
14	710.2254824235214	0.5942898790177376	8.980573552397004

15	446.8471317358381	0.9233282456284502	11.0553438785351
15	444.76195539456046	0.8523429389164029	4.014119013873823
15	449.4062951003068	1.0482969913234397	17.963054320098255
15	644.8500673968379	0.5442270214475134	8.700934631260866
15	491.5734409451484	0.9339109815653696	9.266742644528659
15	172.38282630350255	2.971115780059716	9.266742644528659
15	797.1064132330465	1.2685923828858718	9.266742644528659
15	400.3558353916965	1.6246918556202956	9.266742644528659
15	1027.403060146963	1.1174389106129197	9.266742644528659
15	235.89310169434057	0.3386999831490662	9.266742644528659
15	904.374992802178	0.4470111087214561	9.266742644528659
15	207.12980672291283	0.9560068594057357	9.266742644528659
15	1203.3076362254224	0.8147854215367059	9.266742644528659

16	455.0358107234957	0.7981699729771652	10.97336578152753
16	448.0932590915775	0.9001809518073249	5.275703980288584
16	653.5351988223952	0.69062465101702	8.89592949633196
16	502.47559520211024	0.9795099743911154	9.299534921244012
16	1045.3974470393314	1.2698870947794538	9.299534921244012
16	513.8937674037885	1.7854115645593769	9.299534921244012
16	1195.813174849626	0.8956025943509962	9.299534921244012
16	984.6149642885085	1.3191014305563482	9.299534921244012
16	508.8711486699726	-0.013041485176757418	9.299534921244012
16	75.4634535132005	-2.464645968092661	9.299534921244012
16	1110.2701572952983	0.869564065162191	9.299534921244012
16	1013.9093022381019	1.1324462338121057	9.299534921244012
16	805.4744953507815	1.7843078983985596	9.299534921244012
16	406.7541025286131	1.000120677084057	9.299534921244012

17	465.9441943337482	1.0061929719227107	11.618654420846802
17	456.5099928188052	1.0463878764124557	5.563664107444004
17	489.9741693935514	1.0730638162953439	18.105253526281594
17	666.1595390305924	0.756800101923774	9.116944515216066
17	511.9535220943633	0.7330359788505358	9.811439829715024
17	717.4856736085557	0.4290611510856235	9.811439829715024
17	556.9970896875296	2.077262274222941	9.811439829715024
17	558.3362592876679	1.0625494607838293	9.811439829715024
17	77.46457342806296	-0.5156764066853003	9.811439829715024
17	765.7148472046729	1.2481628423139175	9.811439829715024
17	991.979321128937	0.8217501554531756	9.811439829715024
17	856.1115948977991	1.6471414930881865	9.811439829715024
17	1067.0408318385812	0.9016638146154199	9.811439829715024
17	1043.0754839238903	0.922650256616137	9.811439829715024
17	1084.459035461283	0.6446140745302975	9.811439829715024
17	1212.2074948769655	0.7865512157425143	9.811439829715024
17	942.0232272573836	1.1197382190876761	9.811439829715024
17	633.8462969424721	1.2993538842175698	9.811439829715024

18	479.3806832022056	0.9110595911867185	11.164778282514714
18	505.3549788008367	0.9839406465672659	17.923268207840135
18	676.6981201267743	0.6634588680966063	9.397744239666395
18	519.5774977302498	0.7539465159429428	10.179272300288428
18	1031.131754432144	1.0810359518344093	10.179272300288428
18	689.4716901999625	0.6486046911431256	10.179272300288428
18	236.4114310724801	-3.029782255316934	10.179272300288428
18	840.8936021228023	0.44147240830320433	10.179272300288428
18	578.9916748760203	0.7375880299383354	10.179272300288428
18	957.0864526504154	0.7585591297297677	10.179272300288428
18	871.3500122969898	-0.060921737556999936	10.179272300288428
18	458.1931056332158	-0.30547224397313577	10.179272300288428

19	488.64793358206134	0.8598785200651379	12.215454283836696
19	461.80697366499976	1.1174103424690254	6.646925507517068
19	522.5841785206475	1.1198339895652152	18.22185211735865
19	679.9872155877114	0.8127277167370278	9.630617601414912
19	534.4154135078608	0.7384145479295597	10.347999343653631
19	452.26590684765466	1.1254003613252286	10.347999343653631
19	803.2045408000413	0.7954802037143004	10.347999343653631
19	662.2939478273044	0.9380393439190914	10.347999343653631
19	59.96914805033042	-2.809517545263821	10.347999343653631
19	722.8577996502532	-0.0038865972415844247	10.347999343653631
19	765.2033840209033	1.785013034318294	10.347999343653631
19	267.44267671751845	2.463596791107826	10.347999343653631
19	351.4907795486301	0.21008335046292206	10.347999343653631
19	1350.369558941636	1.0670507609313402	10.347999343653631

20	475.04967402823985	1.0651108088006604	7.54341870904437
20	539.8180147020805	1.0068702734764838	17.89799412453187
20	688.7102541937904	0.6413471637735427	9.674235548743658
20	545.3738923145664	0.8234072191193137	10.241564133108964
20	1151.11999611153	0.739886549435329	10.241564133108964
20	1171.5937916522885	0.9185412021599136	10.241564133108964
20	892.0339055869587	1.7704943094367322	10.241564133108964
20	759.3053697956777	0.8907350449277235	10.241564133108964
20	904.1812482868489	0.019157034190205743	10.241564133108964
20	42.437597369630836	2.0132626340180635	10.241564133108964
20	785.6848172303928	0.08452339378351545	10.241564133108964
20	951.7439847435129	1.7487964662735638	10.241564133108964
20	482.78583443690405	1.0260195755936197	10.241564133108964
20	421.29873005732395	0.047771448177744535	10.241564133108964
20	611.692029926657	0.7537597075482299	10.241564133108964
20	53.97056773136259	-2.1596243061507545	10.241564133108964
20	1178.7759490084268	0.6926882450992384	10.241564133108964
20	644.2043324746076	1.5066796953796577	10.241564133108964

21	514.900913296557	0.9715708640581466	12.235741048613681
21	557.3376217815774	0.8517976403619254	17.97971816219042
21	552.2808939354571	0.7991686699851318	10.420479920397181
21	1027.5579265697986	1.5021622695448362	10.420479920397181
21	500.623797059691	1.3822964134198577	10.420479920397181
21	243.15968224870892	0.14072916856504708	10.420479920397181
21	1031.6024059626513	1.5534407207710408	10.420479920397181
21	939.6627093606223	0.8821048296891474	10.420479920397181
21	1005.1597051608217	1.0918975764296408	10.420479920397181
21	208.17401674818512	0.9199809445811918	10.420479920397181
21	1097.9453674880638	1.2389834430881375	10.420479920397181
21	245.88271866281613	-0.16024252838742115	10.420479920397181

22	521.634124150934	0.8902453721689569	12.12637531733043
22	495.480187028271	1.0640448896715955	8.609411039926782
22	582.7001369845548	1.0410389123524664	18.098084875137232
22	704.4097034413107	0.7864078675458873	10.074865879478512
22	568.0527957006399	0.8001494510276543	10.576149013902143
22	1063.1455086812805	0.963648260333483	10.576149013902143
22	323.9242535448421	0.8998134207255007	10.576149013902143
22	758.3836720520585	1.9528497534327574	10.576149013902143
22	1112.365973681675	1.123536414696559	10.576149013902143
22	330.8677087109991	2.1194629816836428	10.576149013902143
22	977.60048864642	0.17064568894622026	10.576149013902143
22	832.3036433808935	1.4712258260831348	10.576149013902143
22	886.5566921776485	1.5634152540714124	10.576149013902143
22	898.4225658237974	1.1294468266387563	10.576149013902143
22	558.338459806092	0.31418591936606033	10.576149013902143

23	535.7231551404627	0.823836507357214	12.339244827408596
23	493.24605315238625	1.0757400043911403	8.885021998391391
23	597.4607789482615	0.8223438188612057	18.172014752287957
23	720.3631375123224	0.6712824215157	10.425197176631203
23	577.4510265072128	0.6645738533536542	11.009701984307286
23	952.8983915507486	0.9747305573891445	11.009701984307286
23	936.5305320015844	1.011354632303134	11.009701984307286
23	543.203339401566	0.5433732721717089	11.009701984307286
23	205.35551450260277	-2.5965470565792756	11.009701984307286
23	763.3444952648231	0.8444429301932003	11.009701984307286
23	22.160403997072894	-2.522597195529567	11.009701984307286
23	154.1012088803331	2.3567572867549686	11.009701984307286
23	1127.1291270426073	0.5282606728686103	11.009701984307286

24	510.073803738822	1.1909611502869188	9.257907762559425
24	732.565184544597	0.8786041534871264	10.356605867540372
24	589.6015513217237	0.7052881649636147	11.306155749500283
24	856.003057592013	1.0487423631254909	11.306155749500283
24	1138.4835239009733	1.1237877582499518	11.306155749500283
24	792.5090064315576	1.118426960831649	11.306155749500283
24	384.8971572905813	2.025476622462948	11.306155749500283
24	626.1615136753231	0.7725257707983871	11.306155749500283
24	1005.0610315893523	1.447697765271964	11.306155749500283
24	936.1146009031851	0.6680405645105751	11.306155749500283
24	165.5718899503205	0.7960781441883957	11.306155749500283
24	708.6107373838995	1.4401178426783081	11.306155749500283
24	1062.9949118391155	1.6566092493142344	11.306155749500283
24	456.01230226913117	1.620431169369878	11.306155749500283

25	561.7197470127991	0.907230500641393	12.75695508398711
25	515.0026272082494	1.0046979313916984	10.087014381594708
25	623.8419849111061	0.8890526536981262	18.02655730399696
25	740.4200175236094	0.8403669457547767	10.672643007156541
25	592.7324043420522	0.7776974850399413	11.407793877527286
25	366.02067200207466	-0.08261799322170402	11.407793877527286
25	370.8735822351514	1.2557968588925092	11.407793877527286
25	224.37186073229373	0.20604048854696022	11.407793877527286
25	737.9386689968375	0.5878275552499289	11.407793877527286
25	689.9857767844719	1.5644314000109085	11.407793877527286
25	302.8398314835895	0.8311416774299321	11.407793877527286
25	475.12637313674395	1.029613181368976	11.407793877527286
25	443.47267011861237	0.5642351666821205	11.407793877527286

26	568.1228144073209	0.934197310253882	12.671881654932871
26	523.7204451756311	1.1122281851973626	10.360104430881819
26	651.2685936715942	0.8633830686024518	18.141441519330705
26	744.1827331603683	0.8284144548438678	11.090957788899697
26	608.5114583275425	0.6460149169949965	11.567372675243735
26	747.5436910911626	1.2786083429847968	11.567372675243735
26	1386.2571074542163	0.8064630372518706	11.567372675243735
26	838.1554063758869	1.0292747214230804	11.567372675243735
26	742.6249206380141	0.14890237740762746	11.567372675243735
26	1000.8370186717402	1.1861868192870695	11.567372675243735
26	465.5273771680633	0.6997537470984071	11.567372675243735
26	1302.368870651056	0.7403790522643845	11.567372675243735
26	524.0833261263562	0.7145474942254677	11.567372675243735
26	324.08642433837025	2.1236078226425996	11.567372675243735
26	1222.885882385696	0.9224261351331728	11.567372675243735
26	766.9799216117895	1.1077043111511504	11.567372675243735
26	1359.4695895614166	0.8436409258477069	11.567372675243735

27	585.0853054818442	1.2060167256058465	13.20175664510821
27	532.6352128799483	1.2812069410726414	11.065084289735022
27	663.0176300162661	1.003058622492434	17.772373970355098
27	765.6774484770225	1.019662348517885	11.306325091793274
27	621.056644277689	0.6198259503426818	11.682501146676092
27	632.1552156226436	1.1467424092255876	11.682501146676092
27	965.2226275717735	0.11132141970608783	11.682501146676092
27	510.22638099154216	1.855764062219381	11.682501146676092
27	738.9620005220097	1.4185683828158497	11.682501146676092
27	1000.4286964379023	0.7690645248277936	11.682501146676092
27	877.6213974597141	0.48393050500130896	11.682501146676092
27	1074.3516906446555	1.816832158294473	11.682501146676092

28	602.048504025199	1.1381137660079137	13.054680443582562
28	540.2269996190672	1.3728220731500858	11.224699742737785
28	684.6290266153641	0.9256427022136717	18.14472145371087
28	777.0567431078905	0.8722742708728386	11.559749970274932
28	634.3090256303582	0.7912864247158412	11.876889904823289
28	37.11342777414953	2.7626864360735675	11.876889904823289
28	198.46674543243557	1.8088695272352833	11.876889904823289
28	1205.78526699833	1.1337175415217178	11.876889904823289
28	832.3827392252646	1.3158182142952335	11.876889904823289
28	412.60247490959415	1.8234687238056948	11.876889904823289
28	256.41502930590303	0.5065108907255575	11.876889904823289
28	796.7646124911157	-0.02582362643333453	11.876889904823289
28	488.103552269891	1.821986212761399	11.876889904823289

29	607.9168910732913	1.0672554408628685	12.833971212970553
29	561.7762736403129	1.2951139906301812	11.302414628383476
29	701.8384090983543	0.8178776950328881	17.95635078141368
29	782.2504785593662	0.9191250282646599	11.35578371471744
29	648.6479953132593	0.7209232766798522	11.832536589185715
29	808.7280257053318	0.8629556589994686	11.832536589185715
29	748.1772308744041	-0.21072806175570596	11.832536589185715
29	164.80276496688177	2.1748406433421796	11.832536589185715
29	1161.3812133822798	0.8933531188129941	11.832536589185715
29	968.3175783171929	1.2676156256687456	11.832536589185715
29	71.48332361936617	0.4195196231489222	11.832536589185715
29	1003.212028108084	0.38877101362532385	11.832536589185715
29	208.52490671419804	-3.0278492693822776	11.832536589185715
29	680.2367412947208	0.06542864823562654	11.832536589185715
29	579.5707457543781	1.205442603177529	11.832536589185715

30	621.1635751126623	1.0977073430933677	12.942482328941146
30	567.9126909117583	1.2220514456229352	11.990390150299092
30	722.598452768551	1.0376311110643097	17.90484133526292
30	791.9155247513747	0.977039409154524	11.404967971378287
30	660.6482316752056	0.5982930459173081	12.209280042676681
30	96.87319104912395	0.7260470745110744	12.209280042676681
30	480.28358370956477	0.8463261217705383	12.209280042676681
30	761.1633762160097	1.0607071855932753	12.209280042676681
30	794.8087011830235	0.7894125383052274	12.209280042676681
30	596.4946496435686	0.6526140884116465	12.209280042676681

31	633.8719313363557	0.9369740150354746	13.238469111966126
31	581.4599519430059	1.3402721921001868	12.207844523411865
31	739.6662040087963	0.9658622665642325	18.15445655354433
31	807.2497650199914	0.7375802403810222	11.159697321923383
31	669.9746171575833	0.5479813259525657	11.763767430634562
31	1098.0462401131977	0.467261423586747	11.763767430634562
31	267.92311911922644	2.5841127430149373	11.763767430634562
31	737.1224197691549	1.2213684543149848	11.763767430634562
31	825.4344320181798	0.39102223641638856	11.763767430634562
31	787.0725697346738	1.3833692959190413	11.763767430634562
31	703.6814456907418	-0.05094990919972538	11.763767430634562
31	1098.4677890538521	1.1321627411396944	11.763767430634562

32	656.0965960939343	1.1067086852105523	13.476285756463199
32	758.2718026678682	0.8665380105215463	18.349710993012344
32	819.9706067644464	0.6840148485995774	11.628140750311566
32	680.301880099104	0.7061286891139645	12.345991690135456
32	455.5380981325642	0.8114839303781813	12.345991690135456
32	1071.7807842267327	0.4780807441209934	12.345991690135456
32	151.19199995729366	0.4394366788007669	12.345991690135456
32	349.6307695036893	0.3131928309308353	12.345991690135456
32	343.9093896882388	0.6148678064342443	12.345991690135456
32	474.2846439117558	0.8915955692177323	12.345991690135456
32	1035.919834164193	0.222524456820119	12.345991690135456
32	730.1646925954997	-0.02978464307753767	12.345991690135456
32	491.77027493426925	1.8980568137910405	12.345991690135456
32	1011.7630806940618	1.4724214369236601	12.345991690135456
32	382.0501241949673	0.23398652695644656	12.345991690135456
32	406.45811351022036	0.33949152978651864	12.345991690135456
32	665.0169584431133	0.9407515169484686	12.345991690135456
32	632.75964909391	1.699961696494443	12.345991690135456
32	320.0835240824362	2.1009675987118817	12.345991690135456
32	1246.855868610385	0.6288812506501151	12.345991690135456
32	1089.5225911345956	1.8857991170133763	12.345991690135456

33	669.2677681226022	1.0714544377627468	13.299096039235641
33	605.3651498241569	1.3901771004954993	12.922096911272966
33	780.1192112740101	0.9968322194047604	18.109779476249457
33	826.7048649391584	1.0158333741462002	11.736595863671067
33	697.5370317800891	0.4381782793429744	12.215938324710324
33	1092.297933984219	0.8627810741227772	12.215938324710324
33	548.1195052159644	0.6151856482425847	12.215938324710324
33	896.0485517184085	0.7533040126823316	12.215938324710324
33	1015.3522316180286	0.40641884619167523	12.215938324710324
33	995.3035409701517	0.9536168944376492	12.215938324710324
33	604.3551265225645	0.5478602980118774	12.215938324710324
33	652.7909675253811	1.0952359402081155	12.215938324710324
33	770.605741593288	1.2787245230205162	12.215938324710324
33	919.3560457149817	1.2356033665030746	12.215938324710324
33	724.8716236691112	0.2163984284384155	12.215938324710324
33	898.7692972102508	0.5558723779648655	12.215938324710324

34	679.3347063978223	1.0914172122825536	13.507105641074062
34	793.060207888918	1.0288011615542025	18.01270032449743
34	837.9136116877611	0.9356021062865432	12.03355066677975
34	709.5682863080757	0.4944904451399602	12.652529479188598
34	1156.3665017707074	0.953908538704231	12.652529479188598
34	360.88218610387	0.912913767081105	12.652529479188598
34	962.2076544499548	0.04958200174545935	12.652529479188598
34	831.2167912894504	1.0311303441158595	12.652529479188598
34	255.16594302601612	2.625953162614239	12.652529479188598
34	829.0478792611598	0.8076910262173724	12.652529479188598
34	957.1390726985221	0.35634247497631333	12.652529479188598

35	692.3429741518003	1.1162701688833858	13.772176136331737
35	635.5873052526229	1.4610700606422364	13.3729593321976
35	810.465186964536	0.9231953095112526	18.0840967068585
35	850.8171079903518	0.7803055359847206	11.933617998299713
35	721.9482666689591	0.6429306087079003	13.027953760143165
35	1145.49411558927	1.0702257078885407	13.027953760143165
35	683.4634065431921	0.7378033446827892	13.027953760143165
35	796.7993639773605	1.2580905602699426	13.027953760143165
35	413.00323801080043	0.40310157424318915	13.027953760143165
35	1020.5533292012224	0.20050086721750598	13.027953760143165
35	371.56700707299024	-0.09044660397260797	13.027953760143165
35	805.6665121255672	1.91174723114591	13.027953760143165
35	938.8762151963797	0.07647106050702068	13.027953760143165
35	994.6350614894251	0.08101804307140678	13.027953760143165
35	878.3154750281722	-0.02947242724649731	13.027953760143165
35	754.0800693521983	1.5508085124874933	13.027953760143165
35	225.49386498570894	-0.5072143765955283	13.027953760143165
35	103.17329949722108	-0.6078893536965043	13.027953760143165

36	709.1838412890206	1.0998079097439186	13.34759622871193
36	646.5062992497512	1.4191915228875414	13.297741746419337
36	831.3500973081708	1.010089800909815	18.299006094853226
36	864.3481684506339	1.1422638708706578	11.987184771149375
36	732.1481749747833	0.3616992350985203	12.955460504638655
36	1194.3789528321547	0.6567145162943152	12.955460504638655
36	1179.2085418752094	1.1093905862105453	12.955460504638655
36	665.2474195465512	0.3545880465074114	12.955460504638655
36	984.566075405627	1.8320165710548009	12.955460504638655
36	1338.8565911419735	0.8737818929006576	12.955460504638655
36	745.4465381280017	1.042798264889166	12.955460504638655
36	638.9424035597438	-0.0503869728384424	12.955460504638655
36	1112.459006137557	1.2574869080516087	12.955460504638655
36	959.3142958711629	0.43801830900285016	12.955460504638655

37	725.0823682723131	1.0942816218824503	13.4220699303656
37	656.8211722224875	1.4425127222976626	13.762484918518334
37	850.3262276759524	0.992199179669462	18.142751428585523
37	876.9498320842583	0.81471035362848	12.112646644361512
37	190.03630711170177	1.7816442793262484	12.112646644361512
37	516.2831353296866	-0.14350128917236957	12.112646644361512
37	738.7496526715079	0.26639760337985496	12.112646644361512
37	1032.542374487099	1.3008356419616212	12.112646644361512
37	544.3547107986564	0.46361382925637146	12.112646644361512
37	898.2766870303667	1.005005478138543	12.112646644361512
37	1053.297579336723	0.5813186402859284	12.112646644361512
37	1013.5423580523928	1.795334379476634	12.112646644361512
37	478.6591255864577	1.5362862559894228	12.112646644361512
37	710.5812528282607	0.14024175837167205	12.112646644361512
37	538.6883630256515	0.6380176759117612	12.112646644361512
37	706.3050448685921	1.8031174140870587	12.112646644361512
37	246.41918086680724	2.3976833044993904	12.112646644361512
37	906.3336593479802	0.9316771894177139	12.112646644361512
37	796.8769915253572	1.5832941621093772	12.112646644361512

38	733.0387248221352	1.1208232729438559	13.579159179298765
38	669.7779447478935	1.27948361400267	13.867546229254364
38	865.7683214067955	1.0266692716906924	17.870707345783735
38	891.1374962802316	0.7171516405977373	12.008920483919022
38	756.6194940444161	0.6038193225046018	12.667463206176148
38	794.1684588297326	1.291644224710142	12.667463206176148
38	375.5664342665985	0.8741480075718738	12.667463206176148
38	454.803635573144	0.297631518744206	12.667463206176148
38	832.8654562118795	1.459820867898082	12.667463206176148
38	470.907131173071	0.6908308607833862	12.667463206176148
38	922.5380283904241	1.8556150928656339	12.667463206176148
38	51.44888742119093	-0.451458547861371	12.667463206176148
38	742.6487105313278	1.5705184675399821	12.667463206176148
38	440.2259057921866	1.0180962802667424	12.667463206176148
38	67.28380241061666	-3.0546085300132195	12.667463206176148
38	536.1627639443172	1.3300107761616067	12.667463206176148

39	751.2483548439803	1.13692602461207	13.878383180526077
39	689.1785915799478	1.5096181056781313	13.900369636139608
39	898.642426008225	0.8123961021925336	12.317362854141848
39	1169.4325204089102	0.7581156506710873	12.317362854141848
39	1041.1910002340594	0.3987307617124046	12.317362854141848
39	1224.4985757695272	1.1089799664642226	12.317362854141848
39	886.631489432205	0.5504270155947695	12.317362854141848
39	837.6154361429792	-0.020845067383067996	12.317362854141848
39	971.0712518041663	1.5952305586815607	12.317362854141848
39	1203.2279406332152	0.5956135318831147	12.317362854141848

40	757.6054101716792	1.3083614489675957	14.105714344734803
40	702.1167209247518	1.5197690728672482	13.862881178387504
40	900.5122896000482	0.998470910010756	18.038085789816044
40	917.2498052563693	1.000566490512286	12.156698156050851
40	782.9117521211667	0.5245889561625627	12.901543355478939
40	105.17782316185973	-0.4362867917279046	12.901543355478939
40	274.753035538395	2.4393858275415305	12.901543355478939
40	867.9446662874642	0.11873074716662613	12.901543355478939
40	1054.990459764814	1.650289622184239	12.901543355478939
40	229.66542414809766	1.8457935267790087	12.901543355478939
40	1005.0438154603073	0.1376249866167244	12.901543355478939

41	777.1832934587287	1.0799572324263453	13.71178274474977
41	719.0734761474553	1.6289427332808946	14.583675034340418
41	923.2932143249047	1.0222198720644775	17.890136749952376
41	928.0932640781269	0.9996681254014278	12.234181005738971
41	794.1037977744605	0.4217687151850801	13.130750540359932
41	825.9458270848618	0.790604749524228	13.130750540359932
41	935.3000235931555	-0.053986290533711914	13.130750540359932
41	789.4111130173536	0.3277105611198057	13.130750540359932
41	1106.9022244430366	0.4493454094084269	13.130750540359932
41	1110.0095805751553	1.1184924986885456	13.130750540359932
41	124.43149631761719	2.173480097385292	13.130750540359932
41	1040.954754479416	0.9712873423406633	13.130750540359932
41	976.4294441522414	0.1394461053639851	13.130750540359932
41	1069.7452864823817	1.6380079192110941	13.130750540359932

42	788.8593654990318	1.095702955755563	13.828693143423495
42	725.1126715719645	1.4563499451741826	14.632645158841582
42	943.3054954272377	1.0244705864732904	17.4986463339331
42	939.6057996189752	1.0348233631452914	12.245161167655983
42	808.1371550271986	0.33058944149667735	13.3767596475423
42	746.4311244255814	1.2978050990189354	13.3767596475423
42	893.953789028413	0.6500165035340815	13.3767596475423
42	245.3044356779939	2.3126883983828423	13.3767596475423
42	579.9697945554803	1.101185481308892	13.3767596475423
42	1388.9675521034787	0.7817733702033283	13.3767596475423
42	816.9159011848789	0.13219608102201647	13.3767596475423

43	795.1611486371296	1.2638757732914756	13.84951206675355
43	742.5828026709854	1.6207998390221146	14.309052706828881
43	945.1863723977841	1.0590769200730152	12.352324015326502
43	818.5601799822202	0.7175149519766787	13.38607215530167
43	940.6034676741122	1.6018542356993826	13.38607215530167
43	564.0041346851472	1.506341415716996	13.38607215530167
43	922.7715651025916	1.5008189398417937	13.38607215530167
43	643.4690659983809	1.830835967099583	13.38607215530167
43	602.3742160864952	1.8334091613256243	13.38607215530167
43	584.4866891009407	0.41535958602381934	13.38607215530167
43	939.7679856801008	0.16133861774319974	13.38607215530167
43	1194.1663410287865	1.047704751521299	13.38607215530167
43	685.3433817505141	0.5808293051853869	13.38607215530167
43	652.9960617407946	1.4658262491432987	13.38607215530167
43	321.5564235506244	1.1650409356544482	13.38607215530167

44	817.5244588058788	1.204278401764542	14.081685746724725
44	980.3201422787664	1.1259033552551692	18.26759985380023
44	960.8642814784965	1.0252361132662793	12.28476815324221
44	828.4603595200858	0.477023482835976	12.996434502709993
44	786.0496155174739	0.13929062395960745	12.996434502709993
44	1045.3985209846167	1.6441222505433326	12.996434502709993
44	352.6708172427246	2.0897025593089116	12.996434502709993
44	1219.7574025293295	1.1241009247084663	12.996434502709993
44	267.8894771500962	1.4893747157476942	12.996434502709993
44	613.7954080075979	1.0559289090821697	12.996434502709993
44	908.290092609241	0.32242784927598617	12.996434502709993
44	203.90301644520937	-2.796838664931972	12.996434502709993

45	835.5213198084562	1.1003869774174706	13.83669437747753
45	774.5502173692905	1.5401641073588888	14.69220348974729
45	993.0812152847045	1.156676127830341	17.58533128555937
45	981.989565528089	1.033039250242806	12.637269718885145
45	843.9207538526977	0.4589321475758744	13.281195372546971
45	695.0489117276464	-0.13879455646996744	13.281195372546971
45	327.2873362325674	1.515465353448621	13.281195372546971
45	440.3468024191473	1.540726143532706	13.281195372546971
45	163.9071627534662	2.901866607439406	13.281195372546971
45	791.7662092413765	1.9985018940723858	13.281195372546971
45	435.71396564644033	-0.003630175074919015	13.281195372546971
45	1037.904755595374	1.3019882286503086	13.281195372546971
45	619.4671488089572	0.7441577266692716	13.281195372546971
45	1161.5119096293809	0.7218449063285644	13.281195372546971
45	656.0973818782435	0.024211791574610023	13.281195372546971

46	844.8800598245598	1.1457236936144324	14.273769434510534
46	789.8411179848935	1.5512135103867102	15.352084966785345
46	1005.1927186356124	0.9637996582971425	18.223485104720677
46	991.5434322833387	1.2278869400407162	13.035259449168068
46	864.0542211791781	0.4254816397973595	13.410589460837834
46	1004.188574587897	0.4158559145687202	13.410589460837834
46	1040.9358419262162	0.10602604621740312	13.410589460837834
46	472.0886702898501	0.45271699513446517	13.410589460837834
46	861.8643926099204	0.04435168652302802	13.410589460837834
46	681.8236936010322	0.4145530380915674	13.410589460837834
46	914.502387589427	0.564003219462443	13.410589460837834
46	809.5200763921009	0.7153236562078817	13.410589460837834
46	766.4024162878136	1.0065399693347967	13.410589460837834

47	861.6406145470778	1.2875035614300652	14.062014376330469
47	806.4070624220019	1.5691695160659924	15.191716465142052
47	1023.515190517117	1.024900090853162	18.091365963116885
47	995.2690640632821	0.8890074126353406	12.483733216566568
47	872.7853164062204	0.4155753935539953	13.400672325736075
47	714.999927270898	0.7249742390970918	13.400672325736075
47	1011.3122190529076	0.01344187530665205	13.400672325736075
47	1040.47952037823	1.183838889329001	13.400672325736075
47	311.7414465355005	1.8290721642104004	13.400672325736075
47	417.74363982172025	0.7286848815261081	13.400672325736075
47	1018.5354303285255	0.8065801490721577	13.400672325736075
47	933.7527005232773	0.7129061262189005	13.400672325736075
47	139.93854857289418	0.3445169314986414	13.400672325736075
47	1129.7323074526653	1.1754533965815133	13.400672325736075
47	1037.7367687737185	0.5807554003505143	13.400672325736075
47	1048.0133735073018	0.24914879900099995	13.400672325736075
47	136.14531450326567	1.9801438203284696	13.400672325736075
47	126.42438701590869	1.2855395850736562	13.400672325736075

48	873.3319613593122	1.3866455739541526	14.614290237363077
48	823.7431952116239	1.5679299078511986	14.957962965890546
48	1043.2303109645384	1.0156727509978891	18.130352771182853
48	1010.2408172665839	1.0312936107595319	12.956040200194378
48	884.3837118158261	0.2234059689750741	13.65447315711514
48	495.1025491432278	0.4591820668993331	13.65447315711514
48	360.1181743791038	0.016732819013421163	13.65447315711514
48	931.5657562532479	0.7637562674779229	13.65447315711514
48	439.8722716287299	0.6000312282023846	13.65447315711514
48	913.3181354329666	0.23054751498554912	13.65447315711514
48	36.68343908235998	-0.978373590345786	13.65447315711514
48	211.38873373959333	2.0139655185956213	13.65447315711514
48	882.3832993169967	1.133268800949995	13.65447315711514

49	884.0744884571003	1.2035023983758988	14.365466462278752
49	838.1924325879116	1.697223890494388	15.278514234754045
49	1031.4530795945882	1.0532138817659735	13.351954414304398
49	964.3499350235854	1.8530747928240754	13.351954414304398
49	726.2319444750813	1.9764787058963267	13.351954414304398
49	486.59626212699334	1.1527463066226455	13.351954414304398
49	1372.4006525676518	0.8351408093510069	13.351954414304398
49	1225.8846750171645	1.097000479924798	13.351954414304398
49	1129.5972533238673	1.2285852468396647	13.351954414304398
49	876.0159980317914	0.6884028668778911	13.351954414304398
49	882.8748488719004	0.7170227188712451	13.351954414304398
49	400.03186120057757	0.8153963019429195	13.351954414304398

