scan	range	bearing	velocity
0	318.72773042437916	0.3133863271471054	4.629114965260163
0	463.2791445223861	0.29836435649047915	-6.5396719628627125
0	180.56735199487187	1.0180730506732476	18.138013178867283
0	397.51137374424485	1.391948056447842	3.2648165085147154
0	908.9943250785471	1.0138894009413126	3.2648165085147154
0	971.7632022755367	1.886209059434468	3.2648165085147154
0	1040.7346064793428	0.742097192175642	3.2648165085147154

1	321.12665550217207	0.49519132847415914	5.669112336579142
1	454.7288972939903	0.3845457679719949	-6.185064041433072
1	196.52104292737397	0.8655428728240475	18.231956881862303
1	542.5380879491776	0.2988759847697515	4.2659114915141405
1	396.0803036838563	1.3240948653171918	3.722509113015041
1	896.3637838897015	0.4335855140595122	3.722509113015041
1	1296.8643781700364	0.892217739950661	3.722509113015041
1	523.5683935538881	0.786347143068423	3.722509113015041
1	130.3023340363161	2.713716587937032	3.722509113015041
1	330.9925195244215	1.6052645733606044	3.722509113015041
1	849.316443825924	0.168289993004113	3.722509113015041
1	1028.2465165692836	1.4328709912811914	3.722509113015041
1	770.6984074358418	0.4768206038748949	3.722509113015041
1	969.9450333036704	1.4475111582636402	3.722509113015041
1	794.2190000583508	1.7652588104468674	3.722509113015041
1	715.5364684667819	1.2641479075491158	3.722509113015041
1	970.4646944551838	0.3197015362791421	3.722509113015041
1	843.1469825532348	0.035386638494959835	3.722509113015041
1	304.49767206549734	0.2136251937136443	3.722509113015041

2	332.57745905442965	0.4426745917790794	5.851941598435391
2	451.3717810537439	0.4668174953517452	-5.145742875283602
2	215.0280956250329	1.1934291679186335	18.174869582682412
2	550.7652486809342	0.22713592228319504	5.275985633890074
2	400.2083218360593	1.2802458079298809	3.912751799793484
2	359.3885128393504	1.3557310590912557	3.912751799793484
2	825.5245729916737	0.19297139360520338	3.912751799793484
2	718.8251702673672	1.0593376934178977	3.912751799793484
2	345.52257578880506	0.8762046812391537	3.912751799793484
2	892.3846653554023	1.479727721031836	3.912751799793484
2	900.7404025349255	0.12667430938846466	3.912751799793484
2	766.2691113559666	0.1501997747661833	3.912751799793484
2	1033.5440399129554	1.1906990475456116	3.912751799793484
2	1113.4181114493251	1.0025578061213185	3.912751799793484

3	329.6804889956742	0.4717710235736841	6.511853573313871
3	437.24211241854243	0.33084821721331464	-4.734207442210267
3	239.28945385028695	0.9244425902494339	18.167147762870485
3	552.1539856056847	0.348982418955292	5.069631305824036
3	410.2303629429359	1.3520364924998596	5.08388042666829
3	321.37853472052916	-0.3554230534359442	5.08388042666829
3	506.54084975819006	0.09860236857777038	5.08388042666829
3	556.7173091061926	0.42042796453499737	5.08388042666829
3	21.176881581981938	0.10508406393970109	5.08388042666829
3	674.7045722485518	0.4952302425390044	5.08388042666829
3	876.2102723043151	0.9874775313549256	5.08388042666829
3	724.7856571471443	0.3458542584718022	5.08388042666829

4	341.77007819335853	0.5410434059043768	6.473755287972774
4	436.8186314193972	0.5565941769850764	-3.774918605016838
4	250.59056578703857	0.9881600944744232	17.701645926336536
4	560.6203720159172	0.30570268952459984	5.72455498194707
4	415.9189029587194	1.2384176159069473	5.254473223061673
4	522.2239263207875	0.4392574285077307	5.254473223061673
4	718.7511500146741	1.5402377753716434	5.254473223061673
4	159.68184155712706	1.1426219732276381	5.254473223061673
4	345.3795890731918	1.5603811955407687	5.254473223061673
4	138.11454064225885	-0.7448662479261052	5.254473223061673
4	785.87050822314	1.8365999156417976	5.254473223061673
4	279.2217582845697	0.06305583462061098	5.254473223061673
4	1029.4315029764964	1.0377381213427859	5.254473223061673
4	707.6810698902069	1.4547782867513315	5.254473223061673
4	1093.7595787625105	0.7424678469182159	5.254473223061673
4	989.227120984568	0.41237002904961184	5.254473223061673

5	347.4001134082016	0.4080349639329659	7.516476912913168
5	436.09117717517404	0.42426436540250584	-3.278407712831204
5	564.3744503430607	0.449711498748975	6.138934944578462
5	413.16743423575014	1.0132192655092775	5.371986761902976
5	727.7882434261917	1.4414490542710372	5.371986761902976
5	756.0559766912428	1.4859015554965773	5.371986761902976
5	745.2508021737838	-0.03409688231908553	5.371986761902976
5	880.2636103592865	0.38817376978048246	5.371986761902976
5	788.1055092202773	0.769139279690518	5.371986761902976
5	1082.9772905437983	0.8073059363431363	5.371986761902976
5	582.2022183345063	1.1402042618120776	5.371986761902976
5	620.1975128069273	0.575178744309578	5.371986761902976

6	354.5889100573002	0.5817143408391452	7.877599573899044
6	436.6087316418201	0.557048543413704	-2.274522836523289
6	291.32298980044726	1.1048709433808144	18.050933168832643
6	572.3901252677902	0.3111121607840591	6.253745085687589
6	424.2278177829678	1.2154207056637878	5.975784549286017
6	537.7203960944524	1.6326327938879452	5.975784549286017
6	681.6720614385276	1.0198431567140944	5.975784549286017
6	1332.4751795092386	0.9497913307702275	5.975784549286017
6	863.2072998626285	0.97920573991209	5.975784549286017
6	799.6892825662346	1.4864055098428004	5.975784549286017
6	437.8564395674772	0.3328130600111052	5.975784549286017
6	757.3765780025833	0.9721463420964521	5.975784549286017
6	869.9465487533192	-0.08111172700277322	5.975784549286017
6	861.3208372008966	1.166829271047966	5.975784549286017
6	751.4721441938096	0.8508257679901109	5.975784549286017
6	1020.6332392192746	0.48221379809287723	5.975784549286017
6	943.0134275348927	-0.06947841626574092	5.975784549286017
6	850.8914272121864	0.5557054543649895	5.975784549286017

7	366.0189748915503	0.5131536055857479	8.611441208333245
7	435.5400872006208	0.5094353480496402	-1.7085921593359554
7	424.9131661118296	1.0816023276546944	5.900499478308969
7	1064.6389926898207	0.8679455713406741	5.900499478308969
7	1051.5830846032256	0.5828673813290844	5.900499478308969
7	985.5500891857203	1.638197359878161	5.900499478308969
7	393.49513753343706	2.132977874560221	5.900499478308969
7	537.1841527737992	1.4711917495758302	5.900499478308969
7	1173.919959215696	0.682112997431854	5.900499478308969
7	452.2063656181867	1.2566258471963065	5.900499478308969
7	442.7637139858341	1.3120048137450862	5.900499478308969
7	101.75000568322764	-0.6646908904593306	5.900499478308969
7	480.94718086222196	1.9541630018397287	5.900499478308969

8	371.75613339700925	0.6266846248431084	9.249225676919007
8	433.54840067391683	0.35659858471575845	-0.8013757847650177
8	322.3959674727578	0.83675144209738	17.88260702819536
8	587.6734613624346	0.42489145610714046	6.734859451685279
8	429.9577519742343	1.1252089627731847	6.982590610827007
8	952.9164437592648	0.13824590229710007	6.982590610827007
8	844.7539977757542	1.8798165301937844	6.982590610827007
8	190.9495098018257	-2.913349233993746	6.982590610827007
8	772.6226090774385	1.0919506613185004	6.982590610827007
8	1188.4000520880495	0.8354634842757147	6.982590610827007
8	652.0497640205657	0.02693924077928625	6.982590610827007
8	881.8135432692611	0.312675006058392	6.982590610827007
8	1003.4711848277209	1.3605584095588206	6.982590610827007
8	863.1511601108647	-0.2466630558342469	6.982590610827007
8	257.42903963912295	0.1806783197766497	6.982590610827007
8	380.6750372993445	0.9497793548007146	6.982590610827007
8	1277.3770810329033	1.1343576925502503	6.982590610827007
8	279.55992545322454	0.9166782386688248	6.982590610827007
8	918.7316224060984	0.2893718897185493	6.982590610827007
8	1284.6888571126756	0.8146867359153313	6.982590610827007
8	964.3359013200192	0.6095098998151502	6.982590610827007

9	381.33205446386523	0.5783040802874576	9.41273072239869
9	434.9218107578053	0.5277367406241347	-0.10190330696870686
9	342.47081061109265	0.903926725772716	17.963871394029574
9	588.4956963324697	0.37946744902440144	7.006285310123486
9	441.3603059405622	0.9730061929221149	7.164940661884075
9	1121.3830734671906	0.7832710271828579	7.164940661884075
9	747.5044607917492	0.8243600897156678	7.164940661884075
9	565.6796054781846	2.0954015933228245	7.164940661884075
9	1076.8537607416808	0.8708961533540444	7.164940661884075
9	816.9525613587454	0.19114821233857698	7.164940661884075
9	690.9025258306103	0.5292208244822607	7.164940661884075
9	1235.1426938735276	0.9735612980188411	7.164940661884075
9	939.6432140208375	0.1490062542568207	7.164940661884075
9	1173.8590524320991	0.9769820473996557	7.164940661884075
9	221.94322424642547	2.4890197458371524	7.164940661884075

10	389.31045804197083	0.7171621698968826	9.909602848097329
10	425.9980046374498	0.6414154848759042	0.7217260167793841
10	361.6449536166558	1.0928284019077752	17.955765764646767
10	595.0249104049059	0.42194615811258895	7.61948029050162
10	449.0974423457335	1.1301653027683982	7.690144728887315
10	749.1994854664614	0.6619173665519552	7.690144728887315
10	734.8909716562415	0.6667672295076136	7.690144728887315
10	1018.2244954822218	0.38808051965795454	7.690144728887315
10	1283.2843649820068	0.8162897490708116	7.690144728887315
10	1393.9089063631275	0.889223078877907	7.690144728887315
10	619.5499677828986	0.5218475433778803	7.690144728887315
10	1118.4080910989173	0.5619456269967795	7.690144728887315
10	776.2782078412791	0.5663081713018252	7.690144728887315
10	155.76035068095837	1.1883039402340894	7.690144728887315
10	943.7632944984678	0.8903440690111903	7.690144728887315
10	1076.4473132575301	1.590505762358321	7.690144728887315
10	853.1503086909812	1.1654061169674912	7.690144728887315

11	399.1230758668851	0.6930323450337667	9.946656732899978
11	424.3454614917196	0.5446091170745139	1.4504750336242687
11	379.3506764396476	0.9794369889715551	17.8071835091163
11	608.6141082215747	0.5887925367603329	7.8711316762614585
11	456.4459553147578	0.9087219317880861	7.79769328970262
11	201.41557255242768	-2.667224431800267	7.79769328970262
11	945.1054928100172	1.5305984817557827	7.79769328970262
11	667.906363621426	1.4623662799019828	7.79769328970262
11	462.47879620520615	0.7450769827137906	7.79769328970262
11	1198.3872967802283	0.6316884793640907	7.79769328970262
11	799.7616198483818	-0.19376648409614866	7.79769328970262
11	933.970631527735	0.5235088049249972	7.79769328970262
11	874.8909192606947	1.4297736529998215	7.79769328970262
11	363.43843533650454	-0.31474576500130436	7.79769328970262
11	944.4857730353809	0.8933547401345745	7.79769328970262
11	269.1932917791115	0.1916924068293789	7.79769328970262

12	409.1841996749375	0.5852069747003618	10.32822860279628
12	433.00885808008843	0.8197573864060287	2.2019221840505905
12	399.4107194332151	1.0760102488909429	18.009910310029422
12	617.0690487205599	0.6756411323940945	7.586677369617281
12	469.3600944441943	0.942664807062806	8.312426988351412
12	552.6638666948479	0.13925387669727723	8.312426988351412
12	1009.8809564782496	1.233164908676154	8.312426988351412
12	494.9843218326432	0.25208147631331856	8.312426988351412
12	126.27895108685337	2.483022608265103	8.312426988351412
12	1042.1114873263782	0.8291081005231387	8.312426988351412
12	1151.4650404065833	1.0091805263348603	8.312426988351412
12	1253.6968214609885	0.6930576472353576	8.312426988351412
12	1115.700175927886	0.4941013872494626	8.312426988351412
12	746.1316499703843	1.3250879649599137	8.312426988351412

13	421.3334251016932	0.8007746781830415	10.656278727264578
13	437.77301201732024	0.6164609178953709	2.8607244053246346
13	418.0680652886119	0.9094346907776052	18.15205488837173
13	616.0026126039727	0.5659263066897571	8.523539761892117
13	963.7910382034314	1.175501499756472	8.523539761892117
13	288.1186257220528	0.5615070145020065	8.523539761892117
13	895.3446301104987	1.112319354240488	8.523539761892117
13	1017.2041738492303	1.4446010719211995	8.523539761892117
13	381.3312044739178	1.8162547897328452	8.523539761892117
13	552.4737639458775	0.2816542751644574	8.523539761892117
13	418.100304765032	1.6969848818925763	8.523539761892117
13	786.3914063921954	0.8586236818869429	8.523539761892117
13	810.784041485292	0.27978115142918947	8.523539761892117
13	1060.7709083537443	0.38938999017738274	8.523539761892117
13	1077.1757196158567	0.8849272168180811	8.523539761892117
13	936.6592214835918	0.9979787343519317	8.523539761892117
13	714.9485436091304	1.1549384801580906	8.523539761892117
13	1271.4026941774202	0.6011078703803074	8.523539761892117

14	432.54998334452085	0.7558071963997198	10.837758079748495
14	440.6148629689439	0.8041989552990981	3.58625068065878
14	428.979502182612	1.0741834406817503	18.122376477067178
14	630.823491247777	0.7935558382466559	8.445965055266624
14	485.67309040445144	0.92614844696164	8.929222278173487
14	728.0685157020953	0.7198549138982925	8.929222278173487
14	596.559100673365	1.4540405216928531	8.929222278173487
14	649.8945212318621	-0.047802103423386685	8.929222278173487
14	896.5909701463861	0.9852856273162814	8.929222278173487
14	796.3441746848772	0.5959101298845554	8.929222278173487

15	439.4566405934345	0.8302629571913331	10.98374672843083
15	445.0190513740821	0.9314250599335357	4.377935814529029
15	452.0591714559286	0.9003122933422899	18.088698125896187
15	642.8882750278765	0.6031940616172039	8.74923604068444
15	491.9498355422884	0.806444282970548	9.841289458206296
15	1051.2689033307058	0.41569132718308105	9.841289458206296
15	273.11592511126884	0.5238636058919989	9.841289458206296
15	1106.774786855899	0.7337475243134238	9.841289458206296
15	1030.3859346239694	0.9370282613518431	9.841289458206296
15	793.730428773103	1.4822216498958958	9.841289458206296
15	410.8344660973896	0.9873089474885348	9.841289458206296
15	940.5888654294089	-0.17710482905751374	9.841289458206296
15	874.2392814877575	1.3379316311958445	9.841289458206296
15	1004.9599977025308	0.11329442910336579	9.841289458206296

16	454.8147373878341	0.8669200674007423	11.29671852661655
16	447.57965948538686	0.8743588210623097	4.885103120530933
16	466.30253391599257	0.918559074319484	17.773113569857323
16	656.0626680186646	0.6811325056564644	8.966956927726484
16	507.2091131066876	0.7391214637466388	9.531120825148841
16	1245.0555154255317	0.9531396365777405	9.531120825148841
16	692.8232562001102	0.9575709518623321	9.531120825148841
16	257.5722674283286	1.4881342673813474	9.531120825148841
16	1330.4298196584273	0.851128118381072	9.531120825148841
16	1002.9393289098574	1.750014591025902	9.531120825148841
16	737.6697215205816	-0.0937844703215328	9.531120825148841
16	604.8773042602629	1.3185890669935094	9.531120825148841

17	469.3451949933229	0.8578381961556178	11.32002269083722
17	449.9076246836199	0.7145514283934131	5.552520866934133
17	487.628292361688	1.1070125479892337	18.08102989611975
17	660.1951553635799	0.5698116208326457	9.68347374615341
17	514.9245405628672	0.9971903243497133	10.031641458011292
17	572.4111022640055	0.39776665623962315	10.031641458011292
17	737.8494512168162	0.7903527924547272	10.031641458011292
17	801.7519492282048	0.6179314074718218	10.031641458011292
17	870.4441202952268	0.5124840138244747	10.031641458011292
17	638.6285306201424	1.254105352407785	10.031641458011292
17	962.590227612321	0.1353307483428472	10.031641458011292
17	354.8309414225604	0.9957795318124774	10.031641458011292
17	758.1128505464408	1.3247411279441463	10.031641458011292
17	366.3798351686683	1.4896538606473597	10.031641458011292

18	476.93190292696175	0.8972321367914032	11.528027388331722
18	455.63434540357594	1.0966652914951105	5.950168883057415
18	498.8223961829753	0.9233206224796706	17.987371886386256
18	670.4749730291322	0.7535873298440414	9.360177863923889
18	516.7017114155725	0.9137778812929406	10.304337669978956
18	1171.288393750234	0.764258529868217	10.304337669978956
18	535.1091534867361	1.455192805323879	10.304337669978956
18	1158.8865939392904	0.8408798957464553	10.304337669978956
18	1228.3853433446698	0.7294043114916537	10.304337669978956
18	738.5098571299776	1.7855893526466262	10.304337669978956
18	872.5203428037938	1.5188390688359428	10.304337669978956
18	994.1095280744668	1.3751870414270417	10.304337669978956
18	1086.6128916515922	1.4418640556584743	10.304337669978956

19	486.04438534008614	0.8271456489203768	11.863472504914949
19	464.87028694898027	0.9153775856496241	6.685973582733314
19	525.2654606092441	0.9877282584685819	17.7797264799597
19	671.7327120280378	0.7136312454387411	9.729979390490742
19	531.9769729216894	0.761479297175517	9.942595505686008
19	994.5903047432279	1.5639927820053159	9.942595505686008
19	1157.8452426083613	0.9673440677621684	9.942595505686008
19	253.65521576610556	1.3320939418435342	9.942595505686008
19	1210.1558817206876	1.0724685185287004	9.942595505686008
19	730.6673471835048	1.694343524380493	9.942595505686008
19	998.7054074221779	0.2709434397834063	9.942595505686008
19	330.9300830360116	0.3482404495463251	9.942595505686008
19	860.0747816778278	0.9075961132385866	9.942595505686008
19	428.31183280280004	1.065847159980402	9.942595505686008

20	499.45484917483554	0.9442465797605062	11.84420294086976
20	473.69368157407354	1.0449331034738798	7.528835021802773
20	543.4764587694103	1.0016280260211212	18.142994891334645
20	691.7275188044849	0.7040954037393993	9.648134168327012
20	543.3958025342653	1.0463662480604894	10.532666774984152
20	1285.01955910531	0.81835787193715	10.532666774984152
20	1142.9808259379818	0.9390697406209534	10.532666774984152
20	488.6370725578346	-0.10518451017257167	10.532666774984152
20	310.6526462903898	2.390498300751382	10.532666774984152
20	587.0518953056729	-0.14808883106620976	10.532666774984152
20	980.8884268437815	1.7590233527881511	10.532666774984152
20	508.6098835707548	2.0999622566905827	10.532666774984152

21	513.9764223414962	0.8913284375505186	12.189166249257484
21	477.62763523640575	1.0982527445327055	8.104417042494088
21	555.3586317018144	0.9957926751620941	17.890069393995727
21	692.3053632855047	0.6792939382860503	9.887536562858212
21	549.3000212107702	0.8317754748879217	10.885486346408298
21	910.8017322903131	-0.029804626562490485	10.885486346408298
21	858.7258735721244	1.3234655822614958	10.885486346408298
21	120.06195858772553	2.6735424897918603	10.885486346408298
21	1006.6336338665493	0.8371121914262707	10.885486346408298
21	220.28159604791497	-0.3617723092873772	10.885486346408298
21	864.7012660820666	0.09190962890130305	10.885486346408298
21	414.491061822973	1.5909366071774673	10.885486346408298
21	773.9288573627838	1.28456748414948	10.885486346408298
21	1178.3638833406214	0.9126181884904112	10.885486346408298
21	1026.6739471224723	1.2697202751006964	10.885486346408298
21	885.2998354170047	-0.19550725505557365	10.885486346408298
21	828.5648549975975	1.3232708072661514	10.885486346408298
21	929.0393323977335	0.039986394422223126	10.885486346408298
21	990.04891897592	0.2313836464205633	10.885486346408298
21	769.9023478972604	0.09857138740035962	10.885486346408298

22	524.5112178446682	0.9298483301763288	12.000702647029925
22	488.83113385157355	1.09465147735693	8.461960890347175
22	574.2176546755285	0.8804665371925876	18.20739950731617
22	704.8232059629261	0.6220536316975318	9.799955533484606
22	970.5840504253745	0.028055906754658994	9.799955533484606
22	586.6006145905899	-0.018100670648606383	9.799955533484606
22	426.6365982192251	0.5826359195438422	9.799955533484606
22	637.1459169024134	0.9780382368374152	9.799955533484606
22	782.4037021722424	0.5046140473494978	9.799955533484606
22	1021.6682511716339	1.1847627163381154	9.799955533484606
22	715.5206890605555	0.7375989549611618	9.799955533484606
22	1007.1699174879965	1.5590931306231863	9.799955533484606
22	683.1688480507994	1.5683855651598875	9.799955533484606
22	910.6362610260123	1.4056688745260504	9.799955533484606

23	536.797291775619	0.924295758339565	12.255548790099855
23	494.7933656978162	1.1313434115919985	8.622768470743074
23	598.9524714200928	0.9717144796787416	17.955455065894608
23	719.2319083820228	0.814182582529604	10.371244935127747
23	575.3299299965693	0.8907002755784542	11.105074808705636
23	1124.8439749459287	0.6971567209243227	11.105074808705636
23	581.0039944145495	0.8641224188054747	11.105074808705636
23	693.1768627107484	0.20898287569268192	11.105074808705636
23	296.1758767945224	1.574630040218906	11.105074808705636
23	1106.1284442699719	0.5788872351824363	11.105074808705636
23	805.5957290308452	1.8987668390435364	11.105074808705636
23	1405.0881683259308	0.7567842857149153	11.105074808705636
23	787.9682192220495	1.344111158899944	11.105074808705636
23	751.5604969376781	1.0091307725284657	11.105074808705636

24	552.4171950742942	0.7926472154114279	12.245855395344986
24	509.8725236783101	1.2137853201243092	9.44880321763173
24	611.5722414669183	0.8536848873121612	18.227419598554437
24	734.5798063836858	0.6723074657688807	10.417160764499773
24	585.19670995055	0.8222123259097759	11.409409341609095
24	710.2898536821803	0.6080249716134423	11.409409341609095
24	380.89679376652975	0.8337228507473242	11.409409341609095
24	895.3426899255531	0.617062008960911	11.409409341609095
24	646.9040417864805	0.045820143442480185	11.409409341609095
24	1267.5747932715522	1.0240363271751602	11.409409341609095
24	999.8311281848435	0.9587150170310269	11.409409341609095
24	661.393926328231	0.9330091783399997	11.409409341609095

25	567.542810691863	0.9827271183852079	12.877127186029007
25	514.9248313982181	1.2301857629309025	9.808472420756427
25	633.2331179253824	0.8765145324564646	18.11180521649503
25	739.6887950134533	0.8477200888907352	10.51131274470809
25	598.4901428659889	0.5849284051914925	11.518032761690513
25	1258.1674633533228	0.8079211978165042	11.518032761690513
25	987.973256635124	1.1396128837789772	11.518032761690513
25	1108.2289085699251	1.1839933476971827	11.518032761690513
25	724.4246224990052	0.9658379333192398	11.518032761690513
25	1403.2297490352232	0.7319813925865392	11.518032761690513
25	673.9534903607039	0.7437225678652565	11.518032761690513
25	704.168563027294	0.08806615949969748	11.518032761690513
25	258.293557808467	0.3036498197566184	11.518032761690513
25	532.9299900518228	1.7524491053760232	11.518032761690513
25	347.7060971653008	2.1042483935429366	11.518032761690513

26	569.7408963228933	0.9004277233579957	13.018515563858083
26	520.6395804450974	1.2565784343628383	10.765989471557774
26	652.9426472497911	0.9889702508003823	17.956312951054326
26	748.7706437504452	0.9098245270078984	10.757264836780735
26	611.5908495215941	0.7581144583365531	11.585837742538315
26	741.8497048359291	0.036894006599322474	11.585837742538315
26	1033.3751124962066	0.8078245203587823	11.585837742538315
26	875.4665230920051	1.3495203638926878	11.585837742538315
26	501.96202837285585	-0.15472505503122114	11.585837742538315
26	976.776779028008	0.2499883694225989	11.585837742538315
26	806.2391208155668	0.25952921641338356	11.585837742538315
26	724.4428124320573	1.7551514438056144	11.585837742538315
26	184.04330827245235	2.8090704234495742	11.585837742538315
26	659.3478283883593	0.7310252856759243	11.585837742538315
26	692.4401512740217	1.6774813873317351	11.585837742538315
26	829.3614625105834	0.6494178256776791	11.585837742538315
26	1075.8815625094687	1.7033197104175253	11.585837742538315

27	585.6033758036193	1.0132750966367636	12.78983203975716
27	536.6853530436562	1.1457377516928526	10.66427332249292
27	664.8376551020402	1.009952299111142	18.117414575226505
27	758.1184333564896	0.7395189096828036	10.885139001167259
27	619.7509624718856	0.6196660586053999	11.867946516911003
27	621.4887420191579	0.7821136793495541	11.867946516911003
27	313.45075741217147	-0.00988219817255577	11.867946516911003
27	866.1810620582728	0.35702509676713545	11.867946516911003
27	523.5796011033608	0.36456498680771954	11.867946516911003
27	647.1019069596041	0.4478702928539507	11.867946516911003
27	1290.6521163027596	0.913604315161705	11.867946516911003
27	310.82892451254907	-0.18081305270085313	11.867946516911003
27	815.1405857500455	0.8048291057196401	11.867946516911003
27	546.2228772170275	0.21049221386477132	11.867946516911003

28	598.3739134422248	1.1052184776744296	12.86180712951166
28	546.0762584886629	1.2501017960893397	11.096127108204145
28	681.8930532745093	0.975217475008041	18.214598629429872
28	633.5115340271346	0.7259536522040246	11.655057320229712
28	354.20055280503016	1.1754455570526545	11.655057320229712
28	679.5715755164582	1.1577811529877713	11.655057320229712
28	344.65329071593925	1.7918289025221203	11.655057320229712
28	1183.2320186357672	0.7518130915071833	11.655057320229712
28	580.0994499142732	1.0919126833832633	11.655057320229712
28	1049.2718300977403	1.8123531800954589	11.655057320229712
28	973.6539956861108	1.7147506598714322	11.655057320229712
28	818.3134996533274	1.2707194777761077	11.655057320229712
28	955.0753929253473	1.479992000640187	11.655057320229712
28	732.3761167001692	0.2888555696372198	11.655057320229712

29	609.8001282208131	1.1243170234628672	12.918699120914534
29	550.4266617160079	1.2162355956567608	11.612068701338554
29	699.70552898648	1.0100273710164003	17.692874354776908
29	784.9938723964486	0.7146837528365524	11.279302683133137
29	643.3159175943211	0.6474916839264849	12.33301259304643
29	274.1491916852109	1.8263007707422771	12.33301259304643
29	910.6667775215709	0.941531218308793	12.33301259304643
29	445.6236920881063	1.139756559921614	12.33301259304643
29	1230.3598907419903	0.6950663177961395	12.33301259304643
29	1223.5266980820672	0.6997007728162428	12.33301259304643
29	1075.2134466562827	0.4067464823758705	12.33301259304643
29	501.71556962156626	1.7548610426574827	12.33301259304643

30	627.387099695461	1.1291510255993509	13.310614520323945
30	570.5631068065533	1.3650842467359914	11.90927158320127
30	721.1863800413465	1.0236707759604229	17.83383275340195
30	797.5910028586065	0.8296729485898204	11.043314227702226
30	659.7353036441583	0.5869546243528432	11.829934054399667
30	1009.6585853232609	-0.028224151389694023	11.829934054399667
30	336.59477942876475	1.3266313610083968	11.829934054399667
30	701.2664441677668	0.7356498143679446	11.829934054399667
30	745.3143672378756	1.2232404172248552	11.829934054399667
30	766.1362386043359	0.18696906108589703	11.829934054399667
30	962.1362349053343	0.5470895488689693	11.829934054399667
30	992.2575050704688	0.7906927264175985	11.829934054399667

31	582.0357424175473	1.1972494081864848	12.36896710191232
31	804.8360046038534	0.9022297162140437	11.282908047356797
31	667.0536575041376	0.6957232873347693	11.944460193522346
31	462.0611383741356	1.2262876873817692	11.944460193522346
31	976.4457101724938	1.7519911994798538	11.944460193522346
31	990.1403205389953	1.7051465631254323	11.944460193522346
31	281.4262368137938	2.169735324698725	11.944460193522346
31	967.6918583412992	1.6143314925752439	11.944460193522346
31	385.7284202341139	1.3342260176757443	11.944460193522346
31	802.2626563403094	0.5288867537624727	11.944460193522346
31	498.76323834924625	0.4093464450790586	11.944460193522346
31	516.0051463029365	1.7390574600844475	11.944460193522346
31	1050.144914362892	1.283443581442815	11.944460193522346

32	654.098452843102	1.1346352685229095	13.680272684902869
32	589.1485583072237	1.4845973149943896	12.21980593835944
32	754.9890791234204	0.9110375951131648	18.150264411658743
32	819.4297587256224	0.871438618004455	11.332094464459564
32	681.1634457627828	0.577074039933819	12.035656143464104
32	824.8581184172382	1.410489255101745	12.035656143464104
32	837.653473162733	0.8941509150364078	12.035656143464104
32	980.3184455635285	0.8595406694624298	12.035656143464104
32	926.5685931344681	-0.0724614999716106	12.035656143464104
32	311.59007782363716	1.4459186419935326	12.035656143464104
32	151.05910174324674	1.9274580799581067	12.035656143464104
32	325.61258387403984	0.6310374888951952	12.035656143464104
32	1170.6712256911815	1.1338554619170365	12.035656143464104
32	1113.6093698919078	1.122418039489823	12.035656143464104
32	770.8517106857506	1.3400640894245783	12.035656143464104
32	1326.5757283747298	0.9280049386340296	12.035656143464104
32	118.1954316832422	-2.146153622532055	12.035656143464104

33	669.5602843891887	1.1408288090592202	13.340324910116216
33	607.7154803849902	1.3505022538789324	12.406117180978024
33	781.9767415477463	0.8342146124879155	17.719146535831214
33	824.3998121336394	0.8329280923519435	11.718425377742756
33	688.1732927257658	0.4245561593579832	12.553770876422705
33	1115.0123094350154	1.1067899706316109	12.553770876422705
33	369.68206403287684	1.6731021744948014	12.553770876422705
33	634.1106417964651	0.2040735321653876	12.553770876422705
33	613.129075412062	0.26048751373563045	12.553770876422705
33	213.2999863590963	2.183077002123112	12.553770876422705
33	995.6723646678464	1.4305889614620124	12.553770876422705
33	680.0314177413567	-0.06050677957228004	12.553770876422705
33	487.1378979925545	1.9143799213551398	12.553770876422705
33	1165.9516080943815	0.9326250465431097	12.553770876422705
33	800.3498325813367	1.3105487584374689	12.553770876422705
33	80.3804131183411	0.6077325687246252	12.553770876422705

34	678.5519658957879	1.0996788930677308	13.169351468602637
34	708.6704304337369	0.6542070542830642	12.747731224589051
34	1251.9424676533336	0.7447342628029814	12.747731224589051
34	144.96544138089476	-0.6096983250869603	12.747731224589051
34	586.5688324162636	1.5375053460700758	12.747731224589051
34	467.09124817386714	0.02024682453394039	12.747731224589051
34	786.7436302397928	0.6095413213188569	12.747731224589051
34	747.5636318694203	0.9368534696003843	12.747731224589051
34	932.855722135093	1.234569912679992	12.747731224589051

35	701.4559482858667	1.0736156079133228	13.531573769424632
35	631.2409628629092	1.372929482968938	13.227283489327933
35	811.9678167305221	1.0372612700818455	17.81781968344013
35	851.2341232679086	0.9164862976389017	12.191464627635181
35	716.4425945515368	0.5937410468553257	12.619184458879356
35	901.4816732297357	0.34549188526283947	12.619184458879356
35	1013.6105391737069	1.0689164495357688	12.619184458879356
35	887.7747778967281	0.61015078075566	12.619184458879356
35	401.681673899072	-0.35446217095543825	12.619184458879356
35	675.5719349850002	1.5058595235840861	12.619184458879356
35	322.2540916586614	1.5285290105020353	12.619184458879356
35	896.9842715914666	0.001561342577857082	12.619184458879356
35	882.8411945661401	1.1874891568088035	12.619184458879356
35	277.8058680208009	1.5371608337015048	12.619184458879356

36	708.9409828398244	1.0765235219706235	13.398550594544504
36	645.0172143990957	1.452217144311016	13.241265879801741
36	828.8243839420174	0.7923657517799536	17.728953666808973
36	860.9083844197495	0.8956048790515633	12.012934244938227
36	730.4988584532177	0.45867876702690863	12.848038288836342
36	517.3877692935808	1.0513702107951264	12.848038288836342
36	812.7091415146053	1.3268457995747966	12.848038288836342
36	915.8090490420909	0.41695568110356873	12.848038288836342
36	1043.9748716902252	1.1662737684702216	12.848038288836342
36	724.8495221051753	1.0094740947993133	12.848038288836342
36	973.4181780971027	-0.0033422273173346964	12.848038288836342
36	532.4623121125688	0.4583230314455747	12.848038288836342
36	113.5404464928433	-0.466784164213528	12.848038288836342

37	724.6598766571524	1.189106457973338	13.767778746648391
37	650.4253428865459	1.338798299030502	13.50768464200741
37	843.9178416800182	1.0272860107196804	18.318478292690656
37	870.1160776522706	1.0001973609754713	11.764485508222963
37	743.5652095551642	0.46227080744406074	12.75473826795058
37	890.0125366952913	0.16522746416594378	12.75473826795058
37	962.9363946687483	0.3317465168386654	12.75473826795058
37	687.188313065313	0.5675242833861937	12.75473826795058
37	799.2854797742976	0.681148111612599	12.75473826795058
37	954.5972739183456	-0.09713631717311308	12.75473826795058
37	1269.3901895191439	0.9020517181792602	12.75473826795058
37	1058.5112006937966	0.46473296911706385	12.75473826795058
37	691.2835721196144	1.0652566780247497	12.75473826795058
37	180.60407985637184	2.3274382481195155	12.75473826795058
37	1125.703204384384	0.4476311479935462	12.75473826795058

38	730.9732642843413	1.076108091080096	13.705122777367864
38	674.6829531452676	1.5723035175214854	13.683319935406047
38	867.0534775161433	0.992537394847574	18.236085825014094
38	887.941635059665	0.9782849351147694	12.313651425791218
38	756.3274625431534	0.41516992399011493	12.656495466109426
38	381.61681604842346	1.4979639396803202	12.656495466109426
38	1340.2510142760473	0.9231007757636776	12.656495466109426
38	645.8500812476132	0.3299284766947403	12.656495466109426
38	505.1012986853436	1.5275519834116285	12.656495466109426
38	808.3237491200537	1.2694282623901532	12.656495466109426
38	1134.7200304496264	1.0415078448742872	12.656495466109426
38	370.40572608383115	0.9625639699747808	12.656495466109426

39	748.0842083989123	1.212310171463987	13.447915509978277
39	694.1738389526004	1.419251952621919	14.038047339364692
39	883.3078358559014	0.9056344542151271	17.91077067409859
39	898.774907403021	0.976108394812167	12.299322618944778
39	772.0466384983089	0.3888844051346606	12.856944072883637
39	453.82067275540544	0.6182678374495794	12.856944072883637
39	707.4443665113872	0.013231375176901499	12.856944072883637
39	917.7950089103794	0.2941746861039868	12.856944072883637
39	1048.5521460918546	1.529734561614562	12.856944072883637
39	113.60464686882042	2.063650377884073	12.856944072883637
39	773.0364802522354	0.9289243818750182	12.856944072883637
39	1011.4312106615587	-0.02099266898202129	12.856944072883637
39	451.1350630486125	1.142084624020116	12.856944072883637
39	1165.9927311378358	0.6010332822256576	12.856944072883637
39	167.36228082660838	2.267930628999051	12.856944072883637
39	965.6448308057467	0.6154633195562946	12.856944072883637
39	950.0423943781351	0.2691618331854093	12.856944072883637

40	755.3388211841676	1.126190187113365	13.95637714734265
40	701.067888407694	1.6770557316282504	14.458704818335436
40	900.3427250612566	0.9404071753116862	17.96279120149958
40	906.7505033930727	1.0674915298793888	12.102157428217643
40	787.2946830572238	0.5428369719419268	12.975007895558022
40	522.470357243027	1.5643733473897976	12.975007895558022
40	393.3885301950491	2.2181721612446705	12.975007895558022
40	802.8472949286617	0.7413004582198801	12.975007895558022
40	1021.3426675857168	0.6991979136841469	12.975007895558022
40	655.0390501227773	0.2838867839713275	12.975007895558022
40	577.0696393334463	-0.3484265544227445	12.975007895558022

41	771.73692322032	1.1140790308093547	13.743630547222107
41	710.8727909927422	1.5847023080277636	14.35661297836964
41	923.213824734859	0.9465420432740297	18.027116849834773
41	922.8301443884653	0.9221040658881525	12.953573250091045
41	794.4723243416652	0.5973846660079537	13.135376984999217
41	258.2798169532228	1.8552995198957154	13.135376984999217
41	1287.6188615456867	0.7915564768562823	13.135376984999217
41	996.867245135683	-0.1904285262893899	13.135376984999217
41	855.0350789181466	0.7492425945808601	13.135376984999217
41	461.29850537668955	1.1238572242438052	13.135376984999217
41	1103.24282311365	0.9027745681461771	13.135376984999217
41	945.2762445590897	0.7044778803209533	13.135376984999217
41	884.8284581423547	0.9762169520942701	13.135376984999217
41	489.3080900523871	0.6608100053105553	13.135376984999217
41	323.5347939399213	0.45293109021029476	13.135376984999217

42	790.0936551293162	1.1361936422174617	13.662958471084686
42	731.5900005429687	1.5457361958072007	14.767683714040396
42	937.9711605296997	1.0310117671434866	18.073075618022614
42	936.015576976524	0.9700382758754833	12.223192686886089
42	813.7834703795824	0.5156262357972022	13.296101277799732
42	503.3345053949898	1.3499914268091389	13.296101277799732
42	652.0314419308021	1.5358484378314352	13.296101277799732
42	885.9116472079944	0.7284471291456923	13.296101277799732
42	49.052999577788675	-0.6405844552820679	13.296101277799732
42	614.375818319521	0.5713570018099734	13.296101277799732
42	522.5647213145181	0.9551625021745026	13.296101277799732
42	591.2351972927298	-0.021228891008641962	13.296101277799732
42	392.90161295621556	1.5857358793219585	13.296101277799732
42	508.9247348004519	0.5373066403858159	13.296101277799732
42	1257.0911210915472	0.9325504266811951	13.296101277799732
42	747.1994399856293	0.8861429085552477	13.296101277799732
42	741.6202593684126	0.08280757618630849	13.296101277799732
42	1388.798299274185	0.7179563457578795	13.296101277799732
42	384.35422522304225	0.8209187749455834	13.296101277799732
42	684.110884917375	1.666006135310356	13.296101277799732

43	801.7055181260827	1.2036298142738493	13.845780854987048
43	744.2367463521977	1.463446748113919	14.629010152289569
43	955.5728387048558	1.1138179785501778	17.90772044887388
43	945.1991771914686	1.1196289904789158	12.72665091905993
43	820.8626232573243	0.5736850208750625	12.885227644734826
43	538.938615660305	-0.0005182728891543961	12.885227644734826
43	799.6179014121494	0.3519222007238041	12.885227644734826
43	358.39600674844894	0.9154899924345609	12.885227644734826
43	300.6365869741753	2.4689029769932285	12.885227644734826
43	514.273542802932	1.2664647189062672	12.885227644734826
43	539.4925084687893	1.9437474941790724	12.885227644734826
43	269.3304082408115	0.5849059476060647	12.885227644734826
43	1022.9826827332288	1.1906773560619683	12.885227644734826
43	206.05859546091148	2.7689287530285527	12.885227644734826
43	85.0810787763649	2.3894184285408446	12.885227644734826
43	480.7451233218523	1.1247994633948044	12.885227644734826
43	655.9288361247723	-0.05902601596492914	12.885227644734826
43	130.84302421727912	3.1738352870429813	12.885227644734826
43	605.4031366602582	1.3804502937846996	12.885227644734826

44	817.9009087390184	1.3619193141940948	14.113025527533697
44	763.5749260858823	1.4336831932236735	14.63631661336752
44	976.099982926008	0.9032011105853305	18.085447079427475
44	962.4097358097861	1.02153232155665	12.811434345081492
44	837.9707950679892	0.5293783234688066	13.293057608349912
44	452.54960431919164	0.8146977706931606	13.293057608349912
44	1219.7041519597406	0.7288603774496081	13.293057608349912
44	921.5821454634089	-0.0001895957804528975	13.293057608349912
44	767.7849669553234	0.8009805635318218	13.293057608349912
44	740.8108091740698	0.837711224016052	13.293057608349912
44	421.7494762897294	0.9343303086172454	13.293057608349912
44	950.6378015704572	0.7241090666529605	13.293057608349912
44	999.0883612202961	0.23147156695569204	13.293057608349912

45	834.5499541709474	1.1645635865575827	14.04235548718252
45	781.2477120599368	1.7336178979973165	15.04592485005343
45	996.0275627164209	1.1311879841327297	17.82959368523367
45	975.1258954023697	0.9733213876551549	12.444053067701097
45	849.0716330427118	0.531613751938712	13.399183049359655
45	449.39708586380584	0.2762056416519788	13.399183049359655
45	1024.309667854582	1.269869835692793	13.399183049359655
45	581.7624250532725	1.6452504138248258	13.399183049359655
45	506.1466980784765	0.4766547152772301	13.399183049359655
45	230.7777044900664	2.620266811340743	13.399183049359655
45	909.1819678893529	1.2064130054729243	13.399183049359655
45	888.5991801843124	0.4728969190103715	13.399183049359655
45	697.5639231652168	0.7233939490380179	13.399183049359655
45	750.4739914136164	0.6129608677087128	13.399183049359655
45	1045.2405576713654	1.240336898722719	13.399183049359655
45	834.127380060444	1.7258014293398918	13.399183049359655
45	1244.8116648777916	0.869652585082695	13.399183049359655
45	1048.5076450471554	1.067350952804881	13.399183049359655
45	1015.7551222563525	0.9788527692637732	13.399183049359655

46	839.467854947172	1.3894585366767798	14.326557538869569
46	785.9743507474475	1.582252264494452	15.365746385278637
46	1008.0464103163216	1.0390690560449791	18.115761697157094
46	990.0039825019924	0.9306517493836164	12.65685145425688
46	869.3138019049507	0.4916200127311631	13.38441191293838
46	557.9157763330069	1.7484919247564326	13.38441191293838
46	648.4868538134475	1.4684921367598078	13.38441191293838
46	739.291399840103	0.5345329916644046	13.38441191293838
46	916.3918927618706	1.2896373193871442	13.38441191293838
46	261.51975081795837	1.632414651895839	13.38441191293838
46	1028.7691600076867	1.523503694715494	13.38441191293838
46	901.4724009164509	0.6624645779697697	13.38441191293838
46	974.7743807967554	1.773795283803949	13.38441191293838
46	983.9373477690992	0.6607775784988906	13.38441191293838

47	862.3487068647936	1.2717069826826737	14.414704957684409
47	807.0317609498907	1.699120647640478	15.113933595023932
47	1026.1231708639746	1.1924468093765292	18.26099879867115
47	1004.9188386348461	0.9996337131009475	12.993365535442992
47	879.3942371410488	0.5304989020023597	13.601701220708476
47	117.98536035616944	-0.14750978441821816	13.601701220708476
47	234.14370813079302	2.8729723450654108	13.601701220708476
47	1015.68638008401	1.6931130654698274	13.601701220708476
47	1022.4263483645623	1.0561475364601662	13.601701220708476
47	861.6621213970742	1.4604777590557023	13.601701220708476
47	1104.4677289229976	1.0480216232682353	13.601701220708476
47	528.4428506058853	1.9900987115037765	13.601701220708476
47	157.176735118452	2.55493045140056	13.601701220708476
47	1075.097043490187	1.1784615490156547	13.601701220708476

48	875.696553483902	1.2929542757368064	14.009513301666411
48	824.8893721949096	1.4212378870094964	15.55054713836326
48	1045.811513056138	1.0773519592840979	17.624140298335952
48	1010.5992954919535	1.0004660893098198	13.003107136469305
48	885.5739242094327	0.43903660557281793	13.58675522353931
48	983.4973316061088	1.2847723761773466	13.58675522353931
48	694.0654060818603	1.5228953001754266	13.58675522353931
48	142.12869573757405	-2.9678258323968825	13.58675522353931
48	968.3805972095636	0.2528974284818473	13.58675522353931
48	1096.3448639794544	0.7533598956660819	13.58675522353931
48	1173.0193989207858	0.8251209243761384	13.58675522353931
48	641.1770407263881	0.3032007438613965	13.58675522353931
48	826.5769979487906	0.472561424957657	13.58675522353931
48	1017.9445435695875	0.7572170154639757	13.58675522353931
48	982.2951565492492	1.3117890186075076	13.58675522353931
48	1038.2984168116	0.8974014129943143	13.58675522353931
48	1164.358863749942	1.1830921980773859	13.58675522353931

49	886.6853737794582	1.424524302429687	14.368597642737441
49	835.521197886253	1.7303064779891093	15.502250562405077
49	1023.713923103026	1.1620343745585542	12.874354728783471
49	900.683814444612	0.471246093244164	13.359242379982703
49	79.51494224989696	-1.782959068846393	13.359242379982703
49	705.066269861516	0.48511356536620387	13.359242379982703
49	1055.121493174543	1.0627502942999398	13.359242379982703
49	1122.67279209491	1.2537685693560545	13.359242379982703
49	445.7995910619974	0.6835279914199984	13.359242379982703
49	184.5699056918244	-2.8870834550121622	13.359242379982703
49	1017.729724764291	1.5447659134713505	13.359242379982703

