scan	range	bearing	velocity
0	462.28527507840636	0.19402395922530827	-6.988288332627064
0	177.7088368719342	0.8951635226852801	18.12867171047645
0	540.914705627763	0.3056260404311567	3.986473654599798
0	401.6163138128819	1.4096003290507668	2.864936012739347
0	136.1397244293901	2.920881721166063	2.864936012739347
0	600.4818683457142	0.14196629890887466	2.864936012739347
0	769.7815536951522	0.003011198140009677	2.864936012739347
0	859.68890990983	-0.01933469060025811	2.864936012739347
0	426.3795546197802	0.14066614396953875	2.864936012739347
0	127.66598359017459	-0.03371176958339096	2.864936012739347
0	570.6275068638993	1.0663407334664323	2.864936012739347

1	320.3320381091816	0.5464121090198651	5.1620100863232095
1	454.4373320703976	0.19872432220210726	-5.860872703432642
1	201.00709091934564	1.103488342425931	18.0232502922125
1	544.9522494444848	0.42448293700707074	4.451816627674372
1	403.90955211055825	1.4617400493746906	3.646321045680337
1	1240.0746013056703	0.6692232051682194	3.646321045680337
1	1154.444851489914	0.8406421816950963	3.646321045680337
1	803.5168268906397	0.6716151197302882	3.646321045680337
1	618.9030194835524	0.04444335373221037	3.646321045680337
1	683.8433034096394	-0.08400603389252043	3.646321045680337
1	964.224613563957	1.1004075544454077	3.646321045680337
1	792.9968763556969	1.3068061807819953	3.646321045680337
1	1255.71885366274	1.0120655350350105	3.646321045680337

2	324.5115128853876	0.3514678866088569	5.959791404935667
2	448.21792509282375	0.45432155198824176	-5.291384600516615
2	215.13515819827407	0.889506199223006	17.99272749695929
2	552.5745048687203	0.24332295311675745	4.875703241939624
2	398.56577491263636	1.164683779900864	3.859480449570594
2	940.2605663549216	0.8242562536946048	3.859480449570594
2	296.0907106561277	1.235234539729586	3.859480449570594
2	522.0618269787362	1.3568888400243262	3.859480449570594
2	607.5065841702552	0.28815580507915406	3.859480449570594
2	1102.072624461928	0.9924444397125293	3.859480449570594
2	615.3650158569045	0.41890732637786027	3.859480449570594
2	654.9049995436753	-0.21257076181133086	3.859480449570594
2	504.2069851065803	0.49016072149327	3.859480449570594
2	638.7310051862346	0.9342845721014331	3.859480449570594
2	494.6094389645702	1.0615599712703048	3.859480449570594
2	422.7229345465334	1.1060519633817572	3.859480449570594
2	500.1628890799627	1.7530671675389091	3.859480449570594
2	1017.3061318736546	0.4929535135989003	3.859480449570594
2	627.9928554825445	1.2735565850871966	3.859480449570594
2	1044.5971294551782	1.5726815344102782	3.859480449570594

3	338.9946881029862	0.41631818809155025	6.484047232883581
3	442.4846572635999	0.4670404660697083	-3.9091834774190715
3	235.97965132369342	1.0203962747781454	17.895732043294466
3	556.979333220173	0.37642894515282466	5.131497587965256
3	404.048949654097	1.2572578554612217	4.6711032514992
3	855.4060802209129	1.5139149702270955	4.6711032514992
3	1078.1898414850123	1.5522040137570212	4.6711032514992
3	830.9126925217353	1.021891161291483	4.6711032514992
3	512.7301282169014	0.21474687654979527	4.6711032514992
3	697.1681659946876	0.3721029346985779	4.6711032514992
3	684.0570203465237	1.8689031687176034	4.6711032514992
3	1011.7377130264224	0.2907796027927845	4.6711032514992
3	978.9718873980053	0.6416090528293524	4.6711032514992

4	340.50083544177875	0.5813814636545133	7.154881730727725
4	438.8279120405202	0.3974059682492932	-3.5896445324111546
4	249.4156705582536	1.0311706241151697	17.69820736852036
4	415.76751310288245	1.1082474927545087	5.310553028863438
4	961.6226659637024	1.8958157528340347	5.310553028863438
4	996.16416845801	0.4263206347004752	5.310553028863438
4	759.3435318467943	0.06629843661727816	5.310553028863438
4	1400.565291614734	0.7668655453999502	5.310553028863438
4	628.2675939617143	1.3688431320161936	5.310553028863438
4	905.6056967326342	0.5056246377144837	5.310553028863438
4	407.9131805780365	0.34148951026955526	5.310553028863438
4	412.0750280206081	1.5113345305777066	5.310553028863438
4	588.343074569653	1.7557802499493944	5.310553028863438
4	529.3166294427899	0.6210325313682517	5.310553028863438
4	870.9586718779933	1.8874990953411976	5.310553028863438

5	345.35868817065995	0.5720023560655313	7.576765894070678
5	439.71606773564315	0.3283892078942023	-3.0302424124973086
5	273.341593722505	0.9559626445895798	17.68912884713817
5	564.3904495075496	0.4506419930493764	6.11419376280554
5	414.9030646679817	1.2473588414292913	5.6129665877500825
5	757.6687557154471	1.5235104637395223	5.6129665877500825
5	829.7777488847893	0.5578946780135118	5.6129665877500825
5	766.1011535057623	-0.2884004553347402	5.6129665877500825
5	486.17501968921863	1.3898848609032393	5.6129665877500825
5	414.6950545611476	2.1050267861444723	5.6129665877500825
5	83.32227211121688	1.204724408321257	5.6129665877500825
5	348.1760335964744	-0.22719990987716931	5.6129665877500825
5	1001.5186251928782	1.609547534170339	5.6129665877500825

6	354.47695711941634	0.47059456280897255	8.241316131180199
6	433.2078410022416	0.5221042345600899	-2.127348552367988
6	282.43970127757024	0.9245093010680209	17.981267750477304
6	575.813336707558	0.31318410154789467	6.288101596079516
6	424.19586956285303	1.1597902631008714	5.955859531933936
6	410.2498849319511	1.5841034331385049	5.955859531933936
6	864.5760540157314	0.8479864383706213	5.955859531933936
6	1252.1270982776118	0.7011409903336558	5.955859531933936
6	1218.9896378008639	1.127765806575146	5.955859531933936
6	913.6147023480758	1.2220594693857163	5.955859531933936
6	348.8848966421481	2.1769474327755067	5.955859531933936
6	736.1363006258919	1.173919419215145	5.955859531933936
6	814.8107758368797	-0.06464957467926268	5.955859531933936
6	298.49616919327036	2.324057749674176	5.955859531933936
6	732.2545654156578	0.7086543565885994	5.955859531933936

7	365.1234542798868	0.6905968860244143	8.442138567382267
7	434.37702628664334	0.6657012136408342	-2.3588227303576095
7	309.9510761899482	0.9940902007057352	17.911026185618717
7	581.0713692069079	0.5323484202625199	6.230134100248676
7	429.8133496532111	1.0943163715540134	6.601180344017408
7	614.7638451917242	1.7461285263281023	6.601180344017408
7	701.262655367464	1.6824673202614024	6.601180344017408
7	822.7187272452567	0.22016837244899878	6.601180344017408
7	1032.4670849762292	0.8234809614097469	6.601180344017408
7	527.4585389183811	1.4551398368006427	6.601180344017408
7	284.5151729868326	0.14202736710132327	6.601180344017408
7	951.813825705087	1.332597793221912	6.601180344017408
7	877.2043176045688	0.3840916208921881	6.601180344017408
7	1098.2158627784522	0.8938049861377547	6.601180344017408
7	503.7950391210142	0.20981304138300966	6.601180344017408

8	372.9890549975452	0.6818463283777821	8.5834133688488
8	426.15168612291444	0.44284054497632674	-0.994791469362023
8	326.0042688186028	1.0069012160192388	17.876528692543356
8	586.5079749247545	0.5121531560877042	7.092547643206361
8	433.96524141612053	1.116615148929442	6.910362663013334
8	398.32086204537626	1.3368953743395193	6.910362663013334
8	907.8949707125685	0.7759409777670674	6.910362663013334
8	1131.2021052636735	1.0849877192937676	6.910362663013334
8	554.6301773256051	0.5448736956435208	6.910362663013334
8	1069.22100768078	1.1993693263495442	6.910362663013334
8	339.82957308521674	2.0358927493891197	6.910362663013334
8	296.3658567436401	1.930409468419947	6.910362663013334
8	993.8932014742908	1.779069852527072	6.910362663013334

9	377.230641894632	0.6922000916090192	9.392746605192006
9	347.2174396280762	0.8931993087693885	18.129494058635558
9	596.7414893901598	0.31976548499152935	7.074105267546902
9	442.342097255321	1.1955048698665873	7.251927357368763
9	808.7393435745719	-0.005739040561280915	7.251927357368763
9	459.41453950864434	1.2033629430317796	7.251927357368763
9	1059.6402337916836	1.7738908876225041	7.251927357368763
9	719.5508282497717	1.0424579265666243	7.251927357368763
9	991.0375925936552	1.209833420810629	7.251927357368763
9	645.2878594758796	1.7042897544599156	7.251927357368763
9	1013.775527880257	-0.07694714887104948	7.251927357368763
9	940.0367911369927	1.466439085390658	7.251927357368763
9	937.3230071575562	-0.02387890042301267	7.251927357368763
9	643.3744471417683	1.81665579531797	7.251927357368763
9	1167.6679299960967	0.710809830882875	7.251927357368763
9	1072.049777629849	0.363037283332944	7.251927357368763
9	1055.36253636921	0.41469206265829617	7.251927357368763

10	389.54524014471826	0.8478153066444328	9.76502387094984
10	361.0817818533207	0.9045576085566671	18.02107740659546
10	604.1326671961724	0.4679784060038105	7.301558654743736
10	449.90422492028875	1.0370885565093801	7.689589468167346
10	979.3823416627554	0.4633323213458107	7.689589468167346
10	360.0011632720992	1.9489926759519314	7.689589468167346
10	1080.3285354069533	1.5590857467379686	7.689589468167346

11	398.82931361251246	0.6093592420000733	10.104519418828893
11	425.4242021082483	0.589729128924025	1.4666425715758096
11	375.5800426377246	1.2198620909960562	18.006764547063444
11	607.5347824507094	0.5000198270068291	7.774652412194819
11	459.6710684879719	1.019649107182962	7.695857815776766
11	529.548675601699	0.7886370542690817	7.695857815776766
11	495.3776550791508	-0.04229506072413311	7.695857815776766
11	463.89532501572603	0.03969342657934935	7.695857815776766
11	141.98150934254986	3.322022872097691	7.695857815776766
11	1066.4923219583386	0.7024991313907503	7.695857815776766
11	492.1936606541747	0.32235028792827547	7.695857815776766
11	779.5119077660457	0.4380101460563882	7.695857815776766
11	469.56322605630214	0.99135641487024	7.695857815776766
11	1340.8295961156439	0.6506926896957999	7.695857815776766

12	410.2807901188183	0.8258078952074305	10.473623488090423
12	429.30608308316505	0.7428114483149019	1.978131979065138
12	396.7016568459543	1.135593403665647	17.939306283220755
12	618.3230742633183	0.6947675970888211	7.924131108120833
12	265.151405468826	0.4080273655732752	7.924131108120833
12	1157.240790817688	1.0069674785232055	7.924131108120833
12	1062.0271259797864	1.5813374819496664	7.924131108120833
12	101.84283165398244	-3.1623272763185875	7.924131108120833
12	683.6646501874168	0.68805551292899	7.924131108120833
12	999.4046070777457	1.0967771800722683	7.924131108120833
12	994.642957344419	1.0607018392831256	7.924131108120833
12	453.9521854659921	-0.11387359136376948	7.924131108120833
12	42.26242153031298	-1.3121246722978324	7.924131108120833
12	1116.6075210762488	0.8023429405766006	7.924131108120833
12	776.2370076373352	-0.16459014301577335	7.924131108120833
12	518.6982714374934	0.01497409657685897	7.924131108120833
12	934.9220915099615	1.530217490756678	7.924131108120833

13	418.83688214496857	0.6605251560193832	10.335915589050513
13	436.18167888402013	0.8304879157183774	2.8790623669567763
13	415.8661980648977	0.9757560363818202	17.906298149733953
13	624.5932132078985	0.6226747324751642	8.584549668301484
13	473.9309159758189	0.9606296896168268	9.071001525375815
13	346.32573140247433	1.8515371028194088	9.071001525375815
13	582.6153304542831	1.2799998986469454	9.071001525375815
13	763.22286862993	1.549320952973835	9.071001525375815
13	1024.518827877721	0.4755475729830114	9.071001525375815
13	1035.9517983265964	1.181326359152383	9.071001525375815
13	1102.1226391953778	0.8674358597286911	9.071001525375815
13	1017.4026712780916	1.0331341914668974	9.071001525375815
13	611.8771295100448	1.0056788471094735	9.071001525375815
13	733.0569597742083	1.3597242300216652	9.071001525375815

14	428.8722323084885	0.7690337612131117	10.884786240497538
14	439.16601289015927	0.8751649562532405	3.582537327128878
14	437.22136437323127	0.8316764994847567	18.087201038406512
14	629.167543791066	0.5656233212985228	8.903542419747769
14	483.35000663358943	0.9325573264013539	9.377511754612554
14	1154.7980350049652	0.6233538041475858	9.377511754612554
14	1004.9556654256168	1.2432536407693808	9.377511754612554
14	126.63470110975983	2.803669275131531	9.377511754612554
14	788.732626984397	1.1764482760373771	9.377511754612554
14	1143.7938484035813	0.9571759872842539	9.377511754612554
14	921.954204237672	1.2738140668352171	9.377511754612554
14	645.7773635812064	0.0002996711061778734	9.377511754612554

15	451.65362341587075	0.8511258053223082	10.918807881496786
15	443.60830887785306	0.7828543887468566	4.117936926816026
15	452.7360500203965	0.9084768068589397	18.037476514076445
15	638.0151342433928	0.5752826357620483	8.784420407160242
15	490.32812055413433	1.0593961452587561	9.023745299972234
15	652.4748493347255	0.30946013056416033	9.023745299972234
15	966.5092890060993	1.0136969152749344	9.023745299972234
15	937.9041571181015	0.8586432069308056	9.023745299972234
15	1017.8639842839992	0.11652389217059045	9.023745299972234
15	1153.3912329263962	1.1321735579718173	9.023745299972234
15	536.4926821734198	0.8696664570896129	9.023745299972234
15	750.8644297255198	-0.05445063649926227	9.023745299972234
15	993.1494351072574	0.35848863298074046	9.023745299972234
15	1229.1835636494436	0.8141926635114538	9.023745299972234
15	610.0978410404089	1.5130782864341512	9.023745299972234
15	894.7329116011692	0.8236171393636333	9.023745299972234
15	509.48159240493624	1.3169794540843422	9.023745299972234

16	455.3126832216873	0.8025408410884106	11.173861463329168
16	447.1102052815254	0.7945597809638308	5.084459455653259
16	648.3535381623808	0.6859745789418141	9.2411400533248
16	503.48841242015357	0.9936087527041134	9.490196522892388
16	755.671433593076	1.2647455878223404	9.490196522892388
16	1210.8878566134706	0.4537704375921723	9.490196522892388
16	1426.6266826974045	0.7934098513817105	9.490196522892388
16	803.6082159965953	1.0925958572626775	9.490196522892388
16	596.6379426296118	0.43203454981200773	9.490196522892388
16	944.4898655437123	-0.06412613715069575	9.490196522892388
16	707.5637332194677	0.16350413160931376	9.490196522892388
16	832.0234479307314	0.4921588396237718	9.490196522892388
16	906.2438132973675	0.45664912056591356	9.490196522892388
16	963.7694106047635	0.04935440934688242	9.490196522892388
16	1046.2497441675762	0.8145905565453848	9.490196522892388
16	610.4844930578856	2.0723861943126534	9.490196522892388

17	464.6277223220122	0.7529818359467753	11.314232695995308
17	451.4357854493318	0.87607671185233	5.7807729397190615
17	489.05522475727184	1.059618171447423	18.06928419573815
17	661.3202220403041	0.7542237190461439	9.387828234044536
17	516.6056374526146	0.9912439173439453	9.652180417076497
17	596.3792296344845	0.24657104078679326	9.652180417076497
17	271.4962495215767	1.0188689713262127	9.652180417076497
17	497.75252996555565	1.2632996146968902	9.652180417076497
17	1059.9039464478778	1.3517060152089342	9.652180417076497
17	811.8612450835416	0.5493249512917903	9.652180417076497
17	861.2955871467253	0.4589660095009984	9.652180417076497
17	946.562642389547	0.6852158726209581	9.652180417076497
17	920.2449250894613	0.7860246310834759	9.652180417076497
17	88.92567232123285	0.8991712559992597	9.652180417076497

18	478.7306334075932	0.975728931166751	11.232828649607608
18	458.02693433351084	0.9371800183242914	6.207881831523939
18	507.73020720009845	1.058084914261478	18.112726754075123
18	669.8370513468727	0.7415688764988875	9.681019919421718
18	522.0853784330303	0.7289886583384718	10.443399638321331
18	696.4522917931158	1.0289983579658613	10.443399638321331
18	1412.739144769054	0.8132858878316519	10.443399638321331
18	985.319427145399	0.6974870363686365	10.443399638321331
18	1217.1445508058116	0.7100137063963791	10.443399638321331
18	1246.8747654275496	0.9339775134369229	10.443399638321331
18	824.4896890269417	0.43587290709226645	10.443399638321331
18	530.2229598384911	2.0024130629440653	10.443399638321331
18	727.8423239681667	0.7746928333137718	10.443399638321331
18	415.524766157439	0.7346190660443753	10.443399638321331
18	1442.9151486231956	0.8757379830195048	10.443399638321331
18	983.7967724268332	0.9146914701038493	10.443399638321331
18	289.41371954932424	1.2954678130974056	10.443399638321331
18	419.0882679825035	0.5114169650485412	10.443399638321331
18	648.6787590695973	0.011827950928690073	10.443399638321331

19	490.344445155548	0.8804701688802956	12.089310190275231
19	463.3613444678055	0.969314844228832	6.775034267748341
19	676.7425659325544	0.645237266064948	9.54650880631965
19	533.4324011772438	0.7918201837643807	10.426500464642894
19	192.20078455243456	0.31428012293195634	10.426500464642894
19	335.0336369606692	0.7451125878584839	10.426500464642894
19	213.86121319725882	-0.4652534725717612	10.426500464642894
19	1133.0835181505827	1.0364886269196163	10.426500464642894
19	369.8418625272286	1.1718368841335958	10.426500464642894
19	923.448380849465	0.5236797542986125	10.426500464642894
19	376.2934469109084	1.4467274471435612	10.426500464642894
19	461.730709051137	0.9932441030428214	10.426500464642894
19	170.91158021605315	1.4795896497149466	10.426500464642894
19	929.3541431698962	0.8682703874482709	10.426500464642894
19	753.7803171030904	0.7901007618298104	10.426500464642894
19	221.90211412287857	1.824747472183137	10.426500464642894
19	1108.295970122912	0.8864732675260992	10.426500464642894

20	497.3804670181288	0.9599097642628159	12.14052486136379
20	470.1600088328708	1.0646289021069186	7.5273793675973755
20	681.1701945862119	0.8643874339134243	10.093722137602102
20	542.2748364988757	0.8765297602496642	10.525815827929348
20	980.7317304885584	1.3109295403336512	10.525815827929348
20	1183.5767494312033	1.0831802299235114	10.525815827929348
20	329.8831775731473	1.2010381515186395	10.525815827929348
20	880.7000030357324	1.2185714283622284	10.525815827929348
20	169.97895923507969	0.4985258468259699	10.525815827929348

21	479.2415703321006	0.8381804583406045	7.888113637880222
21	556.8457747368045	0.8381046639517411	18.518010291815234
21	696.5033340466968	0.6105925559107951	10.01943405720988
21	555.3070803891115	0.7390149756302512	10.878640733917356
21	350.3298623598515	0.0497444355178515	10.878640733917356
21	802.2903264901342	1.1529170689631065	10.878640733917356
21	404.9180867823649	0.004881875734402331	10.878640733917356
21	563.312928663294	1.0499834260127123	10.878640733917356
21	1228.4092390173942	0.8421421031678155	10.878640733917356
21	383.97275813589357	2.057208899387171	10.878640733917356
21	678.2181104624942	1.328691128873472	10.878640733917356
21	730.3975537279669	-0.08919242791913323	10.878640733917356
21	894.9847938167474	0.5711517931158169	10.878640733917356
21	1295.3867161188916	0.7828695524632527	10.878640733917356
21	439.6115108208595	-0.24839373732557746	10.878640733917356
21	577.1128375237649	1.8603486643774918	10.878640733917356

22	524.0664510483108	0.9095140213729884	12.454753158112885
22	486.6439989819267	0.9619088202406557	8.44072907795619
22	580.380480172737	0.9025030027156881	18.02532466781565
22	709.8752596575092	0.7999795772839076	10.079584768863414
22	559.5620874459988	0.6914304112895359	11.162703321080274
22	247.15208997293664	2.525362314772088	11.162703321080274
22	875.0180517155284	1.6751910632136089	11.162703321080274
22	929.028702177262	0.8230534233371738	11.162703321080274
22	1271.160913997102	1.045752415329261	11.162703321080274
22	979.4689298143343	1.2596177258421513	11.162703321080274
22	657.4624208238852	0.03985787385399657	11.162703321080274
22	913.3671583906407	1.2710917220886495	11.162703321080274

23	535.0550487993971	0.7759565963941502	12.571792155908398
23	497.4982924423732	1.188639288115778	8.854647379074146
23	715.8740137186028	0.6206803316102055	10.266521264742154
23	572.797586110671	0.6529626178947017	11.479811984427569
23	568.7011989779892	1.4717828089049994	11.479811984427569
23	774.195749516413	1.0753658445743575	11.479811984427569
23	780.9424152789084	1.3198846191388458	11.479811984427569
23	632.4189352470123	1.5208262494659823	11.479811984427569
23	748.9844388250187	0.5493252671977703	11.479811984427569
23	935.1573084003335	0.10410882300026439	11.479811984427569
23	754.1821214335718	0.7097974614117333	11.479811984427569
23	878.3957330398125	1.8329910374926504	11.479811984427569
23	915.8121929986914	0.28271586214129907	11.479811984427569
23	906.7528722898312	0.03709643052164255	11.479811984427569
23	573.037849151992	0.8053630998751382	11.479811984427569
23	891.1388081181451	0.19520455752518248	11.479811984427569
23	824.6300002417489	0.21220087048312794	11.479811984427569
23	1011.8630930797756	1.022260736124156	11.479811984427569

24	549.2211095107716	0.9415541807858546	12.357224766442203
24	611.8001833130768	1.0927293308766226	18.128688996729203
24	724.1125996088556	0.6763838751555566	10.688115876582394
24	584.8518466908163	0.7387273513790538	11.246576533067785
24	782.5188984061114	0.1056436979424899	11.246576533067785
24	799.4617194865575	0.4792060515016952	11.246576533067785
24	992.2976507177956	0.25686260937958577	11.246576533067785
24	882.9741833475496	0.09249835744795501	11.246576533067785
24	664.1306163325258	0.2501291663578604	11.246576533067785
24	1385.4409071574814	0.8468359107275973	11.246576533067785
24	483.17583958548977	1.2316746913087102	11.246576533067785
24	837.6358088137813	-0.029954565940100528	11.246576533067785
24	396.5177708360031	1.0365516328027262	11.246576533067785
24	557.0851513581123	1.3494058485029572	11.246576533067785
24	1131.1222272959858	0.6517956539848058	11.246576533067785
24	938.7466473169748	1.6183977147857236	11.246576533067785
24	1055.9898699695507	1.7618539699499556	11.246576533067785

25	561.1142782208592	1.116710762666916	12.710277513599008
25	512.9050336175958	1.166635684087736	10.159226776845536
25	631.9028322848328	1.0394710386942154	18.000071393092817
25	741.4293377979186	0.7850923747989813	10.699053121444033
25	593.9448324468874	0.5844768136966348	11.556631376593007
25	529.824988368896	1.9935327906178069	11.556631376593007
25	499.8040718919592	0.6181989149006132	11.556631376593007
25	890.8796259017755	0.31783296824172574	11.556631376593007
25	560.5921956777794	1.5246094566023336	11.556631376593007
25	613.7899794363082	1.0047787332096827	11.556631376593007
25	585.0040846385349	1.867792248969951	11.556631376593007
25	689.3599607733242	1.20600611119865	11.556631376593007

26	572.0517688283816	0.8363171993173218	12.732445448474458
26	521.9767526395656	1.2796817953317936	10.279224892990827
26	649.5096049566083	1.0618003255882877	18.141174090991704
26	746.598948028723	0.7608738824922248	10.622871028524811
26	610.6272056557858	0.6383097378852551	11.594669106197408
26	84.63099080011646	1.1172005321058123	11.594669106197408
26	848.0471770711238	1.016467590694604	11.594669106197408
26	530.4121774941633	1.9460111575364654	11.594669106197408
26	1443.266186638311	0.8045995103645088	11.594669106197408
26	765.6028760034094	1.5139852446185458	11.594669106197408
26	193.1060131713187	0.7403764771659254	11.594669106197408
26	943.7619119996041	0.6193251755059629	11.594669106197408
26	329.0934581817207	-0.04652088163900493	11.594669106197408

27	583.5449074016361	1.130157939711693	12.479777298978947
27	537.8537766046347	1.3294460365989234	10.64031086059505
27	669.1935396738994	1.0237976818396555	17.884586244613267
27	761.1035223428812	0.8471075241975169	10.949931610939197
27	623.9019286459485	0.6207167810249187	12.264482332727088
27	454.34761256669225	0.34961964079771124	12.264482332727088
27	41.942817090919725	2.2904511946122526	12.264482332727088
27	502.44895493412537	1.8506831158322377	12.264482332727088
27	534.9805088043393	1.9289463877955841	12.264482332727088
27	503.89767464890235	0.605439629682653	12.264482332727088
27	423.9156852311633	0.7940434954857618	12.264482332727088
27	195.99077148988093	2.280305418778804	12.264482332727088
27	921.8266772077162	0.03143010545252539	12.264482332727088

28	592.975644628829	1.0406058317633247	13.223870279695932
28	550.0478589796135	1.3691847970979498	11.24252752792489
28	682.1067415744008	0.9789162133755576	17.908744395655713
28	769.7946538346189	0.7390931344286439	11.053519693438142
28	628.0055909660224	0.6232333095890632	11.829439439925888
28	422.5798461616337	1.668405848448456	11.829439439925888
28	1036.5653954098514	1.4521614390593909	11.829439439925888
28	687.8842373998009	0.057463256724625156	11.829439439925888
28	1249.3213267879626	0.7814784437955493	11.829439439925888
28	620.757828820996	0.8257924794797009	11.829439439925888
28	1006.6824927072344	1.1315212469857927	11.829439439925888
28	1225.4073238602268	0.6875203101744282	11.829439439925888

29	612.5316999727625	1.0513154877982058	12.76321212707926
29	555.2560196602757	1.1871283084747708	11.467360920189684
29	699.3001087245399	0.9867973786766688	18.05342737137485
29	778.5506661622012	0.9760495839232257	11.250460452886891
29	704.6582886749869	0.4413685426167984	11.250460452886891
29	1070.738338652553	1.1649702065758039	11.250460452886891
29	1023.0521205449279	-0.061943422789356856	11.250460452886891
29	1039.955595268278	0.929420167630774	11.250460452886891
29	1040.135713119343	1.7633793916974256	11.250460452886891
29	848.4842886890663	1.0414906836144682	11.250460452886891
29	373.37210675020134	0.484290736669113	11.250460452886891
29	810.1143510452895	0.3715751195874919	11.250460452886891
29	978.4916044068391	0.016703968592408903	11.250460452886891
29	872.9884388645934	1.4790593809951145	11.250460452886891
29	835.5055749333663	1.8845029903842512	11.250460452886891

30	619.578567826573	0.9343677120068388	13.349651240196362
30	570.0223611723791	1.4786438036145717	11.641811094825929
30	716.352533858069	0.9248327082572992	18.245234823270845
30	795.9455658090579	0.8227165904540419	11.39672293933198
30	716.7079200490969	1.3372712359330312	11.39672293933198
30	702.5943518274403	1.5042983922985667	11.39672293933198
30	1183.935737694165	0.7583515596246331	11.39672293933198
30	990.2354310861601	1.2968892415164384	11.39672293933198
30	310.38971054712636	1.2808749777553212	11.39672293933198
30	318.50797266987774	-0.1987319088762636	11.39672293933198
30	348.0772864090869	1.3040650754052394	11.39672293933198
30	676.6948889038848	0.7318079127886086	11.39672293933198
30	751.3110043915129	0.07171604575851293	11.39672293933198
30	595.0415267468148	-0.06533495400712377	11.39672293933198
30	844.0600262306438	0.490322186948988	11.39672293933198
30	664.7253262761038	1.8099114981411826	11.39672293933198

31	637.055454139885	0.9939125421292704	13.234473286903
31	574.3567728831547	1.2782394482156576	12.209313068904127
31	742.2161250986553	0.8584966547941112	18.09094652134055
31	799.6665338122026	0.9535190821478491	11.414951075550892
31	672.8707932248676	0.6152346560182562	12.241721707260245
31	322.6826374223158	-0.02633985848565189	12.241721707260245
31	780.4464848893523	1.2497504617306925	12.241721707260245
31	780.4311094702597	1.2916224794864015	12.241721707260245
31	127.1465716643936	0.7122967532839716	12.241721707260245
31	458.0525626050473	0.8940661785365559	12.241721707260245
31	979.6101048756882	1.1428539913770224	12.241721707260245
31	302.93140797454527	-0.196720050359915	12.241721707260245
31	1080.735522217107	0.35884844484808265	12.241721707260245
31	883.5135510745897	0.1610754930998587	12.241721707260245

32	652.9656404588839	1.1482575992293467	13.361383076497741
32	592.998211212898	1.3704020609743788	12.32852738414457
32	754.9938290204848	0.9786185247785587	17.811412774866938
32	819.3977169164549	0.7550699068476423	11.6935453079755
32	680.9337143272677	0.6626568765684698	12.434480825987414
32	938.3524766436731	0.46620533583208806	12.434480825987414
32	379.6921896633325	0.8424099255088333	12.434480825987414
32	963.9567698452088	0.6169591116206358	12.434480825987414
32	819.3992534200835	0.3074176842495201	12.434480825987414
32	149.49209547634413	0.9336000314995322	12.434480825987414
32	69.38906177062212	1.8853030487940305	12.434480825987414
32	497.16686409548595	1.767819585643167	12.434480825987414
32	612.1482608753718	1.9307617752302693	12.434480825987414

33	666.1237900860681	1.061685637687223	13.608514188443904
33	604.7561516080049	1.3230779701956141	12.890867767736953
33	778.2714801375574	0.9188934471884664	18.127269584968715
33	824.6636110380573	0.9230817679231106	11.818854504818912
33	686.870541886226	0.7052791214716538	12.453025528399177
33	819.1057869632942	1.811342719454034	12.453025528399177
33	845.7040985658597	0.4269793526422585	12.453025528399177
33	915.5680958986686	1.6959186980700507	12.453025528399177
33	950.9237926575867	1.086936774656795	12.453025528399177
33	661.7228810534382	0.9427984514053724	12.453025528399177
33	577.3552613768665	1.0322206442047757	12.453025528399177
33	1208.6308191134458	0.928914355800136	12.453025528399177
33	212.31439219188792	-0.4404463021830364	12.453025528399177
33	290.9806377415322	1.8723587977255816	12.453025528399177
33	932.9480050828444	1.347676263382527	12.453025528399177
33	646.8462556181594	1.0970367132871655	12.453025528399177
33	480.09970602959345	0.6002594425455021	12.453025528399177

34	687.5110911004924	1.050248167024362	13.691205975529794
34	618.2950554532355	1.2987632393288828	13.132549098485304
34	791.6267589271118	0.9746362239627493	18.261927972204127
34	843.3676353076415	0.9273853843423068	11.425786991419873
34	708.0441124056093	0.5619633433734033	12.344311670054255
34	993.3444102978941	1.0662741815158625	12.344311670054255
34	192.26172716292623	2.156925531817098	12.344311670054255
34	1206.8892597270744	1.0045367903032099	12.344311670054255
34	1050.9577876595044	1.4861231957239884	12.344311670054255
34	404.8310068815186	1.9700137759605312	12.344311670054255
34	722.9717649233717	0.1817403002160639	12.344311670054255
34	804.5086249041466	0.876556413244933	12.344311670054255

35	696.6559337944211	1.1605344976246308	13.659723558366577
35	635.2791437689234	1.429579103414264	13.354272065178884
35	813.4790347103165	0.9978552491725194	17.60956221679532
35	853.1568603864955	0.9656623943013907	11.693012245622167
35	716.5683955506368	0.5580799388382188	12.514684796416361
35	318.48629774896824	0.8267403305007446	12.514684796416361
35	1079.7722076230891	1.5507267225018397	12.514684796416361
35	755.4916131260351	1.4477134474437023	12.514684796416361
35	673.0363611524848	1.8265244341040214	12.514684796416361
35	837.67959880768	-0.06863726084948611	12.514684796416361
35	648.3867165117122	0.41880013855597686	12.514684796416361
35	945.8742377791378	0.34272700949638407	12.514684796416361
35	927.6277444952773	0.9402308052416671	12.514684796416361
35	890.7884155312635	0.8324269616700946	12.514684796416361
35	104.57125604164308	2.592819404137898	12.514684796416361
35	615.400380753013	0.4619672023028262	12.514684796416361
35	125.6158506343941	0.184008892382908	12.514684796416361
35	641.5397058899591	1.3656754346757094	12.514684796416361
35	1429.497329750376	0.9101090483582518	12.514684796416361
35	905.9055577487434	1.7528141415931933	12.514684796416361
35	785.2510466179339	0.06388098374638705	12.514684796416361
35	941.9229287820306	0.20506512214618183	12.514684796416361
35	561.8396122778597	0.4368893002395104	12.514684796416361
35	838.1840574754617	0.6677865211568043	12.514684796416361

36	709.853400868404	1.0873594098859025	13.766592377071216
36	647.3049321293778	1.3795063057772592	13.590577876904705
36	824.6720063254737	1.0547628097886366	17.96993029961632
36	860.6474376381092	0.8482825603150739	11.84435937949245
36	731.4810437258086	0.5263640088271989	12.817645358786011
36	289.26976523138444	1.813032648666937	12.817645358786011
36	415.6167800848583	0.38364362347794595	12.817645358786011
36	1142.9811059438025	0.4975710459975231	12.817645358786011
36	450.6411637952135	1.8377700798894265	12.817645358786011
36	1136.6281376032614	0.8346659072566658	12.817645358786011
36	953.0722590467091	1.5888853439233301	12.817645358786011
36	1001.1041654724479	0.7577532046703124	12.817645358786011
36	893.2146787573823	1.237973758562833	12.817645358786011
36	987.7807251563378	1.0430928936810302	12.817645358786011
36	385.3328443069033	2.0743583093716875	12.817645358786011
36	802.86037184751	0.6526506823098123	12.817645358786011
36	133.794345021658	-0.5072807655211221	12.817645358786011
36	346.30411261588904	0.5900085987567301	12.817645358786011

37	719.4359864010107	1.1099012957925987	13.392305580429227
37	657.0369947839226	1.4486321083687776	13.436499715266304
37	845.3103157692266	0.9683010462146355	18.125435449382284
37	877.0036885296552	0.8631058251360179	12.319134939261675
37	870.9858916289651	0.33783498489000996	12.319134939261675
37	676.7090921044592	1.1950803291588068	12.319134939261675
37	714.3588302826454	0.2506780567233636	12.319134939261675
37	1113.295711537438	0.6517505435738195	12.319134939261675
37	1078.0638747375588	0.5653744196810028	12.319134939261675
37	147.28236981030886	-3.0894055418795876	12.319134939261675
37	1026.3801574706308	0.5398606196258579	12.319134939261675
37	321.20491195575704	2.068880992930962	12.319134939261675
37	1310.7678506696639	0.6722460052152924	12.319134939261675
37	1094.0470197025463	1.313600049059632	12.319134939261675
37	729.0960954944499	0.21811649069556505	12.319134939261675
37	999.4823538156335	0.9264396529348229	12.319134939261675
37	849.3267359478452	0.4667785885512374	12.319134939261675

38	738.9416761790604	1.2225775809543875	13.719589382428607
38	678.9552006716215	1.6363076182773035	13.90182085706097
38	862.9181523215625	0.8989584901958303	17.95546271286465
38	886.4555441227342	1.0096527340965524	12.080490948114301
38	757.1681197937434	0.4594754873260826	13.001167196647954
38	207.34663248479478	1.0523991338422236	13.001167196647954
38	802.6519173349611	1.472539576804059	13.001167196647954
38	1032.1749841281269	1.0896087139475183	13.001167196647954
38	473.67746734196425	0.8261189822505227	13.001167196647954
38	1014.6693125661106	-0.02641930219442512	13.001167196647954
38	717.6013849529302	1.3904640191608604	13.001167196647954
38	223.91310980124206	2.7102849258224553	13.001167196647954
38	920.6922151247787	1.1607579618205057	13.001167196647954
38	40.63081364217822	-2.992320520711762	13.001167196647954

39	749.4746911619104	1.209366667063119	13.68750635314528
39	688.502237860267	1.4460363613432334	14.44604790358881
39	881.5857257879776	0.9780841196196632	18.13217258171892
39	901.6663059916388	0.9226676359979642	12.404385327880306
39	773.8180946227669	0.6111810171902448	13.045785689094156
39	440.0181036455198	0.7260142863692834	13.045785689094156
39	884.6903385607677	0.9942315155861271	13.045785689094156
39	569.3650659116392	0.8070928884278701	13.045785689094156
39	1091.7993966715885	1.1508615502541744	13.045785689094156
39	908.106219926419	0.7666969035660142	13.045785689094156

40	760.5751417824538	1.148092820571414	13.801448066869598
40	700.4527773227354	1.481211501774882	14.266427911171727
40	901.5832205208287	0.9164150607334582	18.143433940488336
40	904.7692525466658	0.9798707728823941	12.63082394711534
40	781.6293161490626	0.4543522235029985	13.227444082545604
40	575.3036515783083	0.8880184461464109	13.227444082545604
40	859.2200288878415	1.8243826566803611	13.227444082545604
40	609.8714812614544	0.0704992811845837	13.227444082545604
40	998.3830507481728	1.5840814230729874	13.227444082545604
40	324.7556763872477	2.31689867876522	13.227444082545604
40	1057.420900092765	1.3406056732828322	13.227444082545604
40	760.7832127198452	0.5095921459694164	13.227444082545604
40	97.14702273921348	-0.3271524039823288	13.227444082545604
40	503.7691472649662	1.6402513117351325	13.227444082545604
40	1337.6907902518942	0.7842878016995494	13.227444082545604
40	410.8957699768764	1.5742293887618475	13.227444082545604

41	772.1724461953531	1.1689175220059496	13.673294823361173
41	712.056779927484	1.4517874133957585	14.23885228526358
41	917.7009224926795	0.9498928064330444	18.1165130524876
41	925.7377829391726	1.0106644108367568	12.476026914468903
41	791.3473661810763	0.5073493154854505	12.962124443121494
41	740.6010459301074	0.8532390024555507	12.962124443121494
41	596.1349365218719	1.4509270992051093	12.962124443121494
41	1002.8439523103478	0.5625647234901043	12.962124443121494
41	955.3280495523961	0.7797920599230151	12.962124443121494
41	1315.0559429585787	0.9097505058028922	12.962124443121494
41	738.3998089311195	0.6160400572151189	12.962124443121494
41	635.6640095555832	1.8692270487890725	12.962124443121494
41	244.60319582588275	2.9341439953178066	12.962124443121494
41	505.8347607563803	0.06315708760537686	12.962124443121494
41	494.69316161477263	0.8715536802969943	12.962124443121494
41	948.1442854275917	0.5926046520179418	12.962124443121494
41	826.8963439437159	0.7908087795657439	12.962124443121494
41	1305.1848069556868	0.8127818034638393	12.962124443121494
41	1106.9764509399608	0.7209236422894653	12.962124443121494
41	205.0107822669485	2.0412313755059177	12.962124443121494
41	1046.9732555905773	0.7378479656149532	12.962124443121494

42	786.0489134198931	1.0783993139247117	13.329469471743886
42	736.5319777488164	1.523931343152035	14.529062554053311
42	935.1172107810183	1.084842075251778	18.04090889143156
42	936.2654249581533	0.8916572471272859	12.32873579570576
42	807.7388255125867	0.3892785823169457	13.246835313254339
42	918.6457179165413	-0.08466540582954651	13.246835313254339
42	869.0987136063961	0.8299445008554532	13.246835313254339
42	706.4044791258735	0.0398415348131772	13.246835313254339
42	1375.0749488438537	0.9368095981386191	13.246835313254339
42	662.2904105179208	1.4106527847616959	13.246835313254339
42	706.6382642804108	1.4810800102217934	13.246835313254339
42	1230.3012394403654	0.6340695437320539	13.246835313254339
42	849.9331720412172	1.1508831978793315	13.246835313254339
42	199.2996771954034	-0.41723448790491363	13.246835313254339
42	569.7377447201247	1.1037542997168206	13.246835313254339

43	803.3530702720094	1.128339150309418	14.062626733302578
43	748.6772289074302	1.4911752317279197	14.765835720125692
43	954.7452055482355	1.001082986714341	17.89272453007083
43	944.4233282412105	1.044079071453315	12.727312527311888
43	816.254411302709	0.48764115310147405	12.933061530492312
43	581.6910241633543	1.0225230726890955	12.933061530492312
43	778.0996991901978	0.24445109125674785	12.933061530492312
43	725.6956273879877	1.154036848807909	12.933061530492312
43	582.8278448312944	1.6528943369652465	12.933061530492312
43	1140.4821095709374	0.930512115167454	12.933061530492312
43	1060.4124270960122	1.141614848100976	12.933061530492312
43	1275.5765133820246	0.9481833462456126	12.933061530492312
43	691.6046145313124	0.520382668638949	12.933061530492312
43	890.5746344547443	1.619182968486755	12.933061530492312
43	250.49275368021296	2.487582501406963	12.933061530492312
43	968.8876785602729	0.22751969521286353	12.933061530492312
43	903.6911074455513	1.0194497541088399	12.933061530492312

44	818.5536521000623	1.2664228757119498	13.94207217549818
44	758.3262564212242	1.5766483952599832	14.926406356817214
44	973.8761139708694	0.9990518110090234	17.576077996439004
44	964.5646931113439	1.0466120752541488	12.986091123869652
44	833.4112535010146	0.38014560070293196	13.522607678341641
44	951.8355397919631	1.8784482901636577	13.522607678341641
44	1061.2349352180995	1.355752145721396	13.522607678341641
44	917.4031624426391	0.24509239762478136	13.522607678341641
44	1217.070092083531	0.8400263234817577	13.522607678341641
44	360.43083546062985	1.4189923420785922	13.522607678341641
44	1277.687656513309	1.0510790312189966	13.522607678341641
44	998.807515181536	1.0165365049921935	13.522607678341641
44	454.20986503548653	0.003704025286616161	13.522607678341641
44	466.33383056767104	-0.23932260631212204	13.522607678341641
44	682.0997025248893	0.18826458407783478	13.522607678341641
44	679.0501093575184	0.897254675048325	13.522607678341641
44	439.91908147483326	0.4310173939460593	13.522607678341641
44	411.07108694326826	0.6134223116885478	13.522607678341641

45	826.2059893383715	1.1930494527652817	13.994465398796983
45	780.275002191152	1.3162404986193845	15.059792148151159
45	990.4185930213329	0.6976358438420178	18.20881000364523
45	967.6362069938957	0.9998086204257296	12.823968880142376
45	850.5476141047176	0.4606356690673564	13.326802823309176
45	1093.9869274991624	0.8595929801953349	13.326802823309176
45	701.8860598816698	1.6354161307253725	13.326802823309176
45	182.36385473861435	1.9373809391502794	13.326802823309176
45	854.2609198692504	0.05840361009845425	13.326802823309176
45	261.47786799929713	1.007499093866108	13.326802823309176
45	961.5132000103546	0.903889168333776	13.326802823309176
45	666.4097717860909	1.8628864815027986	13.326802823309176
45	600.5532339270337	2.1209462629042926	13.326802823309176
45	812.472286096385	0.22402915701888906	13.326802823309176
45	936.7476773300639	1.4964637672713053	13.326802823309176
45	330.88225457241987	2.3135020796526122	13.326802823309176
45	766.9750182981105	1.3184231163755809	13.326802823309176

46	844.0554940790187	1.1005614647077218	13.825462649000814
46	792.0082602888922	1.454314866293515	15.005060191345812
46	1014.3847965360152	0.9777427469533091	18.063592445943886
46	981.6040210528307	0.8185715900285556	12.736861714201854
46	861.1463041771555	0.39119956505738285	13.387106891340682
46	908.7566349104605	1.222022244536054	13.387106891340682
46	956.4086867529609	0.5945234382072591	13.387106891340682
46	600.0822219695692	0.5042805829422314	13.387106891340682
46	447.2535625599008	1.456051523271575	13.387106891340682
46	819.0564188155039	0.6451702543865914	13.387106891340682
46	501.26818619874086	0.7750203163988312	13.387106891340682
46	968.2059815455698	0.4576481601704809	13.387106891340682
46	279.97364277777154	2.1220357021037057	13.387106891340682

47	859.4502121049002	1.2977743307310359	13.782501518003663
47	803.0333962006343	1.5687246030782696	15.197297478602403
47	1000.2715625078413	1.036431423256087	12.82437407504671
47	882.0322631943875	0.3637094085533367	12.762531945190476
47	539.3858318407222	1.7903992943905893	12.762531945190476
47	1121.6471469917446	1.2713392646667871	12.762531945190476
47	137.74956776510663	0.8003698506975097	12.762531945190476
47	491.815794410584	1.1210140206021098	12.762531945190476
47	366.4197575206606	1.9658183426314113	12.762531945190476
47	424.7331081146742	1.0875865791134853	12.762531945190476
47	1069.0738086520578	1.781510032092804	12.762531945190476
47	454.25752356278366	1.185394901954043	12.762531945190476
47	85.9383937068352	1.656823857582097	12.762531945190476
47	794.8544114253751	0.5406947485469786	12.762531945190476
47	467.26710633252515	0.5888167226746766	12.762531945190476
47	1023.6652366404429	0.3107702722296806	12.762531945190476
47	1042.3693500762188	1.3127977118989733	12.762531945190476

48	875.1922173119614	1.2136916705449687	13.979370168302491
48	823.4238555159604	1.739913225022667	15.023113728960984
48	1014.327207359803	1.059360351585435	12.914977589268776
48	888.935935955826	0.46442267918487773	13.548627170091494
48	947.7815356396022	0.7294002824748764	13.548627170091494
48	588.1512761078078	1.7248984778515777	13.548627170091494
48	1170.411568753728	0.681675995858829	13.548627170091494
48	1211.1291867387868	1.009900261008111	13.548627170091494
48	1196.5435488034477	1.2297568663219156	13.548627170091494
48	1172.6571699606857	1.0808134792580872	13.548627170091494
48	1042.8585117081036	0.5774342749633071	13.548627170091494
48	536.5402849921296	1.0384309348066667	13.548627170091494
48	1163.1984789441726	1.0383997537516025	13.548627170091494

49	888.4160282263373	1.3009068100029006	14.075817631557008
49	835.0325354661483	1.6863911002400533	15.138927622405776
49	1062.3916344025174	0.9662617637517531	18.27700761886954
49	1026.162681100746	0.9969547685192173	12.845421344598211
49	904.1150676528657	0.48503227501263174	13.63270520810359
49	308.30289746529314	1.0117157878617389	13.63270520810359
49	1236.5767619842375	1.0161699294331763	13.63270520810359
49	683.4241349984366	0.20941039193403266	13.63270520810359
49	366.2510052365111	1.2330354592457382	13.63270520810359
49	417.7867891098337	1.0912446250546668	13.63270520810359
49	587.8385229309226	1.7731034919324873	13.63270520810359
49	1022.6588791603272	0.24556405655502023	13.63270520810359
49	506.10875462170964	0.4602804712780706	13.63270520810359
49	676.4199005836203	-0.29470009694196553	13.63270520810359
49	935.2442929125991	0.19951122192441167	13.63270520810359
49	987.9288211096523	0.8124595142586397	13.63270520810359
49	1328.5687972255496	0.8171890560078908	13.63270520810359
49	1062.4627517477343	0.3939910406657097	13.63270520810359

