scan	range	bearing	velocity
0	316.1547308558977	0.39436645002327475	4.71424341973091
0	462.03856530081924	0.20950011432331916	-6.664927410168773
0	182.52836387916085	0.8465331359217232	18.176534915159497
0	539.9161324692952	0.4006725866430683	3.9329622542574465
0	403.9709950055585	1.327688043547399	2.9787106293218595
0	242.46430940376268	2.5382856497879454	2.9787106293218595
0	339.93729655385005	-0.13629852596834557	2.9787106293218595
0	795.9555131259195	0.03877757426899251	2.9787106293218595
0	1022.923726271419	1.625253511891404	2.9787106293218595
0	616.7651724800314	0.554420463113628	2.9787106293218595
0	617.5255839910436	-0.09521830335518468	2.9787106293218595
0	785.5186674900127	1.4737405299029802	2.9787106293218595
0	1084.458525392809	0.531957154467554	2.9787106293218595
0	835.9887036007627	0.836474209013661	2.9787106293218595
0	343.4615014790611	0.7446081194799768	2.9787106293218595
0	880.0558867151311	1.830450400511979	2.9787106293218595

1	321.54344610946185	0.32609019818344087	5.416088397455203
1	454.5517739220794	0.2713137511256736	-5.5592098125781915
1	197.87618272326046	0.9351112101712112	17.890668849697885
1	542.0607284814515	0.4248941087288007	4.5622552784080295
1	398.1850710408793	1.334101898249044	4.027184497978447
1	1037.4242937591378	1.1842566397685832	4.027184497978447
1	150.29913145151926	-0.7784539396657959	4.027184497978447
1	1411.5556027490688	0.7795530179597244	4.027184497978447
1	1141.0666330250697	0.9515071842604875	4.027184497978447
1	392.69988687739726	0.24722744129915283	4.027184497978447
1	994.182215612162	1.2541616787938878	4.027184497978447
1	700.7850714465553	1.3818677073670282	4.027184497978447
1	820.5791886259152	1.5232984599358985	4.027184497978447
1	1236.8063785058284	0.7850329900373343	4.027184497978447
1	161.35702552541278	-0.5460774686556499	4.027184497978447
1	588.2162605653692	1.2282355333449537	4.027184497978447
1	659.7163114736194	1.2742879627564863	4.027184497978447

2	322.50529704577895	0.39132094859947997	5.771586331378936
2	447.07408725057047	0.2574698534875074	-4.959357860292249
2	216.45133669269526	0.9681295341845868	18.11051065628134
2	553.3145020837455	0.47606297600489067	4.768080617025838
2	407.18455161302376	1.1864016260686234	4.061318241946822
2	644.6489752585355	1.864312221291657	4.061318241946822
2	1164.5801292141768	0.7575539936970329	4.061318241946822
2	980.2311712150491	0.5732485863551074	4.061318241946822
2	976.748771128202	1.1200252570355897	4.061318241946822
2	990.5739282855567	1.359150842093177	4.061318241946822
2	750.0230530559966	0.7194682812087826	4.061318241946822
2	393.7482348527798	0.7313224096187133	4.061318241946822
2	997.6473554929138	0.10232492249803445	4.061318241946822
2	1056.9637326118725	0.5383214479789339	4.061318241946822
2	1006.5802403404306	1.6637070865006893	4.061318241946822
2	1011.52903577268	-0.0414187707886348	4.061318241946822
2	942.2900050573314	0.6530964559001738	4.061318241946822
2	946.1708025977562	0.3645766340720542	4.061318241946822

3	333.8265866215038	0.5230572281427811	6.446530092998621
3	443.29839946460777	0.22090531040378242	-4.920963842958463
3	550.4192037496638	0.4940827763613222	5.473296803450493
3	408.3820661218364	1.1972395692539652	4.54488746932819
3	479.70997281146475	1.3599376232200762	4.54488746932819
3	484.42621085773084	1.686973668577142	4.54488746932819
3	124.34770578974003	1.8749074034949174	4.54488746932819
3	1077.041287660544	1.2592153656864136	4.54488746932819
3	303.46436722071184	1.599231263967237	4.54488746932819
3	945.8817680522734	-0.0017924600279850193	4.54488746932819
3	1051.6777888026984	1.2987503674362189	4.54488746932819
3	914.9999369638609	1.7262514067856676	4.54488746932819
3	771.708162560563	0.10474117834000392	4.54488746932819
3	846.7408001683115	1.6597373712596484	4.54488746932819
3	718.3246309066193	0.8489651734005977	4.54488746932819
3	488.1375944034444	1.8834499974703924	4.54488746932819
3	888.7983387334355	0.49358017638636387	4.54488746932819

4	340.56714246327203	0.5115266006543469	6.830086498047021
4	444.6609642053186	0.32720489066814656	-4.01718796653331
4	257.0823239691804	1.0631874743143102	18.33874177867314
4	559.8963219820519	0.3752155621409522	5.587531673811979
4	411.1815711406236	1.3103683303139058	5.150670651146955
4	763.719156432218	1.6186058224579358	5.150670651146955
4	1088.7313496965273	1.2056195190840466	5.150670651146955
4	840.3893894774135	1.425850159727986	5.150670651146955
4	228.2862506561873	3.055528143652066	5.150670651146955
4	1022.6149651841969	0.8364781581935079	5.150670651146955
4	691.1304265393446	0.5293847001004938	5.150670651146955
4	648.66330104198	1.374248577502157	5.150670651146955
4	1007.1990907167307	1.5620550292824673	5.150670651146955
4	999.9626111148499	1.038493045695135	5.150670651146955
4	1010.7178970169085	0.551804742351895	5.150670651146955
4	532.0714040570854	1.4169382213091364	5.150670651146955
4	923.5559089597875	1.2115660440736058	5.150670651146955
4	517.6403430974265	1.051937721510608	5.150670651146955

5	348.0915192068261	0.35057601285708134	7.4834688676222205
5	438.5208683580072	0.42886238733069465	-3.466623268693186
5	560.1073119463018	0.5169816901101747	5.780254254596162
5	414.514028987601	1.275713086734616	5.3968053048474784
5	495.5116071701692	1.7734764550532642	5.3968053048474784
5	710.4576468139753	1.9736189589064015	5.3968053048474784
5	202.41611538053658	0.7606157322927173	5.3968053048474784
5	1116.3720672997008	1.0570545503457844	5.3968053048474784
5	1173.044538166073	0.8575962463568633	5.3968053048474784
5	874.9938753557263	0.7010492163986669	5.3968053048474784
5	438.15742011278104	0.6397146152820742	5.3968053048474784
5	1002.5616305050229	1.4608639366966247	5.3968053048474784
5	833.4884471132684	1.7252751726995785	5.3968053048474784
5	218.741016718712	1.15377337818682	5.3968053048474784
5	956.037184492903	1.3297611282981034	5.3968053048474784

6	356.43627941421687	0.591813777396135	7.854256083185316
6	435.41965800500134	0.5037668969178184	-2.2546694540516468
6	293.98441531083034	1.1308995030633382	18.04608090480835
6	570.0795094864673	0.4208116287714345	6.116870396300842
6	426.6028996946074	1.1787742060859765	6.396511811237524
6	1129.192002385005	0.8345739256726756	6.396511811237524
6	1002.2096626369074	1.8770443644961627	6.396511811237524
6	119.1745046237222	0.989922063076345	6.396511811237524
6	551.149019476347	1.2686814210322157	6.396511811237524
6	343.72834919097306	0.6911208897229932	6.396511811237524
6	259.1436685065841	2.5554560127373005	6.396511811237524
6	640.5420870628337	0.9764510855226556	6.396511811237524
6	971.2584388652647	0.8379881933153122	6.396511811237524
6	1255.1518350776178	0.8916906194189729	6.396511811237524

7	430.4692369596853	0.4555750754213401	-1.59789795834248
7	576.4715310908219	0.4514095112104299	6.6465728438419704
7	428.1328666561443	1.1257776732514657	6.596042876287237
7	627.1873515394556	1.4227111841924944	6.596042876287237
7	446.3720161714761	1.7700608404035785	6.596042876287237
7	881.8386481839506	0.1294846395623325	6.596042876287237
7	1099.559583194502	0.7295803281904416	6.596042876287237
7	684.1636910041765	-0.17801752710081498	6.596042876287237
7	494.63717341968373	0.8509086535011919	6.596042876287237
7	675.0971675843898	0.29158676176394394	6.596042876287237

8	371.9431328591972	0.58832059751899	8.678287628839096
8	430.3560195381508	0.4903485026990949	-0.6782452997933117
8	321.6712653305901	1.025417977650738	17.897626215315714
8	589.3294292035141	0.530766101331013	6.7351375030388345
8	435.7398037916048	1.1522798114625212	7.363026580801774
8	891.8336075494263	1.4708444037590371	7.363026580801774
8	999.251823890577	1.2737355635206373	7.363026580801774
8	733.8515590919944	0.20686295183009226	7.363026580801774
8	608.7438477970136	0.8561943824968634	7.363026580801774
8	1064.3085077003218	0.4843205250751452	7.363026580801774
8	427.71026313572776	1.5274459034539511	7.363026580801774
8	974.3108593373444	1.184166137181273	7.363026580801774
8	1004.7093846115519	1.9732324274110704	7.363026580801774
8	800.8477630563652	1.6121545158240984	7.363026580801774
8	792.2488107166884	0.16957573829992892	7.363026580801774
8	671.4918755373236	1.4711063550339913	7.363026580801774
8	840.521171302792	0.14667039400846782	7.363026580801774
8	446.57579761819846	-0.26061528994767746	7.363026580801774
8	525.7906874746806	-0.043949587453291326	7.363026580801774
8	231.99023972028579	1.139040326323709	7.363026580801774
8	168.03400693380365	-2.892693510243774	7.363026580801774
8	120.78117181101939	-2.6332668547756644	7.363026580801774
8	452.6980171782946	0.8598526352725105	7.363026580801774

9	381.4943379925814	0.6573942111241101	9.272172934577696
9	428.66028262378484	0.40996374177713035	-0.44317612773980153
9	342.9005612362919	1.0584194063961345	18.096829366674424
9	587.9049049734878	0.49025298380634097	6.922882774915342
9	441.947096680752	1.024113564604939	7.179156501643829
9	982.6691507289104	1.7410388087302389	7.179156501643829
9	583.2149962183165	0.7259954777919861	7.179156501643829
9	874.8256106454468	-0.12533854357837412	7.179156501643829
9	369.1764094985275	0.1819731126852507	7.179156501643829
9	1075.3319999814103	0.5239839656531736	7.179156501643829
9	901.1702584060043	0.3974222252945336	7.179156501643829
9	888.7734679739866	1.2801838182803946	7.179156501643829
9	554.6446912343057	0.5651418567260718	7.179156501643829
9	650.3218995067214	1.3848242452491384	7.179156501643829

10	391.1511119455851	0.6142569024922464	9.318775580670005
10	432.1042987653706	0.5231089778675833	0.49296245691940804
10	361.212423857517	1.0124271385568806	17.88041813943966
10	597.0548363044795	0.5640357218730654	7.478108085977457
10	452.53063091877874	1.0679163454317355	8.04713854653959
10	589.8937863786305	-0.07483964680632887	8.04713854653959
10	750.5064851001931	0.3287081066015508	8.04713854653959
10	664.1565552372398	1.8192667973135872	8.04713854653959
10	256.6339837823599	1.4897889820798953	8.04713854653959
10	655.3510259047225	0.8727797310603276	8.04713854653959
10	716.7813152503832	-0.017019476758400667	8.04713854653959
10	1427.5812778477107	0.8392584396676352	8.04713854653959
10	1093.025421634256	1.1058554899602528	8.04713854653959
10	707.540788424134	-0.10862935288949889	8.04713854653959
10	1296.0795197582277	0.8871185299556177	8.04713854653959
10	1361.6071928023289	0.7252559982275546	8.04713854653959
10	942.3194508872926	1.1442573125484166	8.04713854653959
10	388.9623458415658	0.7727348242402505	8.04713854653959

11	407.958573766038	0.8317678175217236	9.875618017241097
11	426.21888555733364	0.6509862250613738	1.2861047670328853
11	376.16358742756097	0.9755352298648508	18.208030256882246
11	605.4489152550838	0.6073216764769068	8.003652847323071
11	457.7620234983283	0.967002779830693	7.786102424582344
11	1221.1778300000049	0.6932310298953355	7.786102424582344
11	892.2953243814798	0.36050478708998845	7.786102424582344
11	1233.0768207615836	0.6522204525931423	7.786102424582344
11	404.2569267053827	0.911805292150315	7.786102424582344
11	1103.0625410052771	1.464072864467667	7.786102424582344
11	847.3941686826838	0.6433319871169872	7.786102424582344
11	613.5109716809038	0.11233363438352219	7.786102424582344
11	83.59718570907832	-1.616702762662021	7.786102424582344
11	799.87570857453	-0.09172349094484503	7.786102424582344
11	276.2296504334283	1.2591639423440029	7.786102424582344
11	1063.3473595556968	0.47739386520449784	7.786102424582344
11	998.6531964159354	1.35868252318812	7.786102424582344
11	1004.3359721269405	0.8524084186123566	7.786102424582344
11	217.22177345220177	1.7724828426764885	7.786102424582344
11	365.75280833715743	1.8258424375059399	7.786102424582344
11	992.4773007175389	0.13928344758930306	7.786102424582344
11	797.0955730241236	1.1165634951174	7.786102424582344
11	959.1641692672027	0.43963768054013896	7.786102424582344
11	1419.370594362288	0.833534924851998	7.786102424582344
11	796.2556104168212	1.2213010838711396	7.786102424582344
11	481.09234057052294	1.8651611564589188	7.786102424582344

12	410.4841607785146	0.5540912532328537	10.05920824754219
12	432.4113657522975	0.7961759727567935	1.924659647523706
12	393.9805370735687	0.9947635635417643	17.854625242575853
12	616.8190862872023	0.4716798759108774	8.398848628775818
12	459.1264163561601	0.921799148722978	8.14897391786497
12	1028.3274715449265	1.1530181153291084	8.14897391786497
12	606.9982625729592	1.8516246400004845	8.14897391786497
12	277.1342861941831	2.1804611788587764	8.14897391786497
12	189.68292577683206	0.9921027427187208	8.14897391786497
12	821.8019658927655	0.19191071838324925	8.14897391786497
12	957.1865052842911	0.2740021713710861	8.14897391786497

13	423.7042161388387	0.8447346124333932	10.888985229732661
13	438.2885877310157	0.5461929190570567	2.700219050335574
13	410.06152710079846	0.9766124971434854	17.57469851334417
13	625.9764741870739	0.49508630133138587	8.479759055951082
13	477.07583605559	1.0421184626971334	9.006822417448417
13	119.5286572717635	0.9910974862496509	9.006822417448417
13	112.64180123408477	-0.7512222535227312	9.006822417448417
13	874.6568352752057	0.4005045107648271	9.006822417448417
13	439.815451069689	1.152366151600615	9.006822417448417
13	822.5254533679372	1.1866575522516882	9.006822417448417
13	901.1102704167092	1.088522329667695	9.006822417448417
13	1079.47413669338	1.0365168526484716	9.006822417448417

14	435.3030191146872	0.786351159684782	10.660893055453268
14	440.55671428646787	0.8506357244023303	3.7951991489668506
14	430.28792228816167	0.8414697006521776	18.24395929693594
14	630.6696893669881	0.686968000232373	8.87872068304615
14	481.97052537437247	0.8594820715083372	8.5663504698218
14	1013.1769695492462	1.4593417279293903	8.5663504698218
14	273.33009896969173	2.5087508459479313	8.5663504698218
14	275.3334873527454	-0.02731619511589086	8.5663504698218
14	1090.728213562649	0.9167510288051347	8.5663504698218
14	635.7306672741886	1.1353831604789113	8.5663504698218
14	641.446671026131	1.0405585426219568	8.5663504698218

15	441.5415328267731	0.7298288412684226	4.093419538098765
15	452.3485899183529	1.0871730936233706	17.7053121850675
15	641.478626409048	0.6309000648541954	8.822607255206869
15	489.023387752589	0.9186725167847978	9.477015307161615
15	174.14827118362277	-0.39232399420952635	9.477015307161615
15	1271.910895602029	0.7261156597528331	9.477015307161615
15	664.619528172586	-0.17709503978146432	9.477015307161615
15	803.8473816158851	1.1262591095499728	9.477015307161615
15	950.1797190006671	0.7351271103433108	9.477015307161615
15	690.3508316848836	1.659705104651822	9.477015307161615
15	1080.7420197332372	0.5805099998212766	9.477015307161615
15	943.9057277035804	1.1285807545708657	9.477015307161615
15	309.90902257264247	0.1299337108574232	9.477015307161615
15	634.6672628951324	1.2554485448637522	9.477015307161615
15	858.1566623980382	1.5710303851781737	9.477015307161615

16	455.5809527670255	0.7187161915619956	11.46902482829696
16	447.73404167589797	0.8750818335177482	4.837079156020685
16	475.1022920592336	0.9438004472440515	18.080570276689475
16	652.163014090856	0.8458564385367571	9.298845125354596
16	504.63883024634083	0.8421235296804548	9.588738258368572
16	1041.5889967382088	1.599421000898528	9.588738258368572
16	218.59128750563323	0.1469586152720934	9.588738258368572
16	1066.9017580894904	1.2967243988373582	9.588738258368572
16	60.27700758476731	-0.25642215198416207	9.588738258368572
16	658.489542441747	0.6150527125756249	9.588738258368572
16	82.21884860575824	0.9583705765278056	9.588738258368572
16	719.0882328731999	0.1813165485804075	9.588738258368572
16	786.0117022449044	0.3999530565670552	9.588738258368572
16	708.9113952598034	1.3620706119493124	9.588738258368572
16	381.9903402240071	2.058018507868914	9.588738258368572
16	1083.4612034330808	0.5392331599326211	9.588738258368572
16	798.8021927697299	1.2171651726729313	9.588738258368572
16	752.0567089973416	1.2711630937651577	9.588738258368572
16	623.177342338289	0.7413547980704737	9.588738258368572
16	828.8467848047279	0.9875178720354264	9.588738258368572

17	462.92065149071726	0.8647472835936467	11.822604659696536
17	452.10912971295676	0.9359203521775387	5.586095699246812
17	486.2296650812117	1.070693751422633	17.897463138067145
17	663.5689265653152	0.7428422215926737	9.364226789340652
17	514.324008914085	1.0066010543761563	9.911471475072807
17	151.22744849726462	0.9686495651852769	9.911471475072807
17	984.7917463423167	0.6734460342780139	9.911471475072807
17	1087.726910139835	0.5666468180324589	9.911471475072807
17	1070.2072543602196	1.2574726970776045	9.911471475072807
17	303.90943492922617	1.1798276001011772	9.911471475072807
17	791.3473247109929	0.9571041278732864	9.911471475072807
17	1026.4046930983257	0.9993030195914913	9.911471475072807
17	996.1213011484814	1.1029201216310724	9.911471475072807
17	568.6949683996457	0.9708411174569356	9.911471475072807
17	772.8544240312802	1.8145348828621155	9.911471475072807
17	803.9770444746437	0.10442393955970239	9.911471475072807
17	1030.44698104621	0.9335305370265551	9.911471475072807
17	36.66253521048807	1.5170624032371762	9.911471475072807
17	768.6593213465243	0.9687031735241416	9.911471475072807
17	758.0693070597423	1.7325165057135055	9.911471475072807
17	554.2683943123366	1.6919591698461787	9.911471475072807

18	478.8902247497328	0.850624119107258	11.688063233841044
18	456.0939584602536	0.9987478761753126	5.976498232542696
18	497.3531857536566	0.9688459325863457	17.808284568556285
18	661.7650621986468	0.6927867630054959	9.423901325395857
18	520.7711789307299	0.7741037486466316	10.063519327297136
18	364.5329615342187	0.09505355562801356	10.063519327297136
18	971.5653865988236	1.5586114582922452	10.063519327297136
18	730.5378860909934	1.1673551732969387	10.063519327297136
18	776.6085475737042	1.3476317755837748	10.063519327297136
18	1107.6192784090201	0.7619858735742824	10.063519327297136
18	888.4159942368779	1.506556377595765	10.063519327297136
18	199.30964833350964	1.2698549704193867	10.063519327297136
18	919.4514473947565	1.1139643073367638	10.063519327297136
18	912.45405666154	1.3447571808472285	10.063519327297136

19	488.4207056877556	1.0650590564096007	12.064790871892177
19	464.80913510743295	1.0402918635876353	6.674883544244525
19	526.371197197421	1.0344294471957924	18.026096666263594
19	675.8909959017094	0.6192540000660307	9.5247999577041
19	531.1647789190047	0.8421432121466176	10.240469524565858
19	699.8419400982724	1.5878623457001853	10.240469524565858
19	1291.8063455186955	1.1170573787092746	10.240469524565858
19	1074.901893936562	1.3045619402415702	10.240469524565858
19	1034.1862855609656	1.3571870563301696	10.240469524565858
19	1257.108519817989	0.8130528851448761	10.240469524565858
19	326.74996556831485	0.3066176298215796	10.240469524565858
19	998.6792250838251	1.4814374580130234	10.240469524565858
19	1195.116569515414	0.959537874881365	10.240469524565858
19	569.2984197636631	1.7501343497934787	10.240469524565858
19	944.3582629261423	1.7562031361055532	10.240469524565858

20	501.5497465772556	0.9488385789930786	12.118947543773976
20	473.9516297979429	0.9859613266886023	7.730461617882384
20	548.2286725796419	1.0619883609956042	17.844001973680907
20	686.0690859323939	0.7827033396353484	10.234317690980589
20	541.1906142464414	0.6969104647682178	10.289171718954877
20	727.4451969210942	0.002122027839207355	10.289171718954877
20	1004.1404187682602	1.1527902969179644	10.289171718954877
20	1279.3943840686732	0.7282427352765701	10.289171718954877
20	192.37678439189145	0.9022481577050095	10.289171718954877
20	604.8182916591193	1.2765665473561376	10.289171718954877
20	211.66710318812153	2.3869307011253076	10.289171718954877
20	379.5611390374073	0.9741293933331365	10.289171718954877
20	678.7173697918365	0.876035877405413	10.289171718954877
20	989.5036861845139	0.4669755481947586	10.289171718954877
20	939.7316049191762	-0.004965753979940035	10.289171718954877
20	1048.3979282384607	0.6333277220767014	10.289171718954877

21	514.2183195498958	0.9626803358837918	12.195871579155463
21	479.35098769872803	1.080797418737165	7.595848100677916
21	558.6776650841105	1.0177266016606987	17.95502009580476
21	699.8468672963262	0.8967452067789357	10.260656483313165
21	554.8267442892186	0.7016567529762989	10.688318717573573
21	958.5995064113148	0.2781670533975832	10.688318717573573
21	440.34322427897166	1.873887083992267	10.688318717573573
21	725.3052558875052	0.19135577791536756	10.688318717573573
21	399.07799775251755	1.6506783498063555	10.688318717573573
21	1293.6323925788085	1.0402845972545334	10.688318717573573
21	165.4417869860972	1.6955334457250126	10.688318717573573
21	699.6866604105868	1.1191074911848482	10.688318717573573
21	299.34398756940436	0.7041750945259769	10.688318717573573
21	915.6374080476049	1.194142643928351	10.688318717573573
21	525.0646600778247	0.4176328638260018	10.688318717573573

22	524.6439566871563	1.018311423594219	12.197658319412726
22	489.59667175507826	0.9526972413437187	8.743251630692333
22	576.3037885887205	0.812465359156204	17.977683922657366
22	715.5386101511749	0.7830505455679333	10.00717285418107
22	564.2698950924415	0.783121831859648	10.829449767720817
22	639.5222452802053	0.7666303142039738	10.829449767720817
22	270.07104006972565	1.6802832132848866	10.829449767720817
22	5.64852471852023	-0.9405654482134242	10.829449767720817
22	1164.194343810943	1.2136606953410074	10.829449767720817
22	1006.275541201984	0.6862524257545899	10.829449767720817
22	863.7350164092935	-0.11114303674012567	10.829449767720817
22	866.6548325451815	0.5666900111939693	10.829449767720817
22	1229.9291616580952	0.5856594266620969	10.829449767720817
22	763.6207084199077	0.8635806478108433	10.829449767720817
22	754.4084073760916	0.5965621523080418	10.829449767720817
22	636.8052765734142	0.2543286288072666	10.829449767720817
22	626.0075125931377	1.3786805159113298	10.829449767720817
22	423.14714254644247	0.7497655076885775	10.829449767720817

23	540.5361548544125	1.0304727464685102	12.465672819782139
23	496.3429814227202	1.1228593955240984	8.872074896976955
23	594.3413579811902	0.9378434847997936	17.878849034772614
23	716.6457343913982	0.6183089340416541	10.514032310912093
23	565.3060800604653	0.7079925897167103	11.089976981056207
23	465.1609369929693	1.503564924463011	11.089976981056207
23	552.7602012946081	1.4510738397845113	11.089976981056207
23	107.19035410664375	2.511503500095947	11.089976981056207
23	997.0953014772879	0.24789968075012425	11.089976981056207
23	900.9489177988719	1.723182189513606	11.089976981056207
23	241.6855232392938	-2.577503958074884	11.089976981056207
23	669.2701401796407	0.6457448399904279	11.089976981056207
23	132.10349442356267	2.879483476222509	11.089976981056207

24	544.9632374289944	0.9812538830543526	12.439036785097484
24	504.7796910388413	1.2159649385435967	9.389518053459236
24	610.3204863520883	0.9126237718716154	17.84554721063081
24	729.3025809958918	0.8549987982450669	10.727554347401552
24	584.0652817003205	0.7609712628981454	11.202122809380885
24	150.14966402430926	-0.4336527564236682	11.202122809380885
24	718.7290058039981	1.035840667734781	11.202122809380885
24	961.3493233300081	0.7747984563505466	11.202122809380885
24	193.93396387381958	0.7282201846773896	11.202122809380885
24	809.2829504456497	0.4651424712071899	11.202122809380885
24	707.843692544291	0.05196966049618722	11.202122809380885
24	328.06046211983755	1.8798111652575553	11.202122809380885
24	842.3485328583276	0.3863179449940172	11.202122809380885
24	985.5864604560691	0.7561887552180526	11.202122809380885

25	557.1306794088748	0.9589437655519549	12.539621693687586
25	516.690936520416	0.9394989631765155	9.920614114342262
25	635.122450675225	1.0260674373736312	18.20500319403002
25	739.9053618459342	0.729666172104968	10.919881892932876
25	598.0598693941897	0.6835221850854806	11.548305237358491
25	982.5044531333679	0.43529631998535	11.548305237358491
25	739.482729253997	0.29858722375442664	11.548305237358491
25	1148.4843406285777	0.6781733664753283	11.548305237358491
25	348.49834704554246	0.6686176027885464	11.548305237358491
25	1066.4685137943743	0.21240906352620567	11.548305237358491
25	996.1764379378608	1.8123250114450635	11.548305237358491
25	927.6480228221953	1.2061127141950092	11.548305237358491
25	1069.8214527543173	0.7633594529262968	11.548305237358491
25	833.937699995298	0.9631676255311145	11.548305237358491
25	806.697349985541	0.5507128363733936	11.548305237358491
25	527.2983557118486	0.3115440037031043	11.548305237358491
25	390.33258064534095	1.633103231479029	11.548305237358491
25	322.3888776623717	0.2853170330413023	11.548305237358491
25	941.6082359452648	0.898422401763897	11.548305237358491
25	1326.0044647520604	0.9262780352345579	11.548305237358491
25	243.80184929342107	2.546441987343622	11.548305237358491
25	315.7876864251534	0.10717089817891194	11.548305237358491
25	1334.8497235292054	0.7794670406888742	11.548305237358491

26	579.0495522911102	1.0748987644666101	12.508694313476743
26	528.3005675271762	1.2278751734759943	10.438443335174956
26	652.2186519525383	0.8967939232997723	17.919362420574878
26	752.8759528259176	0.7785771105430749	11.0228066514406
26	614.2233597140577	0.6044535650314462	11.500223111758535
26	390.3441628282615	0.6485340728892494	11.500223111758535
26	736.7210510760807	1.144111289520643	11.500223111758535
26	1073.062471383524	0.5288848011763481	11.500223111758535

27	586.5578480712192	0.9359018704007032	12.568062135435854
27	536.0712642984163	1.2167556968606965	10.426469075606171
27	666.5497388576141	0.9516898452319348	17.71178730161679
27	761.4233024129155	0.8122511954875243	10.98423758469099
27	620.8264458143375	0.6634689668356409	11.772926902866327
27	434.556285738288	0.3985642703852019	11.772926902866327
27	1186.7069249147448	0.7310076508684992	11.772926902866327
27	1120.7677919287942	1.1906331672687966	11.772926902866327
27	223.16109682325234	2.148187978403812	11.772926902866327
27	607.913945449825	1.5099149305231576	11.772926902866327
27	750.4414612407352	1.028447114157114	11.772926902866327
27	598.2659472775882	0.3271478092568199	11.772926902866327
27	617.0631426333096	0.48241613263686556	11.772926902866327

28	596.8539656674479	1.0231718762133264	13.162060993334476
28	550.5392864243521	1.216283572254261	10.994212697173602
28	681.9590660546842	1.0060140595699456	17.68738429881874
28	776.3780624913339	0.7553602441382624	11.21646950987242
28	635.0513904970176	0.6692820378405451	12.134647033543828
28	628.2033857339395	0.007221545517650689	12.134647033543828
28	233.57564943629785	0.6092647637547168	12.134647033543828
28	1416.7682474639962	0.9908574243758463	12.134647033543828
28	676.3319987524665	1.743756741647799	12.134647033543828
28	282.4931892179426	0.7002511819851693	12.134647033543828
28	785.0861917356073	0.9323619112612854	12.134647033543828
28	141.3473077398491	-2.539710724182864	12.134647033543828
28	1188.9012808510445	0.512230058844035	12.134647033543828
28	454.5308120862973	1.892132790005185	12.134647033543828
28	360.3074950833942	-0.10967517936810267	12.134647033543828

29	609.9550327100155	1.0125961550587004	13.560495100127733
29	556.0236911921519	1.3545307206159962	11.365351216350936
29	706.3905179713005	1.2492029436506062	18.05415387609162
29	781.8746366472212	0.8192845153685213	11.333897991917132
29	645.712726961438	0.5723214585545878	11.46318741995209
29	915.4176503659359	0.6519502627381274	11.46318741995209
29	934.5269896280521	1.6272103172160022	11.46318741995209
29	922.067616150929	0.5555400244479624	11.46318741995209
29	252.1543242583575	2.1654497979552736	11.46318741995209
29	691.0165063169336	0.01669100115867314	11.46318741995209
29	826.0105965407988	0.42185318890173656	11.46318741995209
29	710.8577049878729	0.6252860405847039	11.46318741995209
29	203.93848982134918	2.454950874454372	11.46318741995209

30	621.2611592011704	1.1206113722794993	13.134710892765998
30	722.6132244094014	0.9449022120895653	17.912168440080293
30	803.3681763986854	0.7959657295365749	11.242277935421965
30	656.7945781783457	0.6565264684789399	11.905959098602192
30	1077.2339576131576	1.4383228495485456	11.905959098602192
30	57.02563617765191	-1.7134866639803747	11.905959098602192
30	1013.1438897744956	0.36678914029472187	11.905959098602192
30	768.2292264925796	1.2899258201787467	11.905959098602192
30	489.19202561528596	2.0888381377767455	11.905959098602192
30	996.6678305852585	0.7506206654032117	11.905959098602192
30	647.6712361397115	1.7694983607050285	11.905959098602192
30	134.1936782391113	1.6324102857823564	11.905959098602192
30	874.5064274920761	0.12153175862334574	11.905959098602192
30	373.6998169106036	0.5133373417438032	11.905959098602192
30	655.7228192107978	1.7007631081642909	11.905959098602192
30	418.40369967011736	-0.20006209828646634	11.905959098602192
30	184.05837748134817	3.0689411639658006	11.905959098602192

31	638.4992997266128	1.1609895126952057	13.132491440345678
31	583.8645579411243	1.3464874605761261	11.961219799859801
31	733.6728879189571	1.0627417440177422	17.827750267714784
31	803.7295451310562	0.8253587206469605	11.152399287720195
31	669.0050296345447	0.6830595743907684	12.419855824156153
31	786.0083678619651	0.1380628818655104	12.419855824156153
31	682.5671056402768	1.2018726062047274	12.419855824156153
31	1327.3349999175985	0.7528985571616738	12.419855824156153
31	676.9010241298108	0.048151312863962896	12.419855824156153
31	720.8740735659819	0.6745275193087641	12.419855824156153
31	722.27737725163	0.9260154819695967	12.419855824156153

32	653.8752117560309	1.1035016772379718	13.274527306704082
32	592.9132679817085	1.2933060714671416	12.64475515995416
32	751.606282163572	1.059358196207649	18.1834642119211
32	816.2440558809358	0.8899306641848147	11.653179631758176
32	681.4265164536502	0.6621220292289998	12.076897346813276
32	616.6099029107783	0.6700876208150921	12.076897346813276
32	1089.6357707181148	1.1393661545799778	12.076897346813276
32	852.8575599300079	1.5468004452230788	12.076897346813276
32	440.9427576571499	0.8370826690395711	12.076897346813276
32	871.5329290514825	1.107217468417211	12.076897346813276
32	46.79958839375982	2.8171006552786255	12.076897346813276
32	745.7355341924026	-0.15447773392218345	12.076897346813276
32	597.2094610702122	1.563453835361362	12.076897346813276

33	660.7262273921208	1.2514606725169422	13.270678908827255
33	609.0624396009753	1.3257795364817195	12.752622228790818
33	777.4605877621057	0.937469190130397	18.20053213157179
33	828.496166928234	0.8900816054309066	11.55395411345861
33	695.1150565528895	0.666299899950797	12.219602970278153
33	1228.2268864311984	0.9217430608808957	12.219602970278153
33	307.0473256739789	0.09591420190199476	12.219602970278153
33	1239.2467040100848	1.017310492585732	12.219602970278153
33	483.96113078794656	-0.25793122387924383	12.219602970278153
33	864.0084052425261	0.21243512442686263	12.219602970278153
33	1388.4697690527998	0.8228949460734898	12.219602970278153
33	789.3957024826201	1.541818888444268	12.219602970278153
33	995.4997195259681	0.00438284374694951	12.219602970278153
33	525.2545120865631	0.6965002548929271	12.219602970278153
33	790.9634911678252	0.5143702940620983	12.219602970278153
33	62.59105176685209	2.121286698757395	12.219602970278153
33	1186.164879138517	0.5305235868055409	12.219602970278153
33	68.0699245531771	1.9511257589100093	12.219602970278153
33	893.6644388710491	1.853458667390838	12.219602970278153
33	861.7880798743395	0.8880106598581082	12.219602970278153

34	676.8527214633466	1.1440884001207208	13.541324415402183
34	620.2928849893333	1.4246704450200944	12.899561840190385
34	792.1468826376798	0.9962648423776697	17.96244426136456
34	835.201575341713	0.8275437948273165	11.899234659369395
34	707.5213360587451	0.3901278854753898	12.25760355893637
34	784.5100245732597	0.7649617829923147	12.25760355893637
34	631.5756306855104	1.587169816211918	12.25760355893637
34	100.11734878759914	-2.9199111115787297	12.25760355893637
34	481.85865521288196	-0.14224001540939477	12.25760355893637
34	983.5743579598075	1.5352101914819243	12.25760355893637
34	266.8421184375926	1.5870719756422038	12.25760355893637
34	1038.6275563533854	1.6478492438471228	12.25760355893637
34	540.1596180267547	1.6088082143152136	12.25760355893637
34	379.4659814414481	0.5542663966033117	12.25760355893637

35	694.2606443964554	1.1342774924837913	13.845750601693755
35	630.8793984084651	1.4685931272080943	13.122426505446258
35	813.1113859186897	0.9766315130644827	18.000041305315577
35	852.5345369798773	0.9327255957832665	12.070771661433968
35	722.5673697512859	0.45216875117350286	12.767303798923114
35	826.5300387648563	1.3127698258647793	12.767303798923114
35	1258.9039870567244	0.7933472389948727	12.767303798923114
35	832.7279968705991	1.7752414973514279	12.767303798923114
35	52.26236820356924	0.16871545276342012	12.767303798923114
35	1007.1754735502755	0.06094849681585689	12.767303798923114
35	230.95146201156157	-0.41433891196226863	12.767303798923114
35	663.0437006156096	0.10723522098071625	12.767303798923114
35	762.2060951901595	-0.055916054850498456	12.767303798923114
35	1012.4264700261537	1.1919624382694842	12.767303798923114
35	1319.6843952959746	0.770150848177136	12.767303798923114

36	713.7951361056353	1.0922070700715214	13.699799065474057
36	648.656582907665	1.5467455452079404	13.217402779185104
36	823.9930206670705	0.7514775452909955	17.74757187930501
36	862.7098448361485	0.8090926288145502	11.947516802605154
36	729.4082793545712	0.6007572029134636	12.590434276097415
36	1042.5347591603402	0.39392425295866695	12.590434276097415
36	569.183409529811	1.1470919448051853	12.590434276097415
36	224.7834570535512	0.9959729806883086	12.590434276097415
36	904.5966653594734	0.41909069111420216	12.590434276097415
36	445.02026099626147	-0.051882298050436794	12.590434276097415

37	718.3904719349923	1.011641962435721	13.678157751613016
37	659.1928363433776	1.5086669698817092	13.834325400250096
37	850.5752595514425	1.0450424535659293	18.16343432862679
37	877.8804597810653	0.7974459009746276	12.056367384593212
37	739.8801940074704	0.5279086435865687	13.011994600247862
37	748.3164581780501	1.8762826800811598	13.011994600247862
37	396.55282354856206	1.8106053997047817	13.011994600247862
37	1073.9573380175607	1.3750419327277568	13.011994600247862
37	481.0200209328191	0.20194299731530121	13.011994600247862
37	900.410938357221	0.23967223087714792	13.011994600247862
37	197.57333171995816	2.490684724041598	13.011994600247862
37	103.9545736774875	0.41761800368231533	13.011994600247862
37	1153.9770290189033	0.6547682640916462	13.011994600247862
37	676.7886420543297	0.8430029578093652	13.011994600247862
37	1082.9792906064383	0.439861549121901	13.011994600247862
37	1009.1819670403249	0.41223145460163385	13.011994600247862
37	297.69055977525807	1.4082173650667344	13.011994600247862
37	463.01680184602077	1.5669772630300882	13.011994600247862
37	255.92066995293297	2.1497065153444077	13.011994600247862
37	661.492428813884	1.7082907828154181	13.011994600247862
37	1148.5585825232802	0.6389348090888138	13.011994600247862
37	691.0951201442148	1.4276802440316931	13.011994600247862

38	678.0865271202484	1.5481679761798022	13.83087946691015
38	867.3118778201164	1.0298111148766558	17.695632604275
38	889.6367586044638	1.0626575380129526	12.127660919655794
38	755.4451002602606	0.7046992006880265	12.992198283185154
38	1219.8736234262278	0.8351913613290577	12.992198283185154
38	336.16109752873274	0.23360258934321548	12.992198283185154
38	674.6727338236572	0.5201663672846024	12.992198283185154
38	849.467373315334	0.7293991967738769	12.992198283185154
38	610.5928149313039	1.4845242919383952	12.992198283185154
38	937.1465659288566	1.238973148269302	12.992198283185154
38	582.6484827629642	1.3353009834808605	12.992198283185154
38	492.03960039364284	0.6002038409927406	12.992198283185154
38	71.67858318734704	-2.8772903208396685	12.992198283185154
38	796.2278714242274	0.8522900638894708	12.992198283185154
38	656.391537217867	0.47243732088476664	12.992198283185154
38	987.8054290364429	0.49767719479732003	12.992198283185154
38	968.5015097683718	0.701307857513581	12.992198283185154
38	927.2422225938527	1.6020061546354996	12.992198283185154
38	220.7573118494901	3.0523967677980615	12.992198283185154

39	750.5068543625028	1.0354215053939129	13.731211315431613
39	882.5174662945541	0.8971085698911901	17.897707112858313
39	765.4617046598819	0.42970351705530246	12.913790749461267
39	955.432044687779	1.3840155112939077	12.913790749461267
39	871.4978052522661	-0.10340168050170005	12.913790749461267
39	693.4937405591155	0.36602184503478086	12.913790749461267
39	1038.4092842938066	1.2624380007467157	12.913790749461267
39	1316.7378764523698	0.9672050881056956	12.913790749461267
39	1259.8071457289293	1.0311860012760634	12.913790749461267
39	879.4817108086312	1.2463635993592126	12.913790749461267
39	363.85698638185767	0.3679503038286418	12.913790749461267
39	261.14190910014054	1.8505274499120794	12.913790749461267
39	463.2417068476642	-0.17160011327487065	12.913790749461267

40	762.5537665986267	1.261610067474079	13.737925727035243
40	700.4574508313895	1.4915078396556478	14.321460223926124
40	908.6045631415519	0.9650362305461422	17.786400729681727
40	913.4240808572791	1.052323008759635	12.32782104424645
40	788.684375101684	0.48909563359541497	13.237988946734857
40	637.6758582581507	1.3145121880285613	13.237988946734857
40	1016.6883266315102	0.3219911429846748	13.237988946734857
40	750.4956634397042	1.44767560829737	13.237988946734857
40	863.7828521798889	0.638277623551473	13.237988946734857
40	986.7046642490758	-0.04536621495817615	13.237988946734857
40	248.38824565209114	1.9336166705388964	13.237988946734857
40	979.9937634992922	0.40855824469749613	13.237988946734857
40	916.9265795963032	0.22236434860873294	13.237988946734857
40	361.96853683825356	1.0508669186906068	13.237988946734857
40	131.20667973221882	1.5990921552527906	13.237988946734857
40	737.8387298183648	0.8309974010007057	13.237988946734857
40	1189.6201695892955	0.8726090956245677	13.237988946734857

41	778.5923403127013	1.2777643132630374	13.499419208867078
41	714.7926386701309	1.5726858228473097	14.3477328946636
41	922.1501259124477	1.0885636374314287	18.24743635523255
41	924.2761180277904	0.8880493804928852	12.662982762584273
41	790.2867957319196	0.5525354367794656	13.550523509019788
41	1038.9028416022786	1.1562356528632438	13.550523509019788
41	593.5764686743846	0.36959023424312676	13.550523509019788
41	728.7947341233173	1.5340428376644786	13.550523509019788
41	163.2479405845757	-2.6542908653618458	13.550523509019788
41	348.9795859607227	0.37817696872844087	13.550523509019788
41	660.0903160218747	1.05463214653881	13.550523509019788
41	1189.6898370926351	0.4844747440934939	13.550523509019788
41	1363.3105587578805	0.9603123587214454	13.550523509019788
41	161.37558864230837	2.053013806624522	13.550523509019788
41	201.14467459542954	-0.510272509005628	13.550523509019788
41	417.65954145757814	0.23992292053486922	13.550523509019788

42	788.5982882250937	1.144750117077228	13.757227176340434
42	730.3118890682157	1.6900078534457585	14.552874619594443
42	938.5323322472278	1.023130940209686	18.13295127177415
42	937.2303657885069	1.1336649676818598	12.446255236043806
42	808.7828849697709	0.575007443375333	12.99212741013008
42	985.2092995612489	0.4965123779515317	12.99212741013008
42	954.18211762985	0.995321821914699	12.99212741013008
42	882.5832761278897	0.6516089651561414	12.99212741013008
42	1135.4765185052495	0.5135551671601295	12.99212741013008
42	175.28020326679442	-2.841756945595701	12.99212741013008
42	1050.6936614629994	0.5679925141023218	12.99212741013008
42	664.4693831151973	0.9768534897608434	12.99212741013008

43	801.9795332473373	1.2460469139436052	13.974164458828119
43	745.7209792527219	1.5008073448862795	14.859599872387633
43	956.1557410495543	0.9153990443014125	17.919849166796947
43	951.4992735501481	0.894278847965535	12.723188579341123
43	824.3040498291915	0.6358171503722181	12.853949392884834
43	669.102980067742	-0.006014247170414377	12.853949392884834
43	1196.9380855028235	0.8963555697143205	12.853949392884834
43	364.3879600158766	1.4173399651092606	12.853949392884834
43	483.1332012367925	1.6283038076212981	12.853949392884834
43	1049.4140250590044	0.31375211418703997	12.853949392884834
43	343.50137243494004	0.0430385789903726	12.853949392884834
43	771.994614067755	0.3805031060384552	12.853949392884834
43	703.2309091874155	0.42194387294286817	12.853949392884834
43	812.9521919574362	1.7906283802943113	12.853949392884834

44	820.4065882457772	1.1750297803175636	13.962629642590333
44	765.147725861128	1.482111628569045	14.964566344108817
44	975.111675962979	0.9729737607451435	18.338289482829044
44	954.2349625094647	1.1045423978431652	12.715485006904307
44	971.4025684477239	0.22577149000333796	12.715485006904307
44	251.88661190679085	0.9398566015137382	12.715485006904307
44	1055.8849165596469	1.586924045722278	12.715485006904307
44	603.764007732899	1.6815787504883868	12.715485006904307
44	1302.441702877219	0.6534399502066366	12.715485006904307
44	1005.7148100076671	1.3505377535881218	12.715485006904307
44	616.7183363387749	0.16639965034500454	12.715485006904307
44	777.628915032161	1.2902202615656377	12.715485006904307

45	830.2640932739841	1.0965784587673992	14.045080434704536
45	779.0532864963623	1.53216699371113	14.785073600336682
45	989.7778109357901	1.0590347256055608	18.21389258251805
45	972.3661304903636	1.0136545818489175	12.61973464611164
45	847.9936613845505	0.6243797999672797	13.051751837372132
45	1177.8317317555022	0.8323723349635695	13.051751837372132
45	880.8788596012005	1.342327804645454	13.051751837372132
45	870.5563483809273	0.6422194501253164	13.051751837372132
45	543.4796835583702	1.5333488418882188	13.051751837372132
45	984.0673218568403	0.9551452980243069	13.051751837372132
45	888.1047666104038	1.4198714151833256	13.051751837372132
45	1097.37816433643	0.5665681899013089	13.051751837372132
45	352.814800283775	0.5253714575577835	13.051751837372132
45	1327.3668429030533	0.6977708057025072	13.051751837372132
45	974.2014202560886	0.20757557765906018	13.051751837372132
45	503.90721542423705	1.1534624517812344	13.051751837372132
45	252.51244961141072	-0.16197398106884858	13.051751837372132

46	782.0790764955344	1.6678476322588602	15.099210668432749
46	1009.3600530408976	0.8328085254731877	18.160837992950977
46	992.0354229405729	1.0710506928572936	12.42850300262842
46	859.2614369824994	0.491190638517745	13.240869971934645
46	367.6422982822127	0.9261941676736634	13.240869971934645
46	979.0842384108245	0.10958163132830516	13.240869971934645
46	379.4199298490873	0.7342051665490111	13.240869971934645
46	1054.7053773632867	0.9766705279561718	13.240869971934645
46	1246.388115032678	0.8813191497220768	13.240869971934645
46	580.5375822431095	-0.04239356059973349	13.240869971934645
46	824.764635930674	0.8364028919682398	13.240869971934645
46	318.1884405758276	1.5863475474832012	13.240869971934645
46	1062.0245785154113	0.5800073608864559	13.240869971934645
46	230.9404127229276	-0.24759310172584234	13.240869971934645

47	859.3311494002157	1.0646958431295683	14.257243343723543
47	804.6156285015941	1.6013524519664595	15.408615383707751
47	1027.3565273899299	0.8921107385393479	18.190090389780803
47	999.6922373169408	1.0697822577945213	12.78811963055575
47	876.2090896872626	0.6594702076423696	13.200358092670573
47	303.20581124870375	-0.01587145037514208	13.200358092670573
47	1007.0888555001465	0.13760611113377452	13.200358092670573
47	818.074399453795	0.9137332142912898	13.200358092670573
47	621.9720804215094	1.493737076908264	13.200358092670573
47	721.7600940990887	0.6740046324112801	13.200358092670573
47	1353.1013659968614	0.9864987695950949	13.200358092670573
47	748.4314808220905	-0.194598604563895	13.200358092670573
47	1014.3572839943879	1.5952690742733284	13.200358092670573
47	426.04635482566977	1.0703682202508396	13.200358092670573
47	761.6183225399371	0.477735395647972	13.200358092670573
47	585.1510680811089	0.28223988882760165	13.200358092670573
47	620.237753515776	1.0350830358186613	13.200358092670573

48	871.7415160726933	0.9825926449986341	14.285032824465844
48	821.3700258009816	1.4507373854529388	15.263516490110446
48	1045.8349993796367	0.9006701561297553	18.009253355272595
48	1016.9159430039983	0.9762529113881447	13.250290292149224
48	888.1808786241771	0.4757889826435748	13.513039223141586
48	827.3223071303436	0.7714413048270965	13.513039223141586
48	838.0530511774425	0.8237852691484248	13.513039223141586
48	1232.0011854915579	0.8535218603582828	13.513039223141586
48	985.9494555446072	1.2180388127211408	13.513039223141586
48	450.4966444185081	0.09874603128437584	13.513039223141586
48	1163.793310317786	0.6113498684648366	13.513039223141586
48	540.9459762353372	1.6644133783324992	13.513039223141586
48	823.1110578868535	0.6937577599601561	13.513039223141586
48	350.86054673836855	2.258630601971483	13.513039223141586
48	303.4521351451276	0.8681911087868506	13.513039223141586
48	776.9796142844733	1.205259255691337	13.513039223141586
48	802.4147058883724	0.39353752791764873	13.513039223141586

49	887.5568001613547	1.1371586207433015	14.345824307971185
49	847.3428890309716	1.5802924717530447	15.35248374909439
49	1060.1928847704924	0.8795298421308942	18.190193874950445
49	1027.5333593069925	0.9702792887622509	12.931685111380396
49	893.7810856874823	0.405616376944141	13.949346053155566
49	1361.5444002679587	0.7187160541219627	13.949346053155566
49	362.2226261514785	2.1306804857098185	13.949346053155566
49	1156.4601653615632	1.0543191839305497	13.949346053155566
49	283.0012640318591	1.770568420367064	13.949346053155566
49	346.089991289199	0.09170472288773575	13.949346053155566
49	407.7618890485153	-0.0036008196987379545	13.949346053155566
49	316.9438983661497	-0.05273291691014726	13.949346053155566

