scan	range	bearing	velocity
0	311.10091468967113	0.17393417508163442	4.637870379958836
0	464.17850809703134	0.2693168953083747	-6.414403997025366
0	179.33294617526442	1.0639606188447308	17.822002470930673
0	538.3600340531489	0.23717300984745737	4.064920413949683
0	395.34871359992854	1.5301154979193503	3.084721212963286
0	515.0481901173141	0.20621903270858655	3.084721212963286
0	204.24448565797317	0.7854557855234421	3.084721212963286
0	945.0029790605994	0.8357563840973969	3.084721212963286
0	610.9064904034763	0.8349439216690326	3.084721212963286
0	910.1552697000826	1.3327801361186984	3.084721212963286
0	884.3644765635336	0.0014499060397032207	3.084721212963286
0	960.3734301266176	1.456683218554434	3.084721212963286
0	821.6812630338668	0.8814498685048081	3.084721212963286
0	1107.2844517486467	1.369310794294563	3.084721212963286
0	769.9142384438571	1.0418561763612417	3.084721212963286
0	990.2778404521655	0.9552933225793446	3.084721212963286

1	323.641702561868	0.4235870673448494	5.632600317018317
1	450.66755945483186	0.2737890892722718	-6.101609450137289
1	199.86198843585814	1.0251817636132896	18.501905168508703
1	537.9226153273623	0.3475849608222246	4.055581895267588
1	394.75830659860617	1.3732354255506847	3.701157558681607
1	764.7725395161393	0.7758854092879702	3.701157558681607
1	996.3764265808425	0.4343577585686227	3.701157558681607
1	697.0073916233346	0.04475641335554101	3.701157558681607
1	965.7349483833729	1.4817242762283807	3.701157558681607
1	421.70249885399903	-0.047280131929188306	3.701157558681607
1	1002.6549649765984	-0.019084493045192774	3.701157558681607
1	1223.491655530735	0.7832245744211362	3.701157558681607
1	1086.405335331456	1.8253482910245513	3.701157558681607
1	669.4735753309875	1.203599035613336	3.701157558681607
1	373.37544802477686	0.27619401082514883	3.701157558681607
1	1117.051020980351	0.5728380379144777	3.701157558681607

2	328.69164152526326	0.3782753164101972	6.110868298031881
2	455.026464662264	0.3687055897636117	-5.522760544730774
2	219.3010088205605	1.1024791516438255	18.181001580373216
2	547.8238378799675	0.3887195681439371	5.1855375716686165
2	400.11492961194483	1.1705808691953472	4.388695433550726
2	1031.3780889064494	0.9555559721201385	4.388695433550726
2	1122.8102115710685	1.1717197620473734	4.388695433550726
2	959.7540127047862	1.31298149300667	4.388695433550726
2	146.88367525140467	0.552973669639908	4.388695433550726
2	660.3146537383551	0.25670096936531867	4.388695433550726
2	1007.1397486306872	1.1653207474749296	4.388695433550726
2	381.7268593589329	0.05317514533224252	4.388695433550726
2	640.5124009174242	0.140366905783734	4.388695433550726
2	113.77546423614072	1.95116190666258	4.388695433550726
2	990.9320886913346	0.20227718583030274	4.388695433550726

3	440.79328869014324	0.49332137369404505	-4.523287501533798
3	238.720003813371	1.0700605178386184	18.24148618958375
3	558.5325784399781	0.43245199502180587	5.289296405180065
3	410.4596797413743	1.2216847677812883	4.63499323718989
3	1136.2882903921716	1.1546255694391319	4.63499323718989
3	1029.20056064967	1.2671469570996032	4.63499323718989
3	500.8276095646556	1.4388249410248826	4.63499323718989
3	660.1925137760984	1.6490399054832652	4.63499323718989
3	1159.6901327045607	0.5886459586773046	4.63499323718989
3	525.1931447909835	0.4437651943979628	4.63499323718989
3	298.97275326154755	0.949423874588597	4.63499323718989
3	330.049075483747	1.311277719979573	4.63499323718989
3	613.6031593930971	1.2085465703902927	4.63499323718989
3	429.4819854566627	1.5178350519831147	4.63499323718989
3	839.567977093853	1.1639851964756196	4.63499323718989

4	335.0498704863175	0.4831085610779104	7.125789805649384
4	440.16815512948983	0.4059927120380025	-3.9150417739921077
4	255.3579591204915	0.9481137772255969	17.842397162491345
4	561.1622614583057	0.46012520485999076	5.636017830784054
4	406.41522894316586	1.2011657899605075	5.316441936528726
4	965.0272514987148	1.3151602135726168	5.316441936528726
4	1250.2008621098898	0.8868358044943038	5.316441936528726
4	975.153325651901	0.19411104556712885	5.316441936528726
4	864.2693084800724	1.232853446589748	5.316441936528726
4	663.059409014369	-0.0724454979920642	5.316441936528726
4	463.7535936402761	2.1459204728814103	5.316441936528726

5	346.5841260824537	0.6143410751312118	7.282996295988313
5	438.83403155433575	0.44462414681107315	-3.377156175912485
5	268.26003589753475	1.033237261913079	18.61332836018379
5	567.3760353621645	0.41725759650880484	5.973450140071286
5	422.5329956495542	1.3453703740274057	5.4359836819259595
5	846.2633937243525	0.05148554242224464	5.4359836819259595
5	958.353184701752	1.0391988536232348	5.4359836819259595
5	1056.289211203645	1.8892653682096199	5.4359836819259595
5	108.06999072911827	-1.0415770274172949	5.4359836819259595
5	440.3401484639343	1.510790501600958	5.4359836819259595
5	127.81915635529747	-0.6442911271725233	5.4359836819259595
5	273.30286758743057	2.077515764069795	5.4359836819259595
5	233.25058943465862	1.128567824553879	5.4359836819259595
5	253.81778843683017	-0.08143873986957259	5.4359836819259595
5	949.321706593268	0.42418078389499947	5.4359836819259595

6	358.05914938137107	0.6226445891152865	8.261331303905873
6	436.3532900885966	0.45233237948025007	-2.4540729083432735
6	282.6099688781014	1.0061350434745198	18.165839338427045
6	573.4908980843954	0.4615685014453053	5.927038845181123
6	425.34543095539124	1.1269332813582655	6.511083046683915
6	1012.4199358533058	0.3365872942662967	6.511083046683915
6	777.903016721065	1.0420634187841284	6.511083046683915
6	319.9475182462033	1.8604062102267007	6.511083046683915
6	593.614696473379	1.8205443999050814	6.511083046683915
6	560.1943703496758	2.0180658048648716	6.511083046683915
6	506.9888983954713	1.2253385034080893	6.511083046683915
6	885.0520905945923	1.3904120416053358	6.511083046683915
6	802.3661014118777	0.7073021390559928	6.511083046683915
6	973.6770845626941	0.3784346684180856	6.511083046683915
6	1241.2973535173498	0.9498673564127573	6.511083046683915
6	475.5576508031134	1.885877502293063	6.511083046683915
6	352.2642077384501	-0.20813274522317776	6.511083046683915
6	685.9458106176984	0.14107840926215864	6.511083046683915
6	724.9964580437721	0.26952897153159094	6.511083046683915

7	364.7531082222994	0.5061759529663685	8.51297503607796
7	433.02560523078046	0.5048757345025019	-1.891010956738754
7	309.54132850874765	0.9587192964877358	18.231966293034816
7	577.1275601389008	0.38163329080663255	6.446203516027613
7	432.1426039334406	1.030375556800427	6.499960733744668
7	414.8413377891596	1.0049662261468866	6.499960733744668
7	1266.5044844874915	0.8763679041039172	6.499960733744668
7	721.8762141677807	1.6732115893656063	6.499960733744668
7	924.4310405783314	-0.04793562130321047	6.499960733744668
7	887.4199434862776	1.0144948570204366	6.499960733744668
7	256.6191392041861	2.281690274935857	6.499960733744668
7	20.844532305809228	1.7748150831964993	6.499960733744668
7	808.0217041905495	1.58597835769737	6.499960733744668
7	732.5955152565498	-0.10678428870002599	6.499960733744668
7	510.2907437386725	1.353063824894231	6.499960733744668
7	1103.8330640393756	1.0237154362258063	6.499960733744668
7	1056.8164621790143	1.0609292813988014	6.499960733744668
7	403.186956373559	-0.015331929304689268	6.499960733744668
7	1285.7502591644381	0.9689756691409606	6.499960733744668
7	236.0916957122029	1.1893848177437054	6.499960733744668

8	370.6572478493135	0.6218253479768487	9.295025257552178
8	427.9952977434954	0.5239369026859522	-0.7451507413555878
8	325.64393871277184	1.031960413399033	18.12763377584476
8	588.5301898336628	0.42582269992117716	7.358868447946872
8	151.1224637455215	3.062029382259372	7.358868447946872
8	836.7603472390837	1.1660492267429783	7.358868447946872
8	151.3985288661044	0.01754601961507313	7.358868447946872
8	1005.544019909343	0.7451431576033416	7.358868447946872
8	737.1581009816704	0.031142918285909107	7.358868447946872
8	705.4379064631535	1.9298877697305907	7.358868447946872
8	1332.2425499177784	0.6974879355002919	7.358868447946872
8	605.9241647472292	1.629432322925178	7.358868447946872
8	1162.832627959198	0.7400513193511458	7.358868447946872
8	702.0980180530531	0.9045580791044883	7.358868447946872
8	474.70193779505246	1.7675800246498385	7.358868447946872
8	949.2181679861689	0.35908155219215343	7.358868447946872
8	1127.7269242882508	0.9316002005384534	7.358868447946872
8	660.4905769704307	1.0047765374064668	7.358868447946872
8	1282.871212000497	0.8199774150280565	7.358868447946872

9	382.693962470499	0.40769019012843505	9.143445176333607
9	428.44367376230986	0.6614782711540682	-0.24064076056774653
9	336.19058416127046	1.0460861259818808	17.881361669243212
9	595.5739079445632	0.5314086075958562	7.122218726903259
9	442.771415060777	1.141315745198306	7.504185713706513
9	140.28987795944178	1.5428002710626783	7.504185713706513
9	502.7616761600631	2.036160900356364	7.504185713706513
9	1057.2000485780923	0.5049703513827974	7.504185713706513
9	1005.7379715147284	1.7728814031964915	7.504185713706513
9	1321.5389385776555	1.0659634327935184	7.504185713706513
9	221.0242250343947	0.9900938021125837	7.504185713706513
9	1044.9287806425048	0.275627898300867	7.504185713706513
9	390.9037519404504	0.9453456577556661	7.504185713706513

10	394.8954417512527	0.588982461285384	9.574068998493848
10	426.56286722741766	0.44221622483084133	0.5881899355970066
10	357.6432518820875	1.106004834234711	17.55605861584284
10	604.9814932656003	0.49075759604967784	7.848197974686426
10	453.87328609341824	0.9335654847439938	7.737533778408162
10	957.0465357480074	0.219078911803952	7.737533778408162
10	718.1263510189511	0.15542956128122765	7.737533778408162
10	1057.472627872803	0.8888671897815338	7.737533778408162
10	1132.0832429177224	0.6045492837589891	7.737533778408162

11	400.81432695880767	0.7960071227098112	9.70339034787707
11	427.66120190551845	0.5836846986486016	1.4731734665119984
11	374.1053446749451	1.0363322523141265	17.518359671515533
11	610.9647950543555	0.6850035489121539	7.599524456671804
11	459.8052641679889	0.983769390949168	8.28514158371898
11	551.1751618636135	0.21605824747933508	8.28514158371898
11	846.9091976982086	0.40307704872746014	8.28514158371898
11	720.1811902608974	0.526273362454951	8.28514158371898
11	147.9991873996689	-0.10995496773744798	8.28514158371898
11	607.4750509651803	0.8877420797833662	8.28514158371898
11	709.5814867194596	0.34187331159164097	8.28514158371898
11	382.1845293486077	0.6400896532116611	8.28514158371898
11	350.43320940290994	1.596841775294062	8.28514158371898
11	838.5297164549859	0.2786248673162337	8.28514158371898
11	1132.711266600248	0.8304964483647765	8.28514158371898

12	413.92173464118343	0.8128872858200559	10.360980215247933
12	431.91320690680584	0.7238581054423322	2.0600943152045557
12	396.92267728221617	0.9902396195357216	17.713338346983782
12	620.427845241459	0.6241921916987339	7.77805547640641
12	468.2421820546494	1.0758124068033237	8.123614677346433
12	726.3476625941922	1.4721475315073456	8.123614677346433
12	823.6089309940891	0.1074179466163853	8.123614677346433
12	693.8545225517182	0.7894454479343977	8.123614677346433
12	855.698085482989	1.1780701505830007	8.123614677346433
12	440.21702096880995	1.2817960165999511	8.123614677346433
12	588.2166961908399	0.18834187379637002	8.123614677346433
12	1070.996248315444	1.188098933984803	8.123614677346433
12	1045.0776353507226	1.3667651600862123	8.123614677346433
12	403.29114931319003	1.7430121533075194	8.123614677346433
12	1072.6183006302451	1.4732148017330844	8.123614677346433

13	418.484471585537	0.6301606478641555	10.115492121717244
13	435.6789595653995	0.7743350789892969	2.773409187903303
13	415.1300191443369	0.9092884115175313	18.103216017507272
13	472.5510071021531	0.7973097847879289	8.471545560764802
13	442.74512915043795	0.23675961775561383	8.471545560764802
13	990.6293646689537	1.1765382091224252	8.471545560764802
13	649.6320367272916	0.3066349732056834	8.471545560764802
13	740.5853279643269	0.09396585706884536	8.471545560764802
13	223.01236496370763	-3.2068688683207114	8.471545560764802
13	1175.3407790279182	0.9403307555575214	8.471545560764802
13	508.7088583522357	0.6758419365656727	8.471545560764802
13	717.3245910629544	1.0858213800334071	8.471545560764802
13	892.761674891782	0.2934078536885236	8.471545560764802
13	911.0615237630461	0.19163237391267973	8.471545560764802
13	1147.7533532074247	0.9109549892592659	8.471545560764802

14	433.97378185149506	0.8098575507839748	11.067414906704293
14	440.6964107666	0.9114082389271803	3.7114338555459963
14	427.7498207421099	0.9982339662397729	17.97010306701281
14	631.316984817181	0.6048213879737414	8.503850989736845
14	482.0540455699363	0.8227374016167288	8.744507448609017
14	623.7983414327164	-0.17355021043208704	8.744507448609017
14	421.7651127344572	0.4635017416006492	8.744507448609017
14	756.3436412455601	0.8432835997734052	8.744507448609017
14	323.826150930872	2.180921112272497	8.744507448609017
14	475.7594736487992	0.6325619937670999	8.744507448609017
14	702.2115050486558	-0.07055737432232635	8.744507448609017
14	448.70821909266436	1.0026112429122613	8.744507448609017
14	389.57512110571145	1.8146075234860188	8.744507448609017

15	449.76712396058076	0.9086423781290746	11.025023317617904
15	440.93782439402173	0.88090354800313	4.259903396630735
15	450.5373797372805	0.9740089633082265	18.071732503425014
15	640.8414104279855	0.518974174826706	8.613593951761949
15	493.2609893603975	0.8751219729757979	9.135588355850263
15	291.2676329075225	0.4876566135253096	9.135588355850263
15	311.633974138162	2.2283031799981914	9.135588355850263
15	304.57283916346523	0.8049841659955335	9.135588355850263
15	863.9290918465808	-0.07150539475353335	9.135588355850263
15	528.6123153191064	0.37578356040649685	9.135588355850263
15	1334.9596836467488	0.8708066602292682	9.135588355850263
15	801.6251433896624	1.9358653780347732	9.135588355850263
15	451.4439086688827	0.7707987835599883	9.135588355850263
15	669.118025537896	0.8506733313523082	9.135588355850263
15	529.0675028598263	1.5660112451822676	9.135588355850263

16	452.4484732574642	0.8859801355824493	11.488622661913272
16	446.26969064784623	0.7974553646735125	4.919070760884655
16	471.67925465682407	1.033360291337195	18.04238196596859
16	652.0873015266475	0.7513696037835214	8.76710768464423
16	503.9390818978992	0.9607338392064483	9.355283589161031
16	845.8751667481621	0.5326206310277515	9.355283589161031
16	327.04441069897075	2.2422194562616347	9.355283589161031
16	707.1331589098804	-0.11397576646152541	9.355283589161031
16	621.9616050011032	1.6989032543337315	9.355283589161031
16	163.2000041016131	1.984134278504764	9.355283589161031
16	475.8333584253261	1.3801154832215794	9.355283589161031
16	559.8389791618857	0.693169976773898	9.355283589161031
16	1292.1426828223575	0.9797559031202276	9.355283589161031
16	659.1931007250191	1.639021442384623	9.355283589161031
16	163.10508325291474	-0.3212813616864776	9.355283589161031

17	463.2486141350365	0.8691155592810633	11.125590972213917
17	452.9078493753802	1.0116926697771302	5.466849578243535
17	485.0435244789038	1.0345455100837226	17.95437940710438
17	657.4911447828592	0.6742270477959373	9.204779808437806
17	513.9447094855939	0.9084600897069395	9.959120871783648
17	339.5971333068101	0.5017425070095272	9.959120871783648
17	907.9306053902772	1.198269153358824	9.959120871783648
17	645.2482409061105	0.6583664252643305	9.959120871783648
17	236.01635464854712	1.8776595371498979	9.959120871783648
17	927.5851045422435	0.1449680688756	9.959120871783648
17	241.0837399811843	-0.36313633371790766	9.959120871783648
17	1068.4959932127576	0.7932503271308537	9.959120871783648
17	428.64321260499406	1.6219331003662945	9.959120871783648
17	260.8219437578447	0.9599704592807743	9.959120871783648
17	563.0418353631288	1.1459187079524644	9.959120871783648
17	311.94979847977254	2.0210987822929174	9.959120871783648
17	1099.3360871157088	1.3326961922758125	9.959120871783648
17	919.9078807045529	0.5048959114446188	9.959120871783648
17	573.2244584035682	2.0220087281748347	9.959120871783648
17	447.8964923176292	-0.11469107479320803	9.959120871783648
17	577.904170558496	1.6392997064594836	9.959120871783648

18	480.16025672446875	0.9834222638200779	11.300977781074511
18	460.0887312716226	0.9477585531399633	6.389873081610582
18	507.0450904470729	1.0801206871060114	18.01480933200619
18	668.023483704312	0.6391011062929572	9.312306400204555
18	523.5372623470964	0.7951996772053066	9.99531846110345
18	174.6509410539108	3.090172990495738	9.99531846110345
18	1128.3556523190384	0.577599206109478	9.99531846110345
18	228.16830407998046	1.2265959588013162	9.99531846110345
18	263.8635699421727	1.0736099400566261	9.99531846110345
18	383.1343113859724	1.7454300048372107	9.99531846110345
18	708.3205138799896	0.5940369429820905	9.99531846110345
18	592.7562639099805	0.24776996018886394	9.99531846110345
18	542.9834968283299	0.46172722703410773	9.99531846110345
18	549.1497944649238	0.7507082418947488	9.99531846110345
18	985.4508102450964	0.6197272774454391	9.99531846110345
18	1068.129435421902	0.5131031740878111	9.99531846110345
18	544.6424799786475	-0.16769329640426853	9.99531846110345

19	486.0470787881192	0.9121256826723755	11.90991805473029
19	461.28089480006065	0.9644500194624138	7.037381389641414
19	521.2936934377094	1.187187469621771	17.84971487979441
19	679.3831752079858	0.7017161453254673	9.593963232557174
19	531.4240293889934	0.8848400119943634	10.328700947320632
19	1106.3788154313695	0.9270239378591579	10.328700947320632
19	194.6591314002439	2.539765406614258	10.328700947320632
19	810.8785329512042	0.4999235675690109	10.328700947320632
19	742.1624934059346	0.15868926318195758	10.328700947320632
19	628.9003411660407	0.38441567882540684	10.328700947320632
19	244.19269852174025	-0.38473686638579474	10.328700947320632
19	1247.043800221842	0.8155855784694035	10.328700947320632
19	833.6295222614932	1.3509070351803476	10.328700947320632
19	497.7856392027959	0.9332609599098345	10.328700947320632
19	617.6105802747943	1.0874235021653051	10.328700947320632
19	1100.8874196385802	0.8103802987169937	10.328700947320632
19	225.10434815623023	1.1754410071365065	10.328700947320632
19	355.0684689294172	2.3049468214268933	10.328700947320632
19	757.0268710025055	0.2737677531023058	10.328700947320632
19	806.4185091734032	1.4167390521506995	10.328700947320632

20	499.7855231952529	0.8288851394302637	11.985978933600114
20	471.5746816937575	0.9355399115840197	7.5640415115545
20	539.042728314195	0.8518275652598342	17.910754463635964
20	687.0771628964851	0.616789749655678	9.771607802986757
20	547.7737993126119	0.9027034177952562	9.975451320992848
20	972.8962894980552	0.0840014477663081	9.975451320992848
20	245.9699846966073	1.7681560249098935	9.975451320992848
20	443.08544398856094	-0.10139582811349723	9.975451320992848

21	512.1011112344293	0.8620903679977997	12.166121165273207
21	475.8418321060003	0.9486364813417334	7.666306415808405
21	556.9536198659089	0.8907722981073996	17.681785176237067
21	699.2439851524302	0.7809355392767467	9.743957632198876
21	551.5308740573493	0.7292988792618825	10.571323653453014
21	666.5613814860188	1.2497260644345676	10.571323653453014
21	757.5005119461033	0.11418481963102359	10.571323653453014
21	239.33367020966102	0.39732247408587174	10.571323653453014
21	531.625855962198	-0.017558163311922385	10.571323653453014
21	1238.8416200014187	0.7911766215125339	10.571323653453014
21	736.108708086786	0.5627216579738721	10.571323653453014
21	1014.8284770102407	1.1470594054716268	10.571323653453014
21	1014.9819372040371	0.4887326257763724	10.571323653453014
21	622.7351440825408	1.429764311818757	10.571323653453014
21	818.7323227886303	0.1618781381596737	10.571323653453014
21	1207.6714988658707	0.7513872058064033	10.571323653453014
21	280.02452152761606	0.039024385387504655	10.571323653453014
21	270.2291262331285	1.7878725077655526	10.571323653453014
21	992.9390164869428	0.09343838848305944	10.571323653453014

22	522.799311522653	0.9013446067853567	12.265835031333374
22	486.8869684098805	1.1404548127986862	8.49239366389937
22	577.1132662926634	1.0888625795094173	18.028708609472968
22	711.5220675993728	0.9144595352656006	10.126858331404105
22	561.4235201318386	0.7590668686443135	10.741035069976338
22	1253.4029680182355	1.1200827062841279	10.741035069976338
22	1184.6918875439633	0.7703672029299985	10.741035069976338
22	659.6292443295938	1.567257403474802	10.741035069976338
22	950.2682021720378	1.753732379060522	10.741035069976338
22	873.8154162864025	0.844319687148843	10.741035069976338
22	874.2695124117619	0.7818866566320805	10.741035069976338
22	932.7265365959992	1.8244000665838174	10.741035069976338
22	625.7439645935091	0.8667246858566425	10.741035069976338
22	647.9584661511008	-0.03315964739134503	10.741035069976338
22	1372.2713901935033	0.8411130344787002	10.741035069976338
22	457.9972647082763	0.6310270471539491	10.741035069976338

23	534.1747940907964	1.0202860086369225	12.277733442730998
23	498.3253639143974	1.2937684319359435	8.963038781862977
23	593.8606938099997	0.8410496837286006	17.906649464863936
23	718.2596528619566	0.7135329373140381	10.17515172152182
23	582.104387472375	0.8310150597178441	10.989893562531154
23	1126.3678009389523	1.0425842336229134	10.989893562531154
23	392.3775018024884	1.1954631144000403	10.989893562531154
23	618.6184192365945	-0.12206255083664132	10.989893562531154
23	992.9995850503768	1.3166368736036436	10.989893562531154
23	989.7345488073659	0.6368848116740321	10.989893562531154
23	998.4173466552223	1.1809072554444218	10.989893562531154
23	925.9073834606027	1.3525523959781838	10.989893562531154
23	297.86092103916286	0.3100235465215567	10.989893562531154
23	1283.4327276283004	0.8656581100450821	10.989893562531154
23	192.2531769967799	1.9366100273610192	10.989893562531154
23	465.6033213292861	-0.1856718821391065	10.989893562531154

24	548.2308445895297	1.0975740740413011	12.439286458087619
24	508.0175739196571	1.0922947965063339	9.666544172444107
24	611.9038495571865	1.024079220791201	18.248719247915023
24	728.2179983073092	0.7190780695054072	10.77634697273563
24	580.7529533484678	0.753774823546438	11.255878763282603
24	416.2275189426316	0.2286749724157582	11.255878763282603
24	1058.5480050127683	1.5385159271190636	11.255878763282603
24	1051.0408729048681	1.754805492750102	11.255878763282603
24	870.3286852390835	1.7476263143142365	11.255878763282603
24	473.54743908865544	1.9398478039324312	11.255878763282603
24	382.4056867528426	1.3222690398837726	11.255878763282603
24	849.0619825738244	1.5313822437518592	11.255878763282603
24	637.8971922834966	0.4370201895698552	11.255878763282603

25	559.4785585720929	1.0774973034173918	12.740162249470195
25	518.5311291940833	1.1366246352375968	9.942838472879815
25	630.9027289276814	0.914583652293234	18.38003399430822
25	738.0943857466493	0.7781985150514431	10.052519719107025
25	599.753332639485	0.6854423398111255	11.456964955164409
25	508.9448727026346	0.7366647769969061	11.456964955164409
25	997.5785631916863	1.8272202221199283	11.456964955164409
25	554.8507869130617	0.8346665788534773	11.456964955164409
25	985.7790136217544	1.5665633188813977	11.456964955164409
25	246.38678342876764	2.170119260067897	11.456964955164409
25	1135.475316187878	0.945790349251698	11.456964955164409
25	220.39276167837554	2.8759978631504173	11.456964955164409
25	1171.664194975874	0.8803189659363594	11.456964955164409
25	628.8604957514251	0.5678669404408132	11.456964955164409
25	939.0976202677659	0.2796959803658977	11.456964955164409
25	45.49857125678073	-1.7070198246824053	11.456964955164409

26	576.8882135764089	1.0406914743012043	12.326999084143418
26	522.1969848890876	1.286683071607378	10.813194026186583
26	649.3559055284577	1.0987832202859034	17.697311618181445
26	748.0384071464964	0.7942191236421716	10.952438876233018
26	607.6399898884742	0.6728549118742728	11.352435748788215
26	1043.9718166812559	1.38481514382649	11.352435748788215
26	661.7550160398462	1.7158652539138028	11.352435748788215
26	281.13455692263176	1.7790493003602603	11.352435748788215
26	338.5253377089089	0.2109990176248982	11.352435748788215
26	329.26207620749415	1.4167905934470837	11.352435748788215
26	364.64159803916124	1.3274303159321061	11.352435748788215
26	551.1609935860041	0.8249671240909573	11.352435748788215
26	858.4542573756421	1.089713649331369	11.352435748788215

27	588.5466344666693	1.1393940189696026	12.769523408807082
27	540.4879833204765	1.0893169740038466	11.007979864169945
27	666.3453497648823	0.9769757852464681	17.74630842894711
27	761.2546789805949	0.8337244472266868	10.885352721735885
27	614.6468818587751	0.6825184356183022	11.661689746766003
27	1030.8631174311688	0.16450703368217773	11.661689746766003
27	794.0925544838153	1.5114782069199322	11.661689746766003
27	610.4582964406848	0.6169529109050856	11.661689746766003
27	412.16307269848	0.7260990652820303	11.661689746766003
27	937.3193736608166	0.23724854525176092	11.661689746766003
27	401.32069844310615	0.48488178911838753	11.661689746766003
27	273.30599358804204	1.412982336021611	11.661689746766003
27	595.2193302968044	1.946025437696075	11.661689746766003
27	233.60677068964105	0.7400976917147213	11.661689746766003
27	309.6615423360413	0.18889380241892634	11.661689746766003
27	902.9591809996505	1.6585852127962277	11.661689746766003

28	598.8844180268887	1.0027531260977671	12.986434087426963
28	546.2841054303358	1.3344481347688202	11.174503012310767
28	683.9768975882952	1.0489321817074475	18.057177079197817
28	771.7637528959643	0.8919162538145966	11.136544886327588
28	631.2056938950774	0.5950213614403711	11.902773697619763
28	521.2124733440261	1.3299421467639334	11.902773697619763
28	393.45678550021955	1.6509482030063876	11.902773697619763
28	1367.4117680461375	0.8272616898527306	11.902773697619763
28	972.5114636579677	1.011075695724446	11.902773697619763
28	984.9677019643667	0.7496451667012048	11.902773697619763
28	1050.1252943947097	0.7638274135325323	11.902773697619763
28	1032.051614232835	1.4321733416791058	11.902773697619763
28	24.799085522298416	1.6944858712592936	11.902773697619763
28	782.7245646327458	0.7679089246261892	11.902773697619763
28	183.93075768004584	2.7649854823237687	11.902773697619763

29	611.3125188984947	1.0699170400907232	13.163724674486161
29	558.4173358690974	1.2216962978945098	11.568325922218332
29	702.9710577146491	0.8877492810588145	18.21892276735968
29	780.9492791700001	0.9968592485912222	10.997287275741522
29	645.2934562963329	0.8328644549628723	11.97567430935224
29	647.3231105048766	1.0915135673041232	11.97567430935224
29	386.12240378072573	-0.047776494111962206	11.97567430935224
29	721.5269448156648	0.5503432557339503	11.97567430935224
29	223.03903346097482	0.7092853825743414	11.97567430935224
29	887.9401657763684	0.3670326334089221	11.97567430935224
29	285.5743940232883	1.0250735194426253	11.97567430935224
29	1100.5981623070877	0.4884445744075699	11.97567430935224
29	299.4368405241105	0.1956008573957486	11.97567430935224
29	1067.8626978905731	1.304204962359393	11.97567430935224

30	620.9778799502569	1.1343036807342726	13.213338076755182
30	570.60644561305	1.1687211563686222	11.709988615819281
30	720.5096714123589	1.1789623502024824	17.892220381303517
30	794.4636408330165	0.9604931579915827	11.442418470937588
30	651.2127682121173	0.7208821971941514	11.845092323561415
30	965.1479826188801	0.9521207526873263	11.845092323561415
30	920.7292386603656	1.2339331712771144	11.845092323561415
30	245.86977738070718	1.1326970002301275	11.845092323561415
30	662.3382852342643	0.18710984702669053	11.845092323561415
30	921.5307491339388	0.07752760044269746	11.845092323561415
30	1078.8040572771056	1.3882145135207449	11.845092323561415
30	1159.2157720740865	0.8870110383793887	11.845092323561415
30	1005.3089315375158	0.5711810077003403	11.845092323561415

31	637.9519448285467	1.1688067111900946	13.34892928153042
31	582.2475214005217	1.2207732036758068	12.4477783870313
31	735.4031942317527	0.9431877761328543	18.264217264852736
31	805.5596065574946	0.9139618889086965	11.365913240203728
31	665.2778164407562	0.6280576313873788	12.125794364356778
31	299.5428998341706	2.2334798974614167	12.125794364356778
31	138.31716800674363	-2.548162910590269	12.125794364356778
31	937.8956994962708	1.4638255317624322	12.125794364356778
31	790.3933553420791	-0.19245966490638855	12.125794364356778
31	300.00625732361533	0.2351532437190911	12.125794364356778
31	455.24528082328726	1.0115214231126985	12.125794364356778
31	1256.369177365984	0.7660618420658952	12.125794364356778
31	779.3748460431211	-0.17032865840143196	12.125794364356778

32	652.957968970083	1.3812702723927002	13.618171249566075
32	595.3148827811584	1.2854591537848135	12.377640571452272
32	816.9810427225765	0.8349684030604555	11.656306192923843
32	683.3693966421232	0.42297114551555237	12.269985705391656
32	874.3097650026789	0.7560339654363718	12.269985705391656
32	454.20880198111473	1.7143671650677414	12.269985705391656
32	784.6399660148234	0.669235157261136	12.269985705391656
32	1302.7383201106668	0.9335908426560307	12.269985705391656
32	1048.416176457959	0.6386524358699478	12.269985705391656
32	1231.0834823717287	0.9906857784270647	12.269985705391656
32	848.7617185603053	0.31937512793189926	12.269985705391656

33	671.1840536429235	1.2206858945609556	13.414157367297774
33	606.9755200750559	1.3748724808618018	12.89436303531113
33	773.3118630815555	1.0482129532878506	17.976905307393526
33	830.233816641897	0.9315134522668517	11.441491022778411
33	695.2591641864772	0.6061983575138133	12.745850735823813
33	1133.665245995883	0.5331664053524244	12.745850735823813
33	537.2322307777943	1.4194102341753756	12.745850735823813
33	147.52279085375778	0.6808347799087996	12.745850735823813
33	767.8668160803069	0.5256047893613939	12.745850735823813

34	679.3431294630798	0.9642360445475182	13.368884353004304
34	615.6108345684747	1.379275922263351	13.07653931111714
34	795.3662859747452	0.8927650967393548	17.814094694440637
34	845.2021717904082	0.9559262669928438	11.927571313981787
34	704.2015167702212	0.651243162598296	12.731827630613864
34	264.61894724946734	0.495129955688435	12.731827630613864
34	688.5621465186199	0.0569793530421131	12.731827630613864
34	788.1250267650984	0.09088652942017111	12.731827630613864
34	46.240561826264845	0.26479103055944037	12.731827630613864
34	330.8938691495355	1.5017796641141867	12.731827630613864
34	489.1472838944383	0.7968985275829085	12.731827630613864
34	959.5886660550932	0.2058415218377532	12.731827630613864
34	191.1916230318638	2.7334772894331922	12.731827630613864
34	1225.181278690106	1.080352623898282	12.731827630613864

35	634.2007692598871	1.34556130006457	13.119564535531566
35	813.278613843673	0.9895600734748067	17.9968645135728
35	853.5629570161184	0.9225562930533786	11.746486496392832
35	717.7304173217394	0.5745753403713078	12.713368513577583
35	1002.5382584046039	1.1445117079047953	12.713368513577583
35	400.3147647413069	0.8418201116855649	12.713368513577583
35	1021.4086418031775	1.5136165268423465	12.713368513577583
35	988.1420880606742	1.7260308347307598	12.713368513577583
35	1257.4663552126035	0.9719945639799328	12.713368513577583
35	1022.2387546786375	0.3708075110515743	12.713368513577583
35	410.1295061447791	1.1713052663500905	12.713368513577583
35	872.1657381194074	0.899165522035503	12.713368513577583

36	712.1307683628771	1.0176154686341303	13.614183729138384
36	643.1093515536631	1.4093432216025095	13.393033389134422
36	829.0029600737842	1.0694976825914482	17.959546297636948
36	856.5421422000726	1.0303571959347269	12.188081515484011
36	214.30941003179996	2.091310569458926	12.188081515484011
36	775.3941560189214	-0.06653676497079619	12.188081515484011
36	666.8162217083798	0.9341856317293366	12.188081515484011
36	1226.990239412451	0.6347023936396556	12.188081515484011
36	785.1821880240753	0.022328860429562516	12.188081515484011
36	925.4323467113927	0.6073179828767796	12.188081515484011
36	511.9995164180636	2.0538163582572833	12.188081515484011
36	917.9679207548085	-0.20978342271881725	12.188081515484011
36	726.6572119137121	1.725774855293436	12.188081515484011
36	1406.068543783702	0.8682483800448353	12.188081515484011
36	151.88603043148956	0.3091610933826886	12.188081515484011
36	891.1562425302618	0.8974035023638888	12.188081515484011
36	157.93225478638425	0.6092364455115818	12.188081515484011

37	725.3315293129189	1.1076646591218566	13.390868369819229
37	661.4218045470465	1.4019091367106582	13.471603614390808
37	845.1409052457352	0.9037428019251699	17.698027850018473
37	879.6091040401756	0.9437398992580655	12.079058063141332
37	744.6201599102551	0.46271023023809227	12.54855995091104
37	340.57918201024535	1.1610201262168203	12.54855995091104
37	574.1183052081757	-0.06601503392008841	12.54855995091104
37	812.9332269358906	1.0666572336237452	12.54855995091104
37	294.12403551062357	1.334026270430513	12.54855995091104
37	153.83982626420394	2.254313085629299	12.54855995091104
37	867.6954223283266	0.057254183271224376	12.54855995091104
37	539.5927758344804	1.4183134167372788	12.54855995091104
37	922.2734099358079	0.6962030783146983	12.54855995091104

38	736.4821686137165	1.1670402277868377	13.757628141150677
38	674.4864495111008	1.2951476231519297	14.003609235173627
38	865.942399124467	0.9807436543130301	17.70266888456324
38	888.0651495793877	0.9993628164445875	12.076857114135676
38	753.4837132558495	0.4044266787318813	12.834517396451597
38	468.0301464595161	1.5554723426456258	12.834517396451597
38	1009.7870976489295	0.9168063404507845	12.834517396451597
38	695.2120362533709	1.2576767576680432	12.834517396451597
38	1059.0480503670904	0.7689287210103832	12.834517396451597
38	931.1731912813378	0.757796850849345	12.834517396451597
38	180.69412683843512	1.1845704682798808	12.834517396451597
38	823.8383785106175	1.0673016810706017	12.834517396451597
38	940.9769479586225	1.8827265506352946	12.834517396451597
38	1122.0914686657727	1.2138320489707977	12.834517396451597
38	943.8320923566579	1.209359447778821	12.834517396451597

39	746.9100169851259	1.0997603615765228	14.006901975178193
39	682.8423544077821	1.630194111527963	14.081502323101361
39	885.3549031608251	0.9248242785020687	18.180908614910845
39	897.2528567313929	1.0412018302753676	12.179845033384531
39	767.172094104006	0.443947854112978	12.999125746744282
39	1058.6074453312583	0.5851560257992363	12.999125746744282
39	457.21604438999094	0.6663571687170002	12.999125746744282
39	918.3727559860436	0.8283513009705699	12.999125746744282
39	628.5703255724779	0.41885686518353177	12.999125746744282
39	337.52260770315013	1.5877400882244685	12.999125746744282
39	1011.8879513297276	0.7184813179573964	12.999125746744282
39	546.6794980153353	1.7072082615567974	12.999125746744282

40	756.7422914520083	1.0727992921316358	14.006361016638236
40	703.0364825235853	1.5268708964788333	14.048601983113278
40	901.1192919097253	1.0613441638848966	17.9099192414371
40	919.1094059225926	0.8827673772546061	12.360804218034533
40	781.4135247101096	0.4832652911538727	12.923866859847115
40	818.7931625976313	0.7717346659982292	12.923866859847115
40	1208.5000382462408	0.8207896002027181	12.923866859847115
40	1036.9984066733364	0.6443078729253054	12.923866859847115
40	1013.2115165897412	0.25700320904508916	12.923866859847115
40	971.1607521159268	1.0361228291189577	12.923866859847115
40	911.9929213654643	0.0919989235580268	12.923866859847115
40	886.431231460748	0.8214707624307191	12.923866859847115
40	1077.6661367749778	0.36886396290369905	12.923866859847115
40	656.8477621912458	0.2472227188766448	12.923866859847115
40	671.0109528023378	0.7836341074518964	12.923866859847115
40	867.0290340947877	1.0579051638467292	12.923866859847115
40	214.44113388839327	2.557135258132221	12.923866859847115
40	705.046656202994	1.029162535569587	12.923866859847115
40	1320.701928352413	0.776205184974361	12.923866859847115

41	771.3872318588319	1.1611863000809786	13.792099134407069
41	716.1334002303729	1.4920413276858437	14.480406656979278
41	911.5905636668693	1.107814867484246	17.98083582484042
41	923.2807138970168	0.9299483632025782	12.437550228981886
41	794.928641754263	0.5240344249562674	13.479083982821125
41	953.2339191418073	1.4462378543744887	13.479083982821125
41	390.1077901126142	1.7614771141031373	13.479083982821125
41	105.28218236666302	-0.8551734180854116	13.479083982821125
41	952.023137470615	0.029955848257007842	13.479083982821125
41	348.5584529969073	0.42347744046788016	13.479083982821125
41	1124.4141093911624	1.1728027059344404	13.479083982821125
41	330.43133865510345	0.09759265768615298	13.479083982821125
41	600.8441540350412	0.2836146436719651	13.479083982821125
41	566.7026413781476	0.7215033027787069	13.479083982821125

42	786.8459544285098	1.233805010002026	14.035673233851444
42	730.1595075761862	1.6234886303210543	14.404605758468456
42	931.5057238559277	0.9741267138575928	17.690685690099407
42	938.5835518131793	1.0118962248590258	12.595570666451668
42	811.2350783824027	0.501371263111002	13.365902434276745
42	416.6545149336401	0.4782147333735819	13.365902434276745
42	597.7911854365851	0.9322747842579983	13.365902434276745
42	1075.281275738157	1.089625049646545	13.365902434276745
42	823.6753697834417	0.2632563615317932	13.365902434276745
42	1284.293140037869	0.8240056270458564	13.365902434276745
42	1074.706367979898	1.0439019567762298	13.365902434276745
42	694.7130525821079	1.1516004500711112	13.365902434276745
42	856.8993136039344	0.8092193428658673	13.365902434276745
42	1033.896402765921	0.6347848456531002	13.365902434276745
42	862.6260904203692	1.291821068487535	13.365902434276745

43	801.2242275641901	1.322511028797522	13.688933927593412
43	744.4290869889664	1.5846117739056647	14.78478970716172
43	955.5850681641489	0.9480812516873945	17.581439201137297
43	953.0161198352986	1.0025637543270831	12.447358467435043
43	1101.1722692203941	1.0460175458907814	12.447358467435043
43	724.3162420057231	1.857085829555871	12.447358467435043
43	688.989090854423	0.35161029745714	12.447358467435043
43	1213.3502491130853	0.9741386859565946	12.447358467435043
43	425.65956893847806	1.9895659497081848	12.447358467435043
43	502.1597426093195	-0.14774976834349593	12.447358467435043
43	900.1714875991288	1.4738192084308814	12.447358467435043

44	814.5160776454765	1.1288042300153867	14.039645405625762
44	758.7272097911373	1.6113700609123778	15.02129444984901
44	977.5036809310465	0.9875134715138918	18.036414385416638
44	963.1876490743606	0.9861260711446969	12.927399931815717
44	834.8058121892411	0.5194226652321452	13.118584535380615
44	999.7825493078557	1.854264283839841	13.118584535380615
44	494.42615242702084	-0.13106317703666015	13.118584535380615
44	634.7064768645223	0.15773326932492748	13.118584535380615
44	1164.679231497632	0.5770296628882846	13.118584535380615
44	130.3066254317302	-2.7200209764523424	13.118584535380615
44	738.1061115212285	1.5384529597999856	13.118584535380615
44	433.0335542484657	0.8756224772141812	13.118584535380615
44	864.5280437307379	0.09137534758426617	13.118584535380615
44	413.00651369939555	-0.24656102288852993	13.118584535380615
44	974.155322299381	0.995340615429805	13.118584535380615
44	1151.857204603329	0.7556990290892464	13.118584535380615

45	831.4842491241964	1.104196548560801	14.048067141175675
45	778.1108172924387	1.6368211730229532	14.890912260973645
45	987.4074756607247	0.9074012995038256	17.916002283915947
45	970.9799778414986	0.9172423267075217	12.682055251417022
45	853.8484664671006	0.6367551579289275	13.632434040352567
45	259.2075838875415	1.0172099991875028	13.632434040352567
45	919.1267764256003	1.6366219268688722	13.632434040352567
45	240.16568415109066	-0.3702054639541947	13.632434040352567
45	174.54667611255738	1.6586272278512397	13.632434040352567
45	1086.5294185912344	1.1150487520264523	13.632434040352567

46	840.1279644717267	1.2629780121709913	13.987016689475244
46	787.0724823321348	1.4946594016449573	15.310848963612145
46	1009.9703071487739	0.9061175306009074	17.91397245827874
46	986.4087942606924	1.156866183715112	12.55537223675295
46	861.1639382575204	0.43579397616979465	13.511696351309508
46	1062.2332167967345	0.5675473106503162	13.511696351309508
46	980.9497647137587	1.463798710266019	13.511696351309508
46	1104.3240102232382	0.57478643684031	13.511696351309508
46	1258.5980904668336	0.5031809088742087	13.511696351309508
46	383.15273599695644	-0.09746569256420934	13.511696351309508
46	267.84152201389475	0.0798479149562112	13.511696351309508

47	854.4445544324407	1.0455737445254258	14.043101662969192
47	808.6110819031579	1.5176050132383996	15.119179863418909
47	1020.7097413706387	0.9380049978571232	18.02826305450904
47	1003.1056654591476	0.912260909217107	12.748193490549527
47	875.3545358721957	0.39539483309245727	13.316902081808324
47	1088.787438726614	1.119173690865674	13.316902081808324
47	1218.830341334387	0.8632737349888994	13.316902081808324
47	1318.0535978070557	0.8094835881721085	13.316902081808324
47	1096.2830761140988	0.7632597291872956	13.316902081808324
47	271.54167536668757	1.1855487974606007	13.316902081808324
47	982.8182695463363	1.3364998841965336	13.316902081808324

48	871.411244828576	1.213309383093001	13.933937516880954
48	817.7816288721125	1.744259052280342	15.322708996029235
48	1043.1346532216842	1.0702537809535062	18.06921932473627
48	1015.5244926257276	0.9309615932536823	13.141817510091169
48	889.8247010985677	0.37161833074597433	13.520706976401307
48	716.972419161851	0.4435515680016985	13.520706976401307
48	1104.2444893208346	1.0349166885679266	13.520706976401307
48	737.4203841210555	1.5461873856978978	13.520706976401307
48	296.32518089888947	1.6461592679112949	13.520706976401307

49	888.8878431645009	1.2129860151175953	14.022833604509014
49	834.3670151911119	1.5381280951910428	15.743290545933723
49	1059.9434970132816	0.984607267585817	18.084151960462876
49	1022.0206535823471	0.9334141461876607	12.956937388081235
49	903.8401849076636	0.5179664284013171	13.929310164506404
49	137.55133424697343	-2.810964761309589	13.929310164506404
49	134.67108171315553	0.30842746098159635	13.929310164506404
49	1314.598613046283	0.693167080776967	13.929310164506404
49	1191.3892955990896	0.7798929782720695	13.929310164506404
49	590.0112120142568	1.5269236308595675	13.929310164506404
49	419.1933915878462	2.1078566186919074	13.929310164506404
49	820.3062667522589	0.4924553690272836	13.929310164506404
49	983.8582170006739	1.7069426624237436	13.929310164506404

