scan	range	bearing	velocity
0	317.6200307895361	0.39076461340501	4.594948305261263
0	460.8978931701862	0.14590985178209015	-6.305711516852121
0	181.59304450481562	0.8941665130650799	18.261070405366056
0	543.3903515586104	0.327761393602651	3.8639925170998164
0	400.0127719515248	1.3679298803140683	3.093812632987865
0	996.2445559532875	0.8934729454096055	3.093812632987865
0	663.1878697732151	0.9461699988117092	3.093812632987865
0	598.097058616648	0.1261632660334618	3.093812632987865
0	796.373161841539	0.5234425792000268	3.093812632987865
0	1068.4271346128862	0.9599737139062074	3.093812632987865
0	455.9105181578895	-0.24185811049948394	3.093812632987865
0	1123.464897284277	0.5402149321544929	3.093812632987865
0	829.1991274820011	1.1352827567549786	3.093812632987865

1	317.5961378042419	0.45660743035746254	5.388038295373118
1	454.5218798126255	0.30205565854501415	-5.900053817002722
1	197.1600390806809	1.1234432003941872	18.245464431747603
1	546.3678798948563	0.49503714106168106	4.471083549823649
1	399.75000214433555	1.379727312599321	3.491708870349395
1	1111.621310594927	1.0817086936269429	3.491708870349395
1	415.33619072374125	0.21326249681533627	3.491708870349395
1	1091.0119697143052	0.52301801530655	3.491708870349395
1	682.6647443928532	1.192163425659416	3.491708870349395
1	558.5042212834526	1.0688816315649272	3.491708870349395
1	354.1587008613278	1.087346169905689	3.491708870349395
1	969.9322658954515	1.832059155267925	3.491708870349395
1	824.9650044069081	1.5219723254279807	3.491708870349395
1	226.86040523414	-2.9200137926472256	3.491708870349395
1	698.3633550271408	1.409765379261582	3.491708870349395
1	558.3731411276746	0.8493986382385862	3.491708870349395

2	328.2628817391348	0.45371692995422147	5.957465950186489
2	449.0363726139314	0.355014718904063	-5.248335265398356
2	216.10062711453773	0.9781982116474418	18.140934028054314
2	549.1537792683497	0.35249412160568044	5.023753734038935
2	399.21871903900427	1.2636903591223239	4.053290009483618
2	978.7275739508212	0.18682662275768644	4.053290009483618
2	971.2445443506587	0.6421053571027823	4.053290009483618
2	593.9893675066812	0.03971476792215283	4.053290009483618
2	905.0302988811073	0.5071842243623632	4.053290009483618
2	762.7274201585243	0.2708504147919575	4.053290009483618
2	786.3998015626913	0.4060552991019281	4.053290009483618
2	1046.416017627383	0.530628301704958	4.053290009483618

3	333.45132448200883	0.3746169548649267	6.61629641729202
3	440.1852405531192	0.23993468464392623	-4.605131396019682
3	232.48895780871095	1.1595624477672262	17.82937864316535
3	555.1843696590713	0.2034623197646801	5.591885988041138
3	401.6123773528758	1.2885400663892894	4.762038921529855
3	735.8815395915898	1.1806752305392172	4.762038921529855
3	814.1144648636933	1.1838568459919774	4.762038921529855
3	645.4211526834172	0.38099286016670875	4.762038921529855
3	616.0679727298801	0.745254029495106	4.762038921529855
3	687.3384174992854	0.38987456176437696	4.762038921529855
3	792.6902617584154	1.0255435319827289	4.762038921529855
3	636.6466709463165	0.3110577709513651	4.762038921529855
3	355.7632558992554	0.9665947255606987	4.762038921529855
3	434.85600722779657	0.649155544144525	4.762038921529855

4	335.942737176238	0.4743572562890397	7.125206751730579
4	435.4759964768333	0.40269336594036775	-3.7399656704615247
4	254.09037010949453	0.9984899485215878	17.920145751609116
4	563.4075557490577	0.4937352440574232	5.649732604806816
4	419.1061595560167	1.1735615803895934	4.825225790191692
4	1214.4661787713176	0.8372658730998463	4.825225790191692
4	50.88589085163422	-2.7019586307010894	4.825225790191692
4	415.3750136988366	0.5313718950036069	4.825225790191692
4	811.3608138474704	1.6774145523053285	4.825225790191692
4	744.4420700981655	1.92620472538283	4.825225790191692

5	344.06044032218847	0.5375253170357847	7.683888710285461
5	433.8331824509396	0.3496617591109293	-3.2081487487678357
5	273.2927765590507	1.0359667856532933	18.13989998591368
5	562.9348260277987	0.41665068591468113	5.9534975434080994
5	420.3046677051792	1.2810062022989677	5.389644238559854
5	1014.1894107113208	0.8180187734614611	5.389644238559854
5	315.2012407528916	-0.07186528576810233	5.389644238559854
5	942.4313668085028	1.0568980915383446	5.389644238559854
5	892.7467259644524	0.6639905363404062	5.389644238559854
5	563.6530689944207	1.741587459473871	5.389644238559854
5	737.1622698769341	0.5946022174332461	5.389644238559854
5	955.6625195722995	0.4716436745472896	5.389644238559854
5	771.1459335006859	-0.18167818231987373	5.389644238559854
5	255.64678992895205	0.3644128869399328	5.389644238559854
5	472.81840732288765	0.5324117195551383	5.389644238559854
5	1074.465397753938	1.4434033364212797	5.389644238559854
5	534.5270488627388	-0.036751067605508336	5.389644238559854
5	1027.896008266289	0.4769899143944665	5.389644238559854
5	1042.2566879390047	0.4560059943331597	5.389644238559854

6	355.32702233910766	0.6116918348427852	7.743801965929191
6	431.416988398719	0.5740971747795556	-2.4695888656661813
6	287.2791934863571	0.9955108286565508	18.317445026749073
6	568.8518628216555	0.40524567509632453	6.359399917499792
6	427.0280309542568	1.1074456791575407	5.885045566433332
6	566.4259575807902	1.1107780044451026	5.885045566433332
6	1103.6080233542662	0.75986868399391	5.885045566433332
6	836.5183878707063	1.1587474359907615	5.885045566433332
6	761.5468831683326	1.9300473518751071	5.885045566433332
6	1038.6946286780028	1.8143759762990281	5.885045566433332

7	432.9172729650084	0.31573325536279717	-1.5753606676586167
7	309.4083690878672	0.9624356132935494	18.117294170296205
7	576.8498605983792	0.44771211684914647	6.63881170005558
7	432.7427861885312	1.0387113738225497	6.473427438881469
7	900.7528810774445	1.038538400659596	6.473427438881469
7	630.0535758347775	1.5353253079610019	6.473427438881469
7	324.8615040555127	0.9222359138159404	6.473427438881469
7	719.0647997678716	1.161230518741691	6.473427438881469
7	563.8445776042805	1.3578145271799342	6.473427438881469
7	1051.750163756829	1.1793072948303587	6.473427438881469
7	1267.4410671885614	0.778231161477224	6.473427438881469
7	685.3252070321089	1.0293892968727578	6.473427438881469
7	457.6114561037495	-0.1102085672001785	6.473427438881469
7	260.677229372415	0.02914789929250021	6.473427438881469
7	442.37990084272366	1.7380710040351919	6.473427438881469

8	432.8251884360763	0.5038047728610072	-0.7662303661710304
8	325.41958357085474	0.9944040892391048	18.168149711416966
8	580.3675495282648	0.4828761696367518	7.126212102104525
8	437.5365903413947	1.0653753322103154	6.780054017853692
8	1064.2111722894153	0.7016150518225177	6.780054017853692
8	1104.4209602918286	0.4719716408634912	6.780054017853692
8	221.6860844850439	-2.8414792300673697	6.780054017853692
8	522.9015399166734	0.5105930423365717	6.780054017853692
8	739.8751749312019	1.685624807105273	6.780054017853692
8	948.0411146982601	1.1461020585418369	6.780054017853692
8	337.3160306431643	1.4842795580739563	6.780054017853692

9	376.3400654813928	0.7810778624400773	9.22869478503607
9	428.56912963875163	0.5291133176831159	-0.054924177694595205
9	336.429112132698	0.9595222749866948	18.192247510631557
9	591.5173529980332	0.40561311966594943	7.425389951867035
9	444.0096387182252	1.1175405679089825	7.132182446474292
9	919.4115902257604	0.7219401887390031	7.132182446474292
9	373.5349868575793	2.1365456748914333	7.132182446474292
9	1312.7575967793705	0.8958098701393291	7.132182446474292
9	909.8599534674743	0.8799405120203976	7.132182446474292
9	995.8154003494209	1.116033000633037	7.132182446474292
9	153.7279238840254	1.777452015486037	7.132182446474292
9	794.9481202744824	0.023615817560337565	7.132182446474292
9	227.43613778351934	1.821842005952259	7.132182446474292
9	1198.2266237658646	1.017107708910982	7.132182446474292
9	990.2900745800305	-0.027663644234564327	7.132182446474292
9	761.7375513775694	0.2937458517300737	7.132182446474292
9	1254.5695830112516	0.63550998680463	7.132182446474292
9	135.35413445153094	0.25723961477386265	7.132182446474292
9	980.5631945755903	1.5895649855043723	7.132182446474292
9	1013.3678396507395	1.7749544566320203	7.132182446474292
9	1170.4004803496812	0.5232974917739176	7.132182446474292
9	980.6755703677868	1.4352457787562445	7.132182446474292

10	388.4336456329479	0.7708147084800085	9.565876233934897
10	432.78258519286	0.6234728171773387	0.38666174092163186
10	364.4830035187743	0.9867171857373359	17.74994065856718
10	600.4774390773101	0.5928217255991215	7.4398272566977734
10	451.6398195910186	1.256281803087197	7.551545152904582
10	967.1810024119774	0.06157366417553858	7.551545152904582
10	211.8490152338583	2.3520734852239675	7.551545152904582
10	77.18661856755227	2.468025514340412	7.551545152904582
10	942.5826890584979	-0.17322251619053075	7.551545152904582
10	732.8173943053838	1.319585464622633	7.551545152904582
10	1162.9559463879586	1.0187444488992525	7.551545152904582
10	314.6030674221836	1.2668003270171826	7.551545152904582
10	487.59711057649537	0.9836305779016021	7.551545152904582
10	1077.241510871627	0.6641848946896307	7.551545152904582

11	399.3374892876407	0.7802775359722468	9.806512605472243
11	429.2070072888541	0.6835337300066026	1.409543276287231
11	384.11407983323653	0.9969397564562459	18.264140502917716
11	610.4897286411549	0.5536417865165302	7.69512277008754
11	459.07946593744396	0.9444305192651679	8.022463843812409
11	893.0612420039107	1.0585007321868685	8.022463843812409
11	731.767146314355	1.540633727720954	8.022463843812409
11	221.1017460118435	3.172926440181121	8.022463843812409
11	247.8001463675914	2.281618617798694	8.022463843812409
11	461.1681774486201	1.8891674281845565	8.022463843812409
11	783.0386118615122	0.13537716142012368	8.022463843812409
11	814.71756098337	1.4021642322552925	8.022463843812409
11	576.9346674370219	0.05681241752408703	8.022463843812409
11	633.8657962680644	-0.12692971494032454	8.022463843812409
11	739.504086083707	0.22705645416780282	8.022463843812409

12	407.3119334723043	0.6265626260188415	10.258337362206696
12	433.83067611403936	0.5457146722385935	1.780932549144425
12	393.3485694878543	1.0431765546103533	17.81062379838835
12	612.7950151992164	0.6218029582536371	7.828122018817653
12	465.57485387119425	0.9493894942637424	8.311646069006095
12	443.74332298603815	-0.18214474224205482	8.311646069006095
12	1156.4035591264412	0.8816743488580995	8.311646069006095
12	716.5787938759256	1.8276426625046864	8.311646069006095
12	457.90987830245894	1.431018445199196	8.311646069006095
12	850.7979117869334	1.024173915568993	8.311646069006095
12	933.1169789183388	1.2966194802803934	8.311646069006095
12	98.87600065724664	0.019518800022664803	8.311646069006095

13	421.05183839220916	0.7821016978357628	10.538794960676784
13	435.46724345734845	0.7340929743069576	2.9506619767792284
13	415.82371193618764	1.0533350520766414	18.026401028923456
13	626.1855238649454	0.5551604798797817	8.556553215266314
13	474.4024316500883	1.0306394552137086	8.538929612260958
13	148.15150219464033	-0.2539547348486389	8.538929612260958
13	467.84573971342746	0.4725763017003267	8.538929612260958
13	1109.2517707262466	0.8297510521536697	8.538929612260958
13	707.2462360426182	0.8662293382875133	8.538929612260958
13	253.5035875106172	1.901927746388132	8.538929612260958
13	623.7502158103898	1.161302611337645	8.538929612260958
13	626.1452404273607	0.20910935428781666	8.538929612260958
13	871.3927035093366	1.409522150350857	8.538929612260958

14	434.2882917771974	0.7919279764877204	10.831083204960702
14	437.1193660837124	0.7991447809542185	3.564130429130883
14	433.62358647198977	1.0713918970602847	18.009071618126725
14	630.597208402149	0.5756653466825596	8.378792391458555
14	484.5585710130659	0.9545213342448048	8.733405263210333
14	158.13153536623722	2.5677813637032716	8.733405263210333
14	464.6244178237676	1.7972506516996325	8.733405263210333
14	1010.5487125139152	1.49804393968996	8.733405263210333
14	545.7222602516911	1.323293462922527	8.733405263210333
14	1201.873431628748	0.8775032437753455	8.733405263210333
14	799.4550251025662	0.06471093755022045	8.733405263210333

15	443.59733302019123	0.7562448695047606	11.119576380138989
15	439.5225974887929	0.8320766779972781	4.304908314812811
15	448.3043899920415	1.0391387487521768	18.040208349009056
15	645.7964381934297	0.5066439931475646	8.653408115867263
15	494.71597312534936	0.9721521529803632	9.048689500744814
15	602.2320608891613	1.8043058571217057	9.048689500744814
15	368.1933825818881	0.023540555140867142	9.048689500744814
15	1311.4777047437979	0.8512963228260728	9.048689500744814
15	1373.682319806103	0.8275571305587025	9.048689500744814
15	793.7443428084237	0.40469750277244193	9.048689500744814
15	612.9869456517978	1.4386068357100765	9.048689500744814
15	618.7548206471932	1.4840253085188038	9.048689500744814
15	184.56279048094586	2.384514158173952	9.048689500744814
15	264.120740657796	0.5934035687738196	9.048689500744814
15	144.3770930573016	2.846032389045907	9.048689500744814
15	628.7840550645753	0.6078733362289446	9.048689500744814

16	452.52005404207387	0.6787823086465634	11.3410029563224
16	443.63592548398265	0.8904789777184015	4.887639341771008
16	469.4534926536856	0.9917175641455127	17.851694719778425
16	651.8241938038178	0.6982876964020501	9.196922988395507
16	500.41246685650054	0.8895953377147124	9.559058443225476
16	982.1128515878736	1.4673096461934758	9.559058443225476
16	1183.7548898068765	1.1527092643229193	9.559058443225476
16	465.07125399783104	2.0412532961060954	9.559058443225476
16	599.9887913045517	1.793842546467502	9.559058443225476
16	1024.3926511787538	0.5467426165381416	9.559058443225476
16	192.39611488633898	-2.5812542008377832	9.559058443225476
16	129.17738878462498	-0.6649103443529714	9.559058443225476
16	595.2767932289736	1.4538284551039813	9.559058443225476
16	769.2975124179457	0.9533588667211251	9.559058443225476
16	1040.3126675026738	1.0746696157332296	9.559058443225476
16	1069.3153765687337	1.4906536891099524	9.559058443225476

17	461.7498975504017	1.0502773389078768	11.416340341745578
17	450.5624095277311	0.8445040541457979	5.685109946388126
17	487.0694064453559	0.940853124634739	18.084347467249867
17	659.2592964442025	0.7010855608800686	9.366002674631359
17	510.0340417484648	0.9954296823396678	9.74685739338345
17	179.5670484807386	-0.23266508335729025	9.74685739338345
17	319.8317389617935	1.326840390458141	9.74685739338345
17	153.5314337422817	3.0458240275708937	9.74685739338345
17	1018.5178327407407	1.4381251497410807	9.74685739338345
17	740.2013409592919	1.9908827832593823	9.74685739338345
17	600.3314893664013	0.21778088963987388	9.74685739338345
17	1151.0790400292583	0.7338172284495763	9.74685739338345
17	508.0712252018764	1.636438891053618	9.74685739338345
17	495.1184418742878	1.5553728486855103	9.74685739338345
17	649.7177050207939	1.7827763982719806	9.74685739338345

18	473.20307467181567	1.0180610449418235	12.029219476312928
18	451.6914830069445	0.8687535417978887	6.3643416938051365
18	502.00227184081564	1.003138431314047	18.17202660996187
18	667.2280705815947	0.6115778258618529	9.329664911845112
18	521.5095916313511	1.0247898077719393	10.185188625512028
18	602.2447750220158	1.1206822997004457	10.185188625512028
18	352.61240691700834	2.230720903223548	10.185188625512028
18	1065.4248275332973	0.5202560481390802	10.185188625512028
18	137.64253127975195	-2.2717458361846794	10.185188625512028
18	536.5335562599856	2.029268096420751	10.185188625512028
18	852.9737717909325	1.0270272623758347	10.185188625512028
18	1060.0872358407023	0.8518749060249174	10.185188625512028
18	213.6513944510578	0.4966143794022072	10.185188625512028
18	899.0169843847517	0.9372220053943142	10.185188625512028
18	883.3609061333841	1.0229065152960914	10.185188625512028
18	1151.7646379821304	1.110005108386389	10.185188625512028
18	942.2178747157806	1.205247782310505	10.185188625512028
18	259.08212813779625	2.428845683156529	10.185188625512028
18	375.5617894015032	1.3018183821935774	10.185188625512028
18	563.281443785138	0.16243334567745382	10.185188625512028

19	490.74237076093965	0.9830745032181367	11.501803229836689
19	469.0075133700368	0.9074112618460372	6.807339766104942
19	525.4668286427615	0.9157449813763046	17.98909706274925
19	676.064799734106	0.6863965155732817	9.750047258765553
19	531.8473703939953	0.8988246538657703	10.277809616399912
19	1376.578816637395	0.8709260813632065	10.277809616399912
19	669.8360734044927	1.5020727228911237	10.277809616399912
19	259.6756603626567	0.27349182826309953	10.277809616399912
19	671.965749405313	1.2667918980284845	10.277809616399912
19	997.2292405530178	0.33566178869433877	10.277809616399912
19	438.82948745737986	0.19158629291358295	10.277809616399912
19	988.0429829136605	1.1518491882846713	10.277809616399912
19	538.6787046944889	0.8206634710385514	10.277809616399912
19	77.95087287639382	0.26370922722330153	10.277809616399912
19	809.3864607006941	0.07929194343962287	10.277809616399912
19	694.7387243896686	0.005151912318828517	10.277809616399912
19	1277.5442081971466	0.5549434208504004	10.277809616399912
19	879.9251984112816	1.2173057019725269	10.277809616399912
19	936.1070491266477	0.8344800882835756	10.277809616399912

20	497.59912132497965	0.9647321470348038	12.097139914755676
20	473.25258081976153	1.0975964644905198	7.3262168359052255
20	545.1756413297489	0.9560667605224309	17.83153395863501
20	693.0474735744565	0.8558092620485874	9.617954474062659
20	897.4394837274072	0.7097349881584173	9.617954474062659
20	1011.2959812763295	0.6801901626092803	9.617954474062659
20	1144.3934035235238	1.118167307840643	9.617954474062659
20	218.23447946473885	-0.17499964783202326	9.617954474062659
20	163.59974032544898	2.6472311708637823	9.617954474062659

21	506.8135186601994	0.9218579718314244	12.147208067765018
21	480.1086193303357	1.0472108154807098	8.091582206943588
21	561.0889473472811	1.0097006293822686	17.88193666855563
21	698.0180728900268	0.6334884375185698	9.962321828834346
21	555.3580516775055	0.7986542856704564	10.72409892545367
21	542.8391651339115	0.9490167639482546	10.72409892545367
21	888.8218664183175	0.8372374597996595	10.72409892545367
21	857.8403996025112	1.1023962722561644	10.72409892545367
21	229.77117114360965	1.60877151167347	10.72409892545367
21	889.219555935763	0.679115095976677	10.72409892545367
21	620.4132177274821	-0.10150803134173783	10.72409892545367
21	951.9703729310654	0.5294727104609458	10.72409892545367
21	565.9550776354035	-0.28970711219613676	10.72409892545367
21	1135.4255069702695	1.064963653430758	10.72409892545367
21	798.7991685036524	1.4417544430496283	10.72409892545367

22	518.5016658010879	1.091082346554976	12.392706845844604
22	490.8539055475942	1.1553857721106786	8.497022684089933
22	577.296541779414	1.0635143917696657	17.99452431611164
22	709.1647151738076	0.8083763759632355	10.005877257294893
22	561.3803006895663	0.7880194638610304	10.774704785528831
22	1025.2978978443732	0.6033132275688452	10.774704785528831
22	1380.722488318407	0.745138096916281	10.774704785528831
22	701.506198917574	1.203701600934236	10.774704785528831
22	260.76047728941256	-0.040189875616184756	10.774704785528831
22	1076.7228506343135	0.3042271863280372	10.774704785528831
22	385.07187838906054	0.9976097837272936	10.774704785528831
22	121.02115103903492	-2.9114595066079336	10.774704785528831
22	1220.8453618221884	0.5445333907336973	10.774704785528831
22	1058.4535737907167	1.431203170462689	10.774704785528831

23	536.856560453072	1.0373517851933052	12.230290442313855
23	499.39658231579364	1.1886721159747589	8.939895597516621
23	591.5127994514279	0.9235211500620164	17.8440820356641
23	716.9643544529623	0.6768829372846394	10.066222396684315
23	574.3123068169032	0.674939948645005	10.667849688412687
23	1039.432513388694	1.2521536379210019	10.667849688412687
23	832.6995408181625	1.4009629990826884	10.667849688412687
23	1040.6221819413654	0.7059407890247054	10.667849688412687
23	1327.117661367312	0.8853898504356239	10.667849688412687
23	528.094293339732	0.7196105006513742	10.667849688412687
23	373.89849463605753	0.5750223403494779	10.667849688412687
23	442.4389897335188	0.30721953345215497	10.667849688412687
23	818.2747586472434	-0.052460689012339565	10.667849688412687
23	340.2373830652885	1.2633765958733043	10.667849688412687
23	713.0078155666575	1.6874395239488456	10.667849688412687
23	454.4937407171967	1.0682291343305508	10.667849688412687
23	477.8613741783285	1.117334821704747	10.667849688412687
23	1145.8877915724925	1.2124574006198419	10.667849688412687

24	551.6549061392279	1.028733187183502	12.733452288976657
24	504.8389596129406	1.0341365019269562	9.12277121728681
24	606.7476149349319	1.0148154832917893	17.75088399064146
24	725.8879088003201	0.7784716960629491	10.229723350698706
24	587.6598869310969	0.7199499748697046	10.993312806098903
24	459.29374769561804	1.4208703080603267	10.993312806098903
24	1280.7212776916572	0.7495503495819923	10.993312806098903
24	308.80023974510135	1.0402388030191883	10.993312806098903
24	992.5830885589136	1.5058080361395527	10.993312806098903

25	564.910362377772	0.9373925070233056	13.00408652750835
25	512.1953459916866	1.175511942580995	10.240183804112357
25	743.7973934418291	0.7916299198499724	10.36337344344992
25	598.6712736285176	0.5973683437746312	11.178552981690371
25	260.2581976662693	1.5844023774782303	11.178552981690371
25	1070.326657313085	0.7430908575287907	11.178552981690371
25	1108.5170693811835	0.4983036757706336	11.178552981690371
25	957.2595772522562	1.1766433012434505	11.178552981690371
25	730.0950344233244	1.8510533895106036	11.178552981690371
25	1281.649325577377	0.9710356843350074	11.178552981690371
25	868.6791783933846	1.7082294485712133	11.178552981690371
25	1143.3927161643749	1.0054134164715198	11.178552981690371
25	459.7010136764778	0.5226684975531495	11.178552981690371

26	572.438839392263	0.9944294938905485	12.886181530373937
26	523.3809375993999	1.1371281638560538	9.962775347130567
26	750.4384520375016	0.8311357080808562	10.690095169286751
26	610.8497536754679	0.7746642823491464	11.663996526450555
26	1135.7386015735747	0.5933827409458142	11.663996526450555
26	439.9683377631749	0.2036175514144682	11.663996526450555
26	78.59072835800183	-1.9938942697732565	11.663996526450555
26	746.6202719711891	0.12329859038216895	11.663996526450555
26	775.8642656493445	-0.0877304161751962	11.663996526450555
26	130.80070400423756	-2.8746497547155663	11.663996526450555
26	869.0134810284086	-0.07165881984688328	11.663996526450555
26	952.3525323900654	1.565822135762381	11.663996526450555
26	901.7791913250359	1.3590455749149088	11.663996526450555

27	586.2520109088758	0.957481933487099	13.164185310211908
27	538.0231642415587	1.0724774692458723	10.858626874647014
27	670.559215768498	0.933869073586231	17.997086592392755
27	757.1582288846171	0.8219425177942994	10.84137327005325
27	616.55795786537	0.6347435659806492	11.782495575133701
27	664.2216610020416	0.5957279593282896	11.782495575133701
27	980.5237217332409	0.7441966164868661	11.782495575133701
27	178.54458619052556	-2.9321327855458508	11.782495575133701
27	578.5836849213175	-0.18066897556462486	11.782495575133701
27	365.2080080106435	-0.09197129264787066	11.782495575133701

28	597.5500793743386	1.001630050281736	12.651938577701028
28	554.4389050592793	1.1258777903226762	11.276441428025528
28	685.8619597044767	0.9400586989759157	17.789133093846296
28	772.9686717904249	0.8819030494377453	10.956377470283245
28	246.72503745502738	2.3832666932346207	10.956377470283245
28	361.7839493687302	2.3656780636348587	10.956377470283245
28	560.9297611165603	0.6200813240666035	10.956377470283245
28	633.0746176364925	-0.019697960789687795	10.956377470283245
28	1121.9054320914806	1.0048800294276785	10.956377470283245
28	883.1142464641681	0.49139750988604797	10.956377470283245
28	709.4415300005062	1.145992116986787	10.956377470283245
28	885.301846430189	1.4715662945164525	10.956377470283245
28	673.7542329595868	1.250334635875219	10.956377470283245

29	611.9461489011849	1.329068381431232	13.190856111590263
29	556.2101529128414	1.4564921084146656	11.133368183891655
29	699.8444690322674	0.9792891811501385	17.898098608174987
29	782.0502560371073	0.9477153134262122	11.172335622410051
29	645.6536649170682	0.7975303154743478	11.701807983926026
29	938.9772054857448	0.33648597797888263	11.701807983926026
29	1052.3347893885982	0.8148947028853035	11.701807983926026
29	29.380834925949323	1.1619511944142011	11.701807983926026
29	1011.500192689447	0.6026513937783542	11.701807983926026
29	1332.6755766730175	0.7105699571505135	11.701807983926026
29	1126.0499140044453	0.8324524392738247	11.701807983926026
29	1217.4271031591622	0.7181288387991186	11.701807983926026

30	619.6832423518151	1.02336184345913	13.2017963539291
30	568.812987984934	1.2167991834039047	11.696041446460816
30	716.6442115209163	0.918018343916132	18.235540694239837
30	800.435952473338	0.779889215623192	11.20841537092077
30	656.158584426977	0.8102428986532024	12.043657754371031
30	817.5688023687557	0.537655834629421	12.043657754371031
30	1098.7676314218238	0.5476934353009142	12.043657754371031
30	92.79404710107339	-3.077441463078926	12.043657754371031
30	788.537453528514	1.5330695063538669	12.043657754371031
30	714.3608591734777	1.5848312627105425	12.043657754371031
30	934.8276532459157	1.7194322540892377	12.043657754371031
30	199.81941428407208	-0.23459598402697623	12.043657754371031
30	737.2178990916925	0.6525324643949174	12.043657754371031
30	522.4910075505647	1.0807274760482128	12.043657754371031
30	812.9740138349538	1.40980039425681	12.043657754371031
30	708.4350945663338	0.8921226284875903	12.043657754371031
30	866.5919588284673	1.4960536235925033	12.043657754371031

31	640.0089689108431	1.1403331473401082	13.162529107832755
31	587.2840253960089	1.2656952938679507	12.00472563739004
31	806.4656721604255	1.0151656757365188	11.508951176483684
31	903.636513279624	0.11850624441634307	11.508951176483684
31	1176.6345299008942	1.0346362776794364	11.508951176483684
31	1049.838931064738	0.5087465976538863	11.508951176483684
31	226.65727981025447	-0.3350439963019004	11.508951176483684
31	74.70229440666729	0.6991909742461081	11.508951176483684
31	749.8939025518588	0.4162963435971823	11.508951176483684
31	1208.4539226605204	0.7456802872111334	11.508951176483684
31	542.9506208328665	0.5868623088750913	11.508951176483684
31	111.62152002341072	0.9278322588958032	11.508951176483684
31	684.9267516886723	0.19624440535410764	11.508951176483684
31	384.7939108377832	1.1148297994530538	11.508951176483684
31	552.1995747158919	0.4073950052439863	11.508951176483684
31	1206.4854024007514	1.0914506388708909	11.508951176483684

32	648.1975541587059	1.09926742658649	13.505744236825377
32	590.8575167477137	1.3981953663249096	12.7619216693494
32	757.8147327226723	1.0529388176805476	18.22131190198318
32	814.1561191281388	0.8891592606586588	11.291611666261977
32	682.3986859383109	0.5362704334910248	12.377187315920615
32	391.7068423099332	1.0251989625463194	12.377187315920615
32	1075.3743941073644	1.0167001904482147	12.377187315920615
32	569.5152042040899	-0.11370606102450886	12.377187315920615
32	635.2800397041425	-0.06381375021143391	12.377187315920615
32	775.5648140414177	1.6326750828493197	12.377187315920615
32	525.780314762808	-0.21383039196458734	12.377187315920615
32	235.04089724541518	2.8183824779973876	12.377187315920615
32	1244.0153674369365	0.9855606347592302	12.377187315920615
32	1113.6860498846995	0.9423386901169836	12.377187315920615
32	1013.0167636464422	0.7508764362933723	12.377187315920615
32	576.7172558927225	0.742892412340172	12.377187315920615
32	618.728936285583	0.7456723240759803	12.377187315920615
32	449.13796877738315	1.8837652931144513	12.377187315920615
32	276.50374626175795	0.9325940289446786	12.377187315920615

33	666.9035297976443	1.0293774871006214	13.495802350653957
33	610.758109107428	1.3494655418798625	12.77134075325621
33	770.6059414131528	0.939726866851372	18.221844636231634
33	832.9767647017884	1.0084047143090988	11.553057941211291
33	694.8822247964417	0.6612737988845873	12.368905022086889
33	877.6156238244098	0.4972660081140961	12.368905022086889
33	860.6075920774799	1.1169596334881595	12.368905022086889
33	967.3067937162228	0.07259505499255789	12.368905022086889
33	601.7378785112389	0.9618242657193128	12.368905022086889
33	706.343693834673	1.3296842204070953	12.368905022086889
33	1342.874743373493	0.8003292153215342	12.368905022086889
33	1022.3959518653293	0.7710269033102193	12.368905022086889
33	128.9402004502988	0.4579343863426819	12.368905022086889
33	180.02913051923952	2.501833639105355	12.368905022086889
33	675.5865313690106	0.8408051589489676	12.368905022086889

34	681.3908811115018	1.2358930861131416	13.487894717752974
34	617.7521006007562	1.429959718424533	13.110929928790872
34	795.5373698216247	0.8881650338799948	18.134899016676133
34	836.4992786562947	1.0125884827736664	12.101797815041659
34	705.9021461930599	0.4107954003822818	12.53299188885158
34	841.706990331498	0.7193851864304814	12.53299188885158
34	386.20079815810914	2.2018792188674716	12.53299188885158
34	120.75293528490502	-0.8275497280642693	12.53299188885158
34	467.92453776443125	0.9145936344125435	12.53299188885158

35	692.9602356335923	1.0686326664171326	13.752704135853525
35	634.8409464909956	1.414820929091465	13.287017822225515
35	810.9363302671704	0.8505019040201086	18.20737120216379
35	853.4208051308906	0.9540145038298093	11.802076948187533
35	718.3140203528569	0.6078371557316469	12.758496621202019
35	508.37490230467625	1.7049497222919106	12.758496621202019
35	693.4427147269582	0.13515485914660805	12.758496621202019
35	712.9903935773694	0.6142003835052436	12.758496621202019
35	1304.5535563656133	0.8061954905165315	12.758496621202019
35	990.6152484768535	0.5260697967578656	12.758496621202019
35	855.5884217075941	1.8873304427168551	12.758496621202019
35	630.2763709486069	0.9813061706879438	12.758496621202019
35	935.5540240585776	0.7888037213003012	12.758496621202019

36	703.0752005851363	1.2721524177621706	13.684701164827517
36	641.7969075962899	1.3503912667023525	13.388675338006848
36	833.1493773203615	0.9526323134712196	17.98012172461688
36	865.531146931557	0.8609294302356929	11.613113099006213
36	731.571053860492	0.5653545841730079	12.954795219471935
36	906.4440197359129	1.6370806653960142	12.954795219471935
36	41.711560487833474	-1.2178531239863253	12.954795219471935
36	195.5075989328694	0.044690361995479794	12.954795219471935
36	1272.3521590876255	0.5774963639462078	12.954795219471935
36	980.7702764509713	1.0424139750135308	12.954795219471935
36	548.9475771440588	0.7080634777959351	12.954795219471935
36	769.3365156669314	0.11356425800850103	12.954795219471935
36	685.9837592876422	1.1184591532322914	12.954795219471935
36	934.5564583053341	1.270957472290012	12.954795219471935
36	1077.3837317546452	1.3381177712620338	12.954795219471935

37	720.457859032418	1.1782907377016871	13.404947154759903
37	666.0579664684749	1.384656049949609	13.860175522116227
37	848.4894069171887	1.0544854473795557	17.998981404789124
37	874.5486326845338	1.0589339906998716	11.920521767546097
37	740.1136630549006	0.5014042622284431	12.972234482328478
37	517.5400584044825	0.15143964481594094	12.972234482328478
37	910.9868027412119	0.5136707112982173	12.972234482328478
37	404.81757041221425	1.7609796750689541	12.972234482328478
37	1260.412081270614	0.9676221129098109	12.972234482328478
37	1133.9969044581653	0.5764015074050883	12.972234482328478
37	513.9107639844174	0.49284138198486416	12.972234482328478
37	461.63283932929767	0.16241099839704476	12.972234482328478
37	1059.4356763148826	0.38586231033964913	12.972234482328478
37	416.64801953947614	1.8433907349522667	12.972234482328478
37	1034.1642704979865	0.7337895031309434	12.972234482328478

38	736.4813223603342	1.0969033681551155	13.801817316285565
38	670.6842712885453	1.3886517648461671	13.505665859494517
38	866.6536295272707	0.9255394431477704	17.853410378617586
38	886.5353547566029	0.8723928530266263	12.533296353390075
38	749.9830335641813	0.3277759453828749	12.97665670518442
38	1082.6235453085922	0.833019820067681	12.97665670518442
38	1065.3379432466788	1.6930221270377939	12.97665670518442
38	707.6116662784672	1.520133087519405	12.97665670518442
38	601.7017797165927	-0.10621630170752423	12.97665670518442
38	934.4286802693516	0.5997226604634054	12.97665670518442
38	1224.6906355189503	0.5614955328271032	12.97665670518442

39	753.68575984269	1.3508626921184104	13.55132448008931
39	688.318076533208	1.4894551739763047	14.206417482309872
39	883.2833880958224	0.9343470346615315	18.229002292584223
39	900.139805556412	1.087430681895969	12.181174249688798
39	771.4500433864149	0.5586568076715177	13.069431197824866
39	912.329399842571	1.5868163582452648	13.069431197824866
39	199.516313854966	-0.2519875252633639	13.069431197824866
39	1122.3280123049997	0.2780494782369667	13.069431197824866
39	1027.7406402923054	1.3438118387287163	13.069431197824866
39	268.1020681272683	-0.21899756598465844	13.069431197824866
39	883.967886799901	0.3457245475097175	13.069431197824866
39	769.85290354009	1.5989046829712197	13.069431197824866
39	203.736594358213	2.8647866391169705	13.069431197824866

40	761.4309948571068	1.254909492985007	13.692776848963986
40	702.9914973999424	1.4949954268045293	14.187120410899286
40	900.1518038416224	1.0753953479940168	17.974198007943713
40	914.9916684518796	0.8490167398422682	12.166439205680598
40	782.3294863564511	0.6375879399942316	13.142798649459866
40	888.379034466034	0.4159730068071303	13.142798649459866
40	1149.1075594835781	0.8354552916142809	13.142798649459866
40	593.5781476391303	1.1502210543916902	13.142798649459866
40	689.1391733615073	0.03433324496603211	13.142798649459866
40	340.9239356807731	2.359590978150727	13.142798649459866
40	962.1055351455806	0.8241951469937626	13.142798649459866
40	57.73443833933069	0.9634097628331418	13.142798649459866

41	772.8195288044334	1.1920143577722273	13.668583649133494
41	719.3028371987224	1.6590180629033573	14.131657512477414
41	918.8758679244023	0.9818844683133977	17.808853417110853
41	927.1413004572172	1.0351325643819378	12.762588456942163
41	803.2490808743395	0.6215023224437453	13.381506710045466
41	1142.7296400133603	1.2638433739404338	13.381506710045466
41	1250.6778661047983	0.9337757882100279	13.381506710045466
41	1230.9503648387151	0.7441568913285518	13.381506710045466
41	687.7744488036435	1.2335131757598696	13.381506710045466
41	576.0726400703768	0.6296705596615145	13.381506710045466
41	868.8741142258233	1.4258425905829601	13.381506710045466

42	788.5238286356389	1.363703270588863	14.060423682990393
42	727.7414378662238	1.5662983143200768	14.521837610557618
42	940.5583321765948	1.0751627868698501	18.154195151928405
42	934.262706219662	0.9478518096375007	12.606694554631396
42	813.9947203243447	0.5584737806778484	13.315660263437474
42	1335.462063478221	0.8046905078322986	13.315660263437474
42	917.5991370244326	1.1431895810983665	13.315660263437474
42	179.49641042877442	-2.93693498537379	13.315660263437474
42	700.9402255455526	0.6080351657835367	13.315660263437474
42	942.4220121198567	0.5628967322204624	13.315660263437474
42	834.3983390439321	0.6726796102937618	13.315660263437474
42	468.01816338944667	-0.14452215643153568	13.315660263437474
42	1077.9003695884282	1.7599509079932634	13.315660263437474
42	1323.7039441135917	0.991867157745307	13.315660263437474
42	723.2561956777166	1.0527444363146246	13.315660263437474
42	1095.8850090739263	0.5303721797134566	13.315660263437474

43	803.1832939442446	1.1772225083070444	13.878768065136526
43	742.9882876805617	1.4425177431993796	14.51217883538835
43	960.2493614088378	0.9989924149082816	17.980858439492888
43	952.2110670473766	1.0010218457913491	12.559128296488508
43	823.9345112575265	0.5569728479449654	13.160864432889008
43	578.1842237283486	0.18562350310420317	13.160864432889008
43	899.0333870019872	1.050252240080002	13.160864432889008
43	476.3733679486188	0.10627072704444337	13.160864432889008
43	1034.7923313407853	0.9533520083467872	13.160864432889008
43	537.5192939742448	0.24756341934576445	13.160864432889008
43	899.6149814197985	1.0552870767411835	13.160864432889008
43	979.9088874499718	1.2008625614687454	13.160864432889008
43	801.5563584334703	1.498247517577812	13.160864432889008
43	1188.1420166354355	0.7160862544568461	13.160864432889008
43	528.0542148956806	1.1879604907915027	13.160864432889008
43	502.0641285055504	0.6633080898177377	13.160864432889008
43	283.3155548213656	0.08435323420378418	13.160864432889008
43	831.965205228219	0.06819045476664554	13.160864432889008

44	821.5492170380645	1.3617396575517133	14.160436646120543
44	763.4256994053384	1.588888993016117	15.063776957885308
44	973.3089260653759	0.8629082367366154	18.211582673712165
44	962.2371150516334	1.0273996419658205	12.311352710913651
44	836.2502716936768	0.4616383309043745	13.47450222279774
44	990.5564747346044	0.5394221003105485	13.47450222279774
44	498.56030178529574	0.5401952223903358	13.47450222279774
44	261.31686646667237	-0.34331329895939455	13.47450222279774
44	1009.6423287865924	1.7079234567459143	13.47450222279774
44	647.2096862048396	0.02198635510185716	13.47450222279774
44	994.9911219356957	0.22394295341286463	13.47450222279774
44	403.1081966801741	1.0214460159330736	13.47450222279774

45	835.7465301838344	1.2341080398871294	14.01395760281801
45	774.2902277967601	1.6729999698114077	14.729151860675579
45	993.6648885800593	0.8750519376036076	18.113359979696625
45	973.3247712480713	0.9824428314110406	12.855302441765744
45	849.8674121117803	0.42625512148946926	12.973020582503324
45	981.7418571243368	0.640536634483386	12.973020582503324
45	1006.6651375179479	0.6057625793344595	12.973020582503324
45	330.56806287993857	1.3771174005598321	12.973020582503324
45	718.4420353150854	-0.11644647133455276	12.973020582503324
45	393.65671897535935	0.2463332018580026	12.973020582503324
45	814.8347788814724	0.534456823494631	12.973020582503324
45	855.5509770737016	0.6594167194571716	12.973020582503324
45	733.6948238715332	0.23126954021283203	12.973020582503324
45	112.30256099887124	2.49182215562169	12.973020582503324
45	507.1427255120143	1.7425632173567451	12.973020582503324

46	1012.6381643265893	0.9229214103117452	17.884118472142543
46	988.9228201603383	0.9802448250009947	12.314651124715136
46	861.6927952197557	0.5996133706010736	13.582326374952396
46	1233.9690908612408	1.022149410548195	13.582326374952396
46	923.8712546566859	1.6590260799796637	13.582326374952396
46	925.4486392454022	-0.00039841468326409085	13.582326374952396
46	851.5810650438251	1.1927516314157196	13.582326374952396
46	1039.4724851833753	0.8282443883814088	13.582326374952396
46	1054.3735758429689	1.4057836793995113	13.582326374952396
46	290.5607083955533	0.268606713086693	13.582326374952396
46	1006.7388793225631	1.1272262982661425	13.582326374952396
46	233.65212749170786	1.0193705211546955	13.582326374952396
46	773.5081408954019	1.2306517684672518	13.582326374952396
46	1060.3169506056443	0.7488258825081843	13.582326374952396
46	1009.7106087098198	1.4679085082444663	13.582326374952396
46	790.811752214262	0.45636574335468705	13.582326374952396
46	996.0842754849261	0.46269215245593764	13.582326374952396

47	862.4614065235545	1.1618764989108983	14.504561899637258
47	805.6020242018662	1.5479205955414839	15.276544068526476
47	1025.4220527573327	0.906758265870438	18.408086832028737
47	996.8319242462852	1.0756421166846926	12.576389120882263
47	879.756126339392	0.5545166123278028	13.701980822024039
47	1087.1256728860146	0.44686962705804334	13.701980822024039
47	205.26480290210495	1.278709511480136	13.701980822024039
47	666.0769327700395	0.57910249054449	13.701980822024039
47	881.1210062653842	1.6239727991175383	13.701980822024039
47	251.26556146873511	1.6619610787745709	13.701980822024039
47	162.86461890328937	0.47360333758342843	13.701980822024039
47	710.7594227146861	1.621060098546105	13.701980822024039
47	963.5892398517329	0.9229025936430458	13.701980822024039
47	228.3915169436828	-2.7253206183235843	13.701980822024039
47	855.6504854818361	1.5907432678235036	13.701980822024039
47	972.3381371824488	1.0903602097550888	13.701980822024039
47	572.3991923399734	1.706818940872031	13.701980822024039
47	613.6972700455848	0.49024435751478035	13.701980822024039
47	1083.0275846347988	1.2316949821154595	13.701980822024039
47	657.6199237618896	0.3243947186847705	13.701980822024039

48	871.9662526130221	1.2590318994778342	13.884671321093965
48	821.1123274944877	1.5988025038164615	15.32135076542145
48	1043.6932299066923	1.0221466880351984	18.10392085475691
48	1012.2616623065899	0.9553425859757305	12.653775593941058
48	889.1017038107967	0.49296363069834986	13.37353288404388
48	1261.264855235753	0.7493994677264256	13.37353288404388
48	192.67061580676088	-2.952822358434694	13.37353288404388
48	1015.7389424321215	1.4995538601624703	13.37353288404388
48	712.3488721650439	-0.10240500689524022	13.37353288404388
48	871.714523303463	1.4095465080757517	13.37353288404388
48	998.5387435976905	0.4629475723321477	13.37353288404388
48	764.2306398015647	-0.15910330370635908	13.37353288404388
48	184.78857630136883	-0.4982390994963515	13.37353288404388
48	653.373879209165	0.40680706295884744	13.37353288404388

49	881.7426240924541	1.0870409795999718	14.089047560538608
49	833.2212025122531	1.6816159875902101	15.026348403911296
49	1062.9317772947054	0.9907849132205248	18.119674729584563
49	1026.7323227235386	1.0255730488019361	13.149573361120165
49	904.1360034046262	0.4283064719108094	13.322932479380233
49	1055.586833696986	0.9494738782922832	13.322932479380233
49	153.11565573832598	-0.8095949373038311	13.322932479380233
49	73.18397627451237	-3.005798502136113	13.322932479380233
49	1058.0437321093425	1.0924023426352376	13.322932479380233
49	203.82233666405753	2.3935419930573647	13.322932479380233
49	716.224601581525	1.8457794595879193	13.322932479380233
49	1062.5653416073526	1.1738592325843027	13.322932479380233
49	283.0584633974795	1.4160859676986983	13.322932479380233
49	1069.9865132560426	1.1445014871612076	13.322932479380233
49	1142.5956499491429	0.5543356635001303	13.322932479380233

