scan	target_index	X	Y
0	0	100	300
0	1	100	450
0	2	150	100
0	3	150	520
0	4	387.5	80

1	0	115.00014008338016	299.99987333102416
1	1	114.99925924474677	439.99966531916436
1	2	164.99994484018586	110.00094994616552
1	3	165.00024390812928	519.9998717656404
1	4	387.49954124686695	94.9997925236013

2	0	130.00061169426826	299.9998463758189
2	1	129.99691994603074	429.9986378172038
2	2	179.99992941880046	120.00326326082127
2	3	180.00163507072628	519.9991708346381
2	4	387.49641789008234	109.99951303826931

3	0	145.00113381362388	300.0003032824662
3	1	144.99394071425243	419.99714992545523
3	2	194.99988451915337	130.00599964298658
3	3	195.0034533301831	519.9961965920974
3	4	387.4911100675147	124.99998653569789

4	0	160.0002309456944	300.0010110821811
4	1	159.99092823089123	409.995556610571
4	2	209.99994293123595	140.00853983199497
4	3	210.00449377641246	519.9906088225495
4	4	387.48606573505555	140.0011778933906

5	0	174.9984627515574	300.00204044569574
5	1	174.98647797407148	399.99321301354917
5	2	225.00031074291564	150.01010120519456
5	3	225.00478531392744	519.9840546860623
5	4	387.48104611924805	155.00202856376205

6	0	189.9978569872019	300.0038026792386
6	1	189.98082883466756	389.9896370417071
6	2	240.0003398127918	160.0106584888694
6	3	240.0039548770196	519.9772875602449
6	4	387.47613575733993	170.00227030697724

7	0	204.99841572702297	300.00593574399886
7	1	204.97522339538088	379.98562834710395
7	2	254.9995315815724	170.0109301250403
7	3	255.00200736836265	519.9705039684426
7	4	387.4706044002318	185.0017524541529

8	0	219.99961479498455	300.0087842556305
8	1	219.96979527705548	369.98212853168104
8	2	269.9977596004125	180.012067768212
8	3	269.9995559061197	519.9629948364719
8	4	387.4634014154511	200.00072499225513

9	0	235.0007621043601	300.0127556885475
9	1	234.9644230160442	359.97808781004784
9	2	284.99518660818507	190.01414863433197
9	3	284.9969246646912	519.9553798077665
9	4	387.4554369176836	214.99953979820575

10	0	250.0025257987536	300.0172292469502
10	1	249.95817463633978	349.97370585687725
10	2	299.99235649194554	200.01653929940792
10	3	299.99447078853524	519.9483753682613
10	4	387.44643949634633	229.99876571767038

11	0	265.0050810036519	300.0220894177302
11	1	264.95070507216593	339.9701192715375
11	2	314.98977316075394	210.01931960049154
11	3	314.9913539516689	519.9414326701857
11	4	387.43676585383685	244.9986181427266

12	0	280.0074873307846	300.0285461137163
12	1	279.94334440910023	329.9673141811328
12	2	329.9870198328053	220.02300659041714
12	3	329.9877380006849	519.9344747298767
12	4	387.42843443103715	259.9985087888119

13	0	295.01018169400965	300.03634846123924
13	1	294.9351486745815	319.9650387344389
13	2	344.9830367401067	230.0274727347361
13	3	344.9845803059074	519.9265182987076
13	4	387.42138069957593	274.998013832082

14	0	310.01201848322205	300.043945052993
14	1	309.9249612917027	309.9632396687444
14	2	359.9778662800655	240.0309053651166
14	3	359.9821184826011	519.9176953736828
14	4	387.41406987624646	289.9969478768585

15	0	325.01306554195475	300.0524592093433
15	1	324.91361566666524	299.96360183712176
15	2	374.9719842872587	250.0331337533484
15	3	374.97965224396245	519.9086394384393
15	4	387.4061943200735	304.99537765344604

16	0	340.01531036419095	300.06160706310266
16	1	339.90092268745786	289.96604815922024
16	2	389.965455951908	260.0345914620657
16	3	389.9760248138682	519.8992340366892
16	4	387.3977592540388	319.99372870300317

17	0	355.0168567432323	300.0707196644752
17	1	354.887281199197	279.96783805851453
17	2	404.95809362945505	270.0358975785025
17	3	404.9712655272105	519.8900179338293
17	4	387.3887801148061	334.99298261194326

18	0	370.0162863404124	300.0806348320075
18	1	369.8733878684399	269.96861867580134
18	2	419.95024012304197	280.03708146756827
18	3	419.96615700255416	519.8817310905532
18	4	387.3792215752481	349.99257984160755

19	0	385.01462294246267	300.0914620930975
19	1	384.8591573603582	259.96936283110017
19	2	434.9424837872034	290.0385058168935
19	3	434.9627682630414	519.8737572974442
19	4	387.36884347100226	364.992230661078

20	0	400.012924280838	300.1033278323891
20	1	399.84442894868914	249.97009098481894
20	2	449.93425579107986	300.04015716317144
20	3	449.9602991406455	519.864644771708
20	4	387.35747952366336	379.9917473097778

21	0	415.0121397963768	300.11564556559233
21	1	414.8296069758982	239.9717441994308
21	2	464.9254478602251	310.0409947632676
21	3	464.95723711607036	519.8549490577897
21	4	387.3454149250425	394.99122316310417

22	0	430.01136690629517	300.12794617244083
22	1	429.8154029628292	229.97328321112929
22	2	479.917282282243	320.0421446993282
22	3	479.9535802419787	519.8453564748165
22	4	387.3324674409037	409.990537426508

23	0	445.01037187096597	300.140959364701
23	1	444.8015208338125	219.9742372618439
23	2	494.9093388965736	330.0442452646368
23	3	494.9491156009886	519.835516045136
23	4	387.3179566910604	424.9903680642336

24	0	460.0100776111721	300.15426314346246
24	1	459.78765719545777	209.97562116619986
24	2	509.9004221554384	340.0470048155282
24	3	509.94527298302546	519.8260726329265
24	4	387.30230802828464	439.9923537487002

25	0	475.01052640182695	300.1665547905579
25	1	474.77428712400194	199.9779223264188
25	2	524.8922061557709	350.05004168282886
25	3	524.9420236615999	519.8176922814843
25	4	387.28565046709275	454.99666911587275

26	0	490.01133101327866	300.1784771866117
26	1	489.76116467257066	189.98074518125
26	2	539.88515456377	360.0529471309262
26	3	539.9386832220916	519.8103025888217
26	4	387.26779747542537	470.0026034098945

27	0	505.0120821672743	300.19040025512385
27	1	504.7483396405208	179.98345166170068
27	2	554.8778500479042	370.05572258425485
27	3	554.935657516106	519.803812909109
27	4	387.2493874098705	485.00828152929273

28	0	520.0121986496636	300.2021231829366
28	1	519.7359607876693	169.98583800513921
28	2	569.8702177380759	380.0582137534578
28	3	569.9325148987074	519.7975511620789
28	4	387.2317103158827	500.0133359796325

29	0	535.0114900271916	300.2137140461268
29	1	534.7244657866249	159.98851296133736
29	2	584.8629730080334	390.0608963382953
29	3	584.929288900257	519.7916976231221
29	4	387.21464256799754	515.0183859099432

30	0	550.0112869890554	300.2243157886342
30	1	549.7141160412955	149.99175584766405
30	2	599.8563454825312	400.0647545969572
30	3	599.9263065326546	519.7868656312803
30	4	387.19768878215694	530.0232706941655

31	0	565.0123782089912	300.23446804173227
31	1	564.704263622444	139.99592310421386
31	2	614.8501858924639	410.0695800992466
31	3	614.9242563896479	519.7827238660808
31	4	387.179912658419	545.0283209661997

32	0	580.0135605323868	300.24582666321885
32	1	579.6943326685769	130.0016905446204
32	2	629.8434559299286	420.07515237245565
32	3	629.9224864699123	519.7788033694552
32	4	387.16173407377283	560.0336208001916

33	0	595.0146083218395	300.2583508259826
33	1	594.6842683504678	120.00891101305578
33	2	644.8355476664758	430.08123394337207
33	3	644.9203800296549	519.774654883172
33	4	387.1437651201064	575.0385022236723

34	0	610.014286065723	300.2711299065367
34	1	609.6743866461987	110.01767956293179
34	2	659.8278443241812	440.08558794358436
34	3	659.9181583212671	519.7707230722436
34	4	387.1259884513987	590.042216604037

35	0	625.0124070344958	300.2837671848443
35	1	624.6647197815654	100.026449035394
35	2	674.8211949156797	450.0876961744139
35	3	674.9155317618183	519.7661784925087
35	4	387.10752353108285	605.044507629172

36	0	640.0104610068255	300.2963750134024
36	1	639.6553764944751	90.03417179333343
36	2	689.8153195111473	460.08899227504503
36	3	689.9128965615628	519.7614445373551
36	4	387.0880199637148	620.0462667672856

37	0	655.0077219407561	300.3080478940773
37	1	654.6448357355677	80.04087941603855
37	2	704.8079481540425	470.09008532830154
37	3	704.9095785030382	519.757015677476
37	4	387.06787555545816	635.0490814255609

38	0	670.0046006914843	300.3188411612287
38	1	669.6328603032092	70.04757370429581
38	2	719.7997736719097	480.09090629249965
38	3	719.906038546783	519.7523456664944
38	4	387.0474456199187	650.052532807717

39	0	685.0013841210274	300.32985654674184
39	1	684.6205580561807	60.05501018329524
39	2	734.7916967175628	490.0916223621374
39	3	734.9036539140158	519.7487270479189
39	4	387.02867677461296	665.0550937255576

40	0	699.9977893536394	300.3409794427825
40	1	699.6073654436923	50.06362681432422
40	2	749.7827093006232	500.09282068737474
40	3	749.9018204829555	519.7450642554533
40	4	387.0111532236875	680.0578121821685

41	0	714.9925659127817	300.35202107152776
41	1	714.5931085512583	40.07296369200957
41	2	764.7741951358973	510.09474361046557
41	3	764.9003858935317	519.74064471338
41	4	386.99479239375466	695.0614506453105

42	0	729.985966579618	300.36352906477515
42	1	729.578218412428	30.081216084834814
42	2	779.7667839653689	520.0965881554874
42	3	779.8992464215437	519.7356787012645
42	4	386.9802497554768	710.0645878618047

43	0	744.9792282208767	300.3770896564968
43	1	744.563608149316	20.08915526294098
43	2	794.7594015824842	530.0979908028336
43	3	794.8977759130051	519.7297997135571
43	4	386.9664759617223	725.0666176713282

44	0	759.9718210945255	300.3917156334846
44	1	759.5478593864121	10.098128684963713
44	2	809.751321829001	540.0989328369893
44	3	809.896667723813	519.7237373289092
44	4	386.9521752172287	740.0681423086152

45	0	774.9636244516286	300.40591617947126
45	1	774.5309855179028	0.1078678583113378
45	2	824.7420829991541	550.100195502433
45	3	824.8962133451719	519.7180994227012
45	4	386.93757171616244	755.0694254636031

46	0	789.9549468086391	300.419796777033
46	1	789.5152090072551	-9.88209703580372
46	2	839.7319424161556	560.1021599357214
46	3	839.8962800781981	519.7132794898689
46	4	386.921855539709	770.0692668183705

47	0	804.9463823190932	300.4329408236083
47	1	804.5009558159921	-19.87202981113857
47	2	854.7219542417454	570.1032811455563
47	3	854.8971971961048	519.7093066289123
47	4	386.9050671219444	785.0678235862238

48	0	819.9373449969544	300.4460939922181
48	1	819.4876872216634	-29.86199560266452
48	2	869.7118515970268	580.1032769979719
48	3	869.898749897618	519.7047029561791
48	4	386.8884954552617	800.0667148784171

49	0	834.9276840674864	300.45999364970646
49	1	834.4739143372892	-39.85247377546631
49	2	884.7020267546254	590.1024117572059
49	3	884.9004196212288	519.699671461132
49	4	386.87164046051834	815.0665071250324

